/*--------------------------------*- C++ -*----------------------------------*\
| =========                 |                                                 |
| \\      /  F ield         | OpenFOAM: The Open Source CFD Toolbox           |
|  \\    /   O peration     | Version:  v1812                                 |
|   \\  /    A nd           | Web:      www.OpenFOAM.com                      |
|    \\/     M anipulation  |                                                 |
\*---------------------------------------------------------------------------*/
FoamFile
{
    version     2.0;
    format      ascii;
    class       volScalarField;
    location    "6.9";
    object      p;
}
// * * * * * * * * * * * * * * * * * * * * * * * * * * * * * * * * * * * * * //

dimensions      [0 2 -2 0 0 0 0];


internalField   nonuniform List<scalar> 
9600
(
-1.11615e-10
0.000758186
-0.00237691
0.00352548
0.00584952
0.00239241
0.00339116
0.00811958
0.00688967
0.00750207
0.00694642
0.00791572
0.00888713
0.00877741
0.00859712
0.00931597
0.0104686
0.011991
0.0126849
0.0155321
-1.19599e-06
0.000726587
-0.00236207
0.0035555
0.00580511
0.00236183
0.00339962
0.00812442
0.00689327
0.00749741
0.00694307
0.00792074
0.00889343
0.00877066
0.00859798
0.00931154
0.0104906
0.0119598
0.0127254
0.0153091
-4.55217e-06
0.000692733
-0.00234665
0.00358318
0.00573113
0.00233685
0.00341385
0.00812487
0.00689709
0.00748267
0.0069434
0.00792983
0.0088973
0.00876292
0.00860117
0.00930814
0.010513
0.011917
0.0127446
0.0150164
-8.60007e-06
0.000657562
-0.00232525
0.00360442
0.00564929
0.00233248
0.00343472
0.0081179
0.00690446
0.00745594
0.00694657
0.00793815
0.00889684
0.00876072
0.00860299
0.00930749
0.0105301
0.0118713
0.0127373
0.0147298
-1.30187e-05
0.000624524
-0.00229153
0.0036147
0.00556279
0.002357
0.00346646
0.00810197
0.00691927
0.00741485
0.00694942
0.00794552
0.00889515
0.00876123
0.00860395
0.00930734
0.0105433
0.0118232
0.0127073
0.0144523
-1.71732e-05
0.000599727
-0.00223903
0.00361615
0.00547624
0.00241555
0.00351135
0.0080777
0.00694316
0.00736024
0.0069518
0.00795314
0.0088937
0.00876149
0.00860601
0.00930622
0.0105544
0.0117741
0.0126556
0.0141821
-2.03497e-05
0.000587692
-0.00216564
0.00357154
0.00540105
0.00250577
0.00356845
0.00804795
0.00697579
0.007297
0.00695476
0.00796153
0.00889332
0.00876102
0.00860954
0.00930419
0.0105636
0.0117241
0.0125829
0.0139191
-2.21468e-05
0.000590172
-0.00207312
0.00350449
0.00534639
0.00261772
0.00363397
0.00801591
0.007016
0.00723105
0.00695876
0.00797107
0.00889465
0.00875967
0.00861369
0.00930186
0.0105691
0.0116727
0.0124917
0.0136621
-2.24435e-05
0.000606996
-0.00196499
0.00342463
0.00531317
0.00273889
0.00370222
0.00798327
0.00706266
0.00716686
0.00696383
0.00798179
0.00889747
0.00875713
0.00861748
0.00929938
0.0105688
0.0116207
0.0123846
0.0134083
-2.13532e-05
0.000637274
-0.00184479
0.00334167
0.00529606
0.00285866
0.00376742
0.00795013
0.00711485
0.00710703
0.00696979
0.00799294
0.00890111
0.0087534
0.00862002
0.00929673
0.0105618
0.0115684
0.0122636
0.0131553
-1.90446e-05
0.00068001
-0.00171518
0.00326336
0.00528833
0.00297049
0.00382523
0.00791594
0.0071714
0.00705253
0.00697605
0.00800364
0.00890509
0.00874875
0.00862053
0.00929408
0.0105477
0.0115149
0.012131
0.0129025
-1.5476e-05
0.000733938
-0.00157837
0.00319422
0.00528513
0.00307181
0.0038735
0.0078801
0.00723082
0.00700323
0.00698196
0.00801357
0.00890903
0.00874355
0.00861854
0.00929164
0.0105264
0.0114587
0.01199
0.0126499
-1.03757e-05
0.000797124
-0.0014364
0.00313574
0.00528372
0.00316257
0.00391236
0.00784236
0.00729161
0.00695845
0.006987
0.00802302
0.0089126
0.00873848
0.00861389
0.00928936
0.0104985
0.0113985
0.0118435
0.0123969
-3.36416e-06
0.000867166
-0.00129095
0.00308725
0.0052826
0.00324424
0.00394346
0.00780297
0.0073525
0.0069173
0.00699068
0.00803253
0.00891557
0.00873425
0.00860642
0.00928693
0.0104653
0.0113325
0.0116934
0.0121436
5.91509e-06
0.000941697
-0.00114315
0.003047
0.00528083
0.00331868
0.00396917
0.00776244
0.00741258
0.00687907
0.00699257
0.00804277
0.00891778
0.00873128
0.00859601
0.00928377
0.0104281
0.011259
0.0115411
0.0118913
1.77532e-05
0.0010188
-0.000993542
0.00301313
0.00527789
0.00338764
0.0039919
0.00772141
0.00747126
0.00684336
0.00699229
0.00805428
0.00891904
0.00872952
0.00858286
0.00927884
0.010388
0.0111771
0.0113875
0.0116419
3.23949e-05
0.00109713
-0.000842282
0.00298416
0.00527369
0.00345243
0.00401347
0.00768042
0.00752815
0.00681012
0.00698947
0.00806741
0.0089192
0.00872863
0.00856746
0.00927087
0.0103456
0.0110865
0.0112331
0.011397
5.00128e-05
0.00117577
-0.000689208
0.00295913
0.0052682
0.00351394
0.0040352
0.00764001
0.0075829
0.00677956
0.00698385
0.00808227
0.00891833
0.00872789
0.00855049
0.00925883
0.010301
0.0109879
0.0110773
0.0111581
7.08114e-05
0.00125411
-0.000534063
0.00293752
0.00526143
0.00357282
0.00405796
0.00760065
0.00763517
0.00675196
0.00697527
0.00809876
0.00891671
0.00872641
0.0085325
0.00924205
0.0102542
0.0108826
0.0109192
0.0109261
9.50048e-05
0.00133171
-0.00037666
0.00291924
0.00525351
0.00362954
0.00408214
0.00756275
0.00768466
0.00672764
0.00696363
0.0081166
0.0089149
0.00872332
0.0085136
0.00922
0.0102049
0.010772
0.0107584
0.0107019
0.000122829
0.00140821
-0.000216911
0.00290445
0.00524456
0.00368436
0.00410784
0.00752666
0.00773121
0.00670684
0.00694891
0.00813537
0.00891356
0.00871804
0.00849363
0.00919249
0.0101528
0.0106573
0.0105947
0.0104862
0.000154533
0.00148335
-5.48088e-05
0.00289347
0.00523461
0.00373756
0.00413508
0.00749269
0.00777468
0.00668974
0.00693135
0.00815452
0.00891321
0.00871031
0.00847227
0.00915943
0.010098
0.0105397
0.0104276
0.0102795
0.00019038
0.0015569
0.000109544
0.00288667
0.00522364
0.0037894
0.00416376
0.00746101
0.00781508
0.0066763
0.00691139
0.0081735
0.00891405
0.00869999
0.0084494
0.00912045
0.0100398
0.0104208
0.0102563
0.0100808
0.000230638
0.00162871
0.000275913
0.00288446
0.00521167
0.00384009
0.00419374
0.00743168
0.00785256
0.00666622
0.00688947
0.00819196
0.00891606
0.00868696
0.00842516
0.00907537
0.00997722
0.010303
0.010081
0.00988637
0.000275557
0.0016987
0.000443964
0.0028872
0.00519869
0.00388989
0.00422479
0.0074046
0.00788744
0.00665894
0.00686574
0.00820979
0.00891933
0.00867094
0.00839951
0.00902461
0.00990931
0.0101881
0.00990431
0.00969016
0.000325393
0.00176686
0.000613219
0.00289527
0.00518472
0.00393911
0.00425666
0.00737957
0.00792034
0.00665384
0.00683997
0.00822682
0.00892419
0.00865148
0.00837196
0.00896889
0.00983522
0.0100772
0.00973099
0.00948731
0.000380412
0.00183329
0.000783104
0.00290898
0.00516984
0.003988
0.00428924
0.00735626
0.00795181
0.00665103
0.00681186
0.00824268
0.00893131
0.00862829
0.00834186
0.00890927
0.00975355
0.00996924
0.00956713
0.00927892
0.000440824
0.00189814
0.000953022
0.00292868
0.00515412
0.00403662
0.00432277
0.00733422
0.00798205
0.00665089
0.00678123
0.00825669
0.00894156
0.00860144
0.00830838
0.00884766
0.00966367
0.00986008
0.00941642
0.00907368
0.000506753
0.00196175
0.00112231
0.00295466
0.0051379
0.00408498
0.00435743
0.00731295
0.00801102
0.00665383
0.00674792
0.0082677
0.00895557
0.00857153
0.00827005
0.00878601
0.00956801
0.00974519
0.00927676
0.00888261
0.00057827
0.00202457
0.00129035
0.00298706
0.00512158
0.00413301
0.00439349
0.00729228
0.00803875
0.00666014
0.00671179
0.00827432
0.00897343
0.00853975
0.00822518
0.0087244
0.00947094
0.00962434
0.00914129
0.00871032
0.000655421
0.00208709
0.00145662
0.00302596
0.00510551
0.00418057
0.00443128
0.00727216
0.00806522
0.00667008
0.006673
0.00827522
0.00899443
0.00850743
0.00817316
0.00866139
0.00937483
0.00950144
0.00900545
0.00855291
0.000738153
0.00214987
0.0016207
0.0030713
0.0050903
0.00422747
0.00447072
0.00725248
0.00809036
0.00668436
0.00663213
0.00826953
0.0090177
0.00847529
0.00811407
0.00859653
0.00927967
0.0093792
0.00887044
0.008404
0.000826341
0.00221356
0.00178228
0.0031228
0.0050767
0.00427339
0.00451147
0.00723348
0.00811387
0.0067032
0.00658983
0.00825665
0.00904257
0.00844394
0.00804747
0.00853072
0.00918653
0.00925655
0.00873881
0.00826212
0.00091989
0.00227878
0.00194125
0.00318003
0.00506546
0.00431832
0.00455324
0.00721544
0.00813549
0.00672613
0.00654656
0.00823593
0.00906848
0.00841432
0.00797208
0.00846428
0.00909975
0.00913186
0.00860853
0.00812977
0.00101869
0.00234598
0.00209775
0.0032424
0.00505724
0.00436275
0.00459543
0.00719838
0.00815576
0.00675314
0.00650208
0.00820641
0.00909508
0.00838778
0.00788629
0.00839505
0.00902495
0.00900797
0.00847386
0.00800723
0.0011226
0.00241559
0.00225218
0.00330914
0.00505249
0.00440728
0.00463725
0.00718221
0.00817554
0.00678372
0.00645582
0.00816705
0.00912222
0.00836652
0.00778932
0.00831793
0.0089646
0.00889339
0.00833084
0.00788869
0.00123155
0.00248785
0.00240517
0.00337973
0.00505148
0.00445285
0.00467786
0.00716627
0.00819559
0.00681823
0.00640775
0.00811675
0.00914913
0.00835361
0.00768226
0.0082271
0.00891651
0.00879788
0.00818162
0.0077654
0.00134559
0.00256285
0.0025576
0.00345404
0.00505393
0.00450079
0.00471688
0.00714942
0.00821644
0.00685763
0.00635801
0.00805347
0.00917402
0.00835263
0.00756838
0.00811764
0.00887526
0.00872856
0.00803417
0.00763005
0.00146478
0.00266552
0.00271052
0.00353228
0.00505963
0.0045524
0.00475461
0.00713021
0.00823805
0.00690318
0.00630701
0.0079745
0.009194
0.00836745
0.00745309
0.0079848
0.00883272
0.00868958
0.00790014
0.00747855
0.00158902
0.00274495
0.00286477
0.00361511
0.00507706
0.00460867
0.00479182
0.00710699
0.0082596
0.00695621
0.00625678
0.00787762
0.0092042
0.00840108
0.00734477
0.00782527
0.00877759
0.00868206
0.00779486
0.00731214
0.00171867
0.00282442
0.00302031
0.00370357
0.0050825
0.00466994
0.00483005
0.00707856
0.00827907
0.00701915
0.00621153
0.00776187
0.00919763
0.00845346
0.00725402
0.0076408
0.00869605
0.00869996
0.00773531
0.00714203
0.00185419
0.00290397
0.00317656
0.00379927
0.00508701
0.00473556
0.00487119
0.00704481
0.00829398
0.00709241
0.00617524
0.00762877
0.00916671
0.00851983
0.00719176
0.00744063
0.00857604
0.00872698
0.00773295
0.0069925
0.00199591
0.00298376
0.00333255
0.00390419
0.00509087
0.00480382
0.0049176
0.00700601
0.00830185
0.00717451
0.00615285
0.00748341
0.00910504
0.00859145
0.00716565
0.00723863
0.00841333
0.00874266
0.00778533
0.0068928
0.00214412
0.003064
0.00348642
0.00402007
0.00509497
0.0048738
0.00497183
0.00696349
0.00833585
0.00726259
0.00614961
0.00733184
0.00900977
0.00865863
0.00717745
0.00704827
0.00821233
0.00873091
0.00787548
0.00686288
0.00229901
0.00314525
0.00363589
0.0041481
0.00510177
0.0049391
0.00503456
0.00691926
0.00833176
0.00735326
0.00616779
0.00718026
0.00888323
0.00871233
0.00722427
0.00688178
0.0079808
0.00868289
0.00798311
0.00690419
0.00246072
0.00322851
0.00377829
0.00428846
0.00511535
0.00499683
0.00510433
0.00687702
0.00830415
0.00744032
0.00620695
0.0070363
0.00873051
0.00874486
0.00729946
0.00675078
0.00772867
0.00859262
0.00809203
0.00700323
0.00262916
0.00331518
0.00391118
0.00443959
0.00514064
0.00504563
0.00517815
0.00684057
0.00826023
0.00751549
0.0062634
0.00690811
0.00855915
0.00875186
0.00739308
0.00666389
0.00747148
0.00845484
0.00818769
0.00714343
0.00280401
0.0034069
0.00403302
0.00459854
0.0051821
0.0050854
0.00525172
0.00681261
0.00818252
0.00757414
0.00633274
0.00679973
0.00837916
0.0087346
0.00749458
0.00662168
0.00722778
0.00827028
0.00825308
0.00731013
0.00298474
0.00350545
0.00414325
0.00476071
0.00524376
0.0051177
0.00531851
0.00679491
0.00808287
0.00761854
0.00640617
0.00670927
0.00819777
0.00869634
0.00759771
0.00661898
0.00701143
0.00804941
0.00827247
0.00748816
0.00317052
0.00361286
0.00424233
0.00492037
0.00532815
0.00514763
0.00537175
0.00678738
0.00803641
0.00765123
0.00647825
0.00663624
0.00801713
0.00863897
0.00770074
0.00665223
0.00682991
0.00780679
0.00823684
0.00765925
0.00336015
0.00373076
0.00433189
0.00507213
0.00543535
0.00518282
0.00540777
0.00678348
0.00800062
0.00767828
0.0065482
0.00657767
0.00783964
0.00856209
0.00779907
0.00671946
0.00668943
0.00755671
0.00814547
0.00780454
0.0035523
0.00386041
0.00441518
0.00521075
0.00556244
0.00523202
0.00542616
0.00677249
0.00798557
0.00771213
0.00661888
0.00653069
0.0076675
0.00846628
0.00788455
0.0068146
0.0065969
0.00731595
0.00800452
0.00790721
0.0037455
0.00400256
0.00449673
0.00533178
0.00570326
0.00530341
0.00543094
0.00674339
0.00797796
0.00776085
0.00669603
0.00649596
0.00750034
0.00835311
0.00795242
0.00692825
0.0065551
0.00710343
0.00782711
0.00795372
0.00393865
0.00415732
0.00458122
0.00543237
0.00584926
0.00540234
0.00543108
0.00668964
0.00796334
0.00782595
0.00678958
0.00647785
0.00733805
0.00822211
0.00800086
0.00705304
0.00655867
0.00693228
0.00763381
0.00794
0.00413062
0.00432401
0.004674
0.00551161
0.00599007
0.00553066
0.00543906
0.00660949
0.00792869
0.00790451
0.00690725
0.00648274
0.00718709
0.00807207
0.00802492
0.00718392
0.00660088
0.00680616
0.00744536
0.00787558
0.0043214
0.0045
0.00477849
0.00557155
0.0061154
0.00568615
0.00547005
0.00650754
0.0078637
0.00799004
0.00705022
0.0065181
0.00705601
0.00790789
0.00801697
0.00731277
0.00667839
0.00672516
0.00727624
0.00777927
0.00451156
0.00468506
0.00489532
0.00561395
0.0062172
0.00586075
0.0055387
0.00640044
0.00776001
0.00806286
0.00721608
0.00658847
0.00695202
0.0077408
0.00797454
0.00742656
0.00678545
0.0066905
0.00713471
0.00767043
0.00470028
0.0048804
0.00502528
0.00564252
0.00629197
0.00604161
0.00564941
0.0063113
0.00762188
0.0081005
0.00739676
0.00669713
0.00688176
0.00758007
0.00790374
0.00751351
0.00691031
0.00670292
0.00702592
0.00756184
0.00488569
0.00507034
0.00517146
0.00567738
0.00634193
0.00621287
0.00579598
0.00625504
0.00745214
0.00809116
0.00757157
0.00684108
0.00685376
0.00743328
0.00781241
0.00757017
0.00703774
0.00675856
0.00695605
0.00745952
0.0050672
0.0052568
0.00533227
0.00572381
0.00637042
0.00636418
0.00596617
0.00624066
0.00729582
0.00803896
0.00772063
0.00701314
0.00687467
0.00731179
0.00770695
0.00759737
0.00715534
0.00684699
0.00693259
0.00737077
0.00524588
0.0054384
0.00550214
0.005785
0.00638624
0.006491
0.00614745
0.00627163
0.00716187
0.00795029
0.00783018
0.00719699
0.00694093
0.00722976
0.00759824
0.00759569
0.00725571
0.00695307
0.00695712
0.00731083
0.00542221
0.00561274
0.00567522
0.00586478
0.00639869
0.00659193
0.00632654
0.0063434
0.00706012
0.00783699
0.00789463
0.00737551
0.00704394
0.00719364
0.00750311
0.0075712
0.00733396
0.00706107
0.00701821
0.00729303
0.00559617
0.00578017
0.00584782
0.00596172
0.00641448
0.00666898
0.00649419
0.0064461
0.00699852
0.0077208
0.00791765
0.0075359
0.0071741
0.00719996
0.00743502
0.00753734
0.00738988
0.00716116
0.00709777
0.00731574
0.00576782
0.00594216
0.00601469
0.0060723
0.00643976
0.00672757
0.00664466
0.00656878
0.0069783
0.00761932
0.00790844
0.00766825
0.00732136
0.00724698
0.00739881
0.00750721
0.00743036
0.00725267
0.00718398
0.00736619
0.00593658
0.0060967
0.00617452
0.00619362
0.00647825
0.00677358
0.00677476
0.00670151
0.00699666
0.00754256
0.00788017
0.00776785
0.00747172
0.00733212
0.00739801
0.00748807
0.00746136
0.0073378
0.00727569
0.00743284
0.00610127
0.00624767
0.00632642
0.0063202
0.00653024
0.00681288
0.00688426
0.00683557
0.00704734
0.00749821
0.00784854
0.00784082
0.00761151
0.00744385
0.00743656
0.00748878
0.00748859
0.00741529
0.0073719
0.00751203
0.00626093
0.00638994
0.00646917
0.00644988
0.00659691
0.00685182
0.0069753
0.00696438
0.00712126
0.00748847
0.00782711
0.00789718
0.0077382
0.00756865
0.007512
0.00752188
0.00752271
0.00748661
0.00746984
0.0076037
0.0064161
0.00653022
0.00660078
0.00657417
0.00667438
0.00689463
0.00705185
0.0070852
0.00721858
0.00750947
0.00782398
0.00794804
0.00785766
0.00770236
0.00761668
0.00759253
0.00757709
0.00755833
0.00756711
0.00770374
0.00656321
0.0066646
0.0067247
0.00669433
0.00675963
0.00694265
0.00711713
0.00719316
0.00732195
0.00755928
0.00784282
0.0080001
0.00797342
0.00784769
0.00774591
0.00769859
0.00766515
0.007644
0.00766797
0.00781049
0.0066994
0.00678664
0.00684249
0.0068109
0.0068493
0.00699734
0.00717633
0.00728795
0.00742479
0.00762954
0.00788471
0.00806052
0.00808832
0.00800652
0.00790479
0.00784137
0.00779598
0.00776163
0.00778366
0.00792641
0.00682933
0.00690951
0.00694748
0.00691071
0.00693631
0.00705814
0.00723509
0.00737175
0.00751992
0.0077089
0.00794813
0.0081369
0.0082086
0.00817912
0.00809917
0.00802916
0.00797884
0.00793393
0.00793791
0.00806251
0.00694538
0.00701965
0.00704503
0.00700324
0.00702029
0.00712115
0.00729595
0.00744726
0.00760977
0.0077906
0.0080245
0.00823018
0.00833991
0.00836394
0.00832707
0.00826811
0.00822536
0.00819332
0.00818937
0.00828536
0.00704602
0.00711845
0.00713888
0.00708823
0.00709105
0.0071711
0.00732403
0.00751111
0.00769646
0.00787783
0.00811273
0.00832803
0.00846435
0.00853035
0.00854434
0.00851122
0.00848735
0.00849905
0.00855389
0.00869314
0.00713187
0.00721267
0.00722813
0.00717337
0.0071755
0.00723608
0.00734495
0.00750671
0.00772751
0.00798893
0.00828821
0.00858059
0.00880624
0.00894869
0.00902115
0.00899506
0.00888508
0.00875666
0.00866759
0.00868328
0.00719466
0.00724431
0.00724577
0.00720996
0.00724884
0.00732687
0.00748608
0.00759174
0.00765917
0.00774469
0.0079647
0.00833635
0.00877858
0.00912686
0.00938623
0.00963661
0.00992776
0.0102684
0.0106005
0.0108447
0.00729782
0.00738797
0.00737902
0.00729172
0.0072846
0.00730921
0.00739377
0.00759214
0.00795476
0.00838578
0.00879349
0.0090369
0.0092391
0.00941924
0.00958237
0.00974077
0.00988218
0.0100453
0.0102311
0.0103738
0.00714143
0.00719396
0.0073222
0.00740954
0.00750798
0.00759259
0.00771554
0.00786671
0.00804079
0.00818577
0.00837856
0.00864551
0.00889644
0.00920862
0.00954116
0.00991574
0.0103307
0.0107384
0.0111013
0.0113451
0.00737981
0.00749893
0.00754367
0.00751308
0.00756919
0.00766871
0.00782003
0.00799312
0.00823572
0.00852019
0.00887049
0.00918825
0.0094282
0.00957731
0.00963026
0.00959078
0.00949608
0.00933832
0.00916471
0.00903237
0.00716878
0.00725929
0.00745391
0.00760195
0.00772291
0.00782288
0.00795826
0.00809779
0.00826507
0.0084682
0.00864247
0.00890561
0.00918051
0.00946781
0.00981148
0.0101815
0.0105676
0.0109362
0.0112325
0.0113833
0.00732276
0.00746222
0.00765918
0.00775316
0.00785207
0.00794205
0.00806293
0.00820487
0.00840682
0.00870313
0.00901993
0.00928734
0.00953199
0.00972035
0.00989456
0.0100712
0.0102505
0.0104271
0.010563
0.0105957
0.0185135
0.0136852
0.00690426
0.00204305
0.00115238
0.00252317
0.00409798
0.00523876
0.00601157
0.00664038
0.00724697
0.00776645
0.00812395
0.00844755
0.00885606
0.00926514
0.0095861
0.0098908
0.0103015
0.0108314
0.0113517
0.0117476
0.0120515
0.0123946
0.0128488
0.0133302
0.0137237
0.0140761
0.0144906
0.0149201
0.0152929
0.0157014
0.0162106
0.0167586
0.0172986
0.0178369
0.0183673
0.0188682
0.0193541
0.019834
0.0203002
0.0207645
0.0212316
0.0216857
0.0221576
0.0226839
0.0232368
0.0237686
0.0242957
0.0248779
0.0254835
0.0260686
0.0266682
0.0273471
0.0280313
0.0286437
0.0292043
0.0297656
0.0303736
0.031064
0.0318138
0.0325724
0.0333307
0.0340668
0.0348033
0.0355332
0.0362592
0.0370198
0.0378338
0.0386278
0.0394523
0.040306
0.0411648
0.042019
0.0429095
0.0438292
0.0447649
0.0457227
0.0466924
0.047694
0.0486966
0.0497668
0.0508251
0.0519019
0.0529982
0.0541366
0.0553105
0.0564684
0.0576408
0.0588139
0.0600112
0.0612888
0.0625342
0.0638287
0.0651067
0.0663932
0.0676697
0.0688928
0.0700174
0.0709798
0.0179433
0.0135637
0.00699611
0.00219259
0.0012397
0.0025646
0.00412489
0.00525791
0.00602501
0.00665024
0.00725502
0.00777361
0.0081302
0.00845287
0.0088609
0.00926965
0.00959005
0.00989406
0.0103043
0.0108339
0.0113542
0.01175
0.0120535
0.0123962
0.0128503
0.0133317
0.0137251
0.0140773
0.0144917
0.0149212
0.015294
0.0157023
0.0162114
0.0167594
0.0172994
0.0178377
0.0183681
0.018869
0.0193548
0.0198348
0.0203009
0.0207652
0.0212323
0.0216864
0.0221582
0.0226845
0.0232374
0.0237692
0.0242962
0.0248784
0.025484
0.0260691
0.0266686
0.0273475
0.0280317
0.0286441
0.0292047
0.029766
0.0303739
0.0310643
0.0318141
0.0325727
0.033331
0.034067
0.0348036
0.0355334
0.0362595
0.03702
0.037834
0.038628
0.0394525
0.0403062
0.0411649
0.0420192
0.0429097
0.0438294
0.0447651
0.0457229
0.0466925
0.0476942
0.0486967
0.0497669
0.0508253
0.051902
0.0529983
0.0541367
0.0553107
0.0564685
0.0576409
0.058814
0.0600113
0.0612889
0.0625343
0.0638288
0.0651068
0.0663933
0.0676698
0.0688929
0.0700174
0.0709798
0.0173622
0.0134106
0.00715959
0.00246137
0.00139003
0.00261662
0.00414929
0.00527843
0.0060431
0.00666452
0.00726564
0.00778177
0.00813677
0.00845838
0.00886578
0.00927408
0.00959399
0.00989746
0.0103072
0.0108365
0.0113566
0.0117522
0.0120555
0.0123978
0.0128517
0.0133331
0.0137264
0.0140783
0.0144927
0.0149223
0.0152948
0.0157029
0.0162122
0.0167602
0.0173002
0.0178384
0.0183688
0.0188696
0.0193555
0.0198354
0.0203016
0.0207658
0.0212329
0.0216869
0.0221587
0.022685
0.0232379
0.0237697
0.0242966
0.0248788
0.0254844
0.0260695
0.026669
0.0273478
0.0280321
0.0286445
0.029205
0.0297662
0.0303742
0.0310645
0.0318144
0.032573
0.0333313
0.0340673
0.0348038
0.0355336
0.0362596
0.0370201
0.0378342
0.0386282
0.0394526
0.0403063
0.0411651
0.0420193
0.0429098
0.0438295
0.0447652
0.045723
0.0466927
0.0476943
0.0486969
0.049767
0.0508254
0.0519021
0.0529984
0.0541368
0.0553108
0.0564686
0.057641
0.0588141
0.0600114
0.061289
0.0625344
0.0638289
0.0651069
0.0663934
0.0676699
0.0688929
0.0700175
0.0709798
0.0168085
0.013259
0.00737207
0.00280728
0.00160055
0.00269085
0.00418348
0.00530862
0.00607092
0.00668643
0.00728091
0.00779257
0.0081457
0.00846631
0.0088724
0.00927951
0.009599
0.0099024
0.0103116
0.01084
0.0113595
0.011755
0.0120582
0.0124003
0.0128537
0.0133348
0.0137279
0.0140797
0.014494
0.0149234
0.0152957
0.0157036
0.0162129
0.016761
0.017301
0.0178392
0.0183696
0.0188703
0.0193562
0.0198361
0.0203022
0.0207664
0.0212335
0.0216875
0.0221592
0.0226855
0.0232384
0.0237702
0.0242971
0.0248792
0.0254849
0.0260699
0.0266693
0.0273482
0.0280326
0.028645
0.0292054
0.0297665
0.0303744
0.0310647
0.0318146
0.0325732
0.0333315
0.0340675
0.034804
0.0355339
0.0362598
0.0370203
0.0378344
0.0386283
0.0394528
0.0403065
0.0411653
0.0420195
0.04291
0.0438297
0.0447654
0.0457231
0.0466928
0.0476944
0.048697
0.0497671
0.0508255
0.0519023
0.0529985
0.0541369
0.0553109
0.0564687
0.0576411
0.0588142
0.0600115
0.0612891
0.0625344
0.063829
0.065107
0.0663934
0.06767
0.0688931
0.0700177
0.0709799
0.0162712
0.0131053
0.00760109
0.00317904
0.00183756
0.00277731
0.00422322
0.00534609
0.00610771
0.00671631
0.00730152
0.00780671
0.00815791
0.00847804
0.00888214
0.0092869
0.00960588
0.00990988
0.0103185
0.0108449
0.0113628
0.0117585
0.0120625
0.0124046
0.012857
0.0133372
0.0137301
0.0140818
0.0144959
0.0149249
0.0152967
0.0157044
0.0162137
0.0167619
0.017302
0.0178401
0.0183703
0.018871
0.0193569
0.019837
0.020303
0.020767
0.021234
0.0216881
0.0221598
0.0226861
0.023239
0.0237708
0.0242976
0.0248797
0.0254854
0.0260703
0.0266697
0.0273486
0.0280331
0.0286455
0.0292058
0.0297668
0.0303746
0.031065
0.031815
0.0325735
0.0333318
0.0340678
0.0348043
0.0355341
0.03626
0.0370205
0.0378346
0.0386285
0.0394529
0.0403067
0.0411654
0.0420196
0.0429101
0.0438298
0.0447655
0.0457233
0.0466929
0.0476945
0.0486971
0.0497673
0.0508256
0.0519024
0.0529987
0.054137
0.055311
0.0564688
0.0576412
0.0588143
0.0600116
0.0612892
0.0625345
0.0638291
0.0651071
0.0663935
0.0676701
0.0688932
0.070018
0.07098
0.0157505
0.0129403
0.00782287
0.00355464
0.0020882
0.00287036
0.00426391
0.00538631
0.00614955
0.00675108
0.00732537
0.00782289
0.00817267
0.00849333
0.00889524
0.00929677
0.00961513
0.00992034
0.0103283
0.0108513
0.0113664
0.0117624
0.0120685
0.012411
0.0128619
0.0133405
0.0137332
0.0140852
0.0144989
0.0149271
0.0152982
0.0157055
0.0162145
0.0167628
0.017303
0.017841
0.018371
0.0188717
0.0193578
0.019838
0.0203039
0.0207677
0.0212346
0.0216888
0.0221605
0.0226867
0.0232396
0.0237714
0.0242982
0.0248803
0.0254859
0.0260708
0.0266702
0.0273491
0.0280336
0.028646
0.0292063
0.0297672
0.0303748
0.0310652
0.0318153
0.0325739
0.0333322
0.0340682
0.0348047
0.0355344
0.0362603
0.0370207
0.0378348
0.0386288
0.0394531
0.0403069
0.0411656
0.0420198
0.0429103
0.04383
0.0447657
0.0457234
0.046693
0.0476947
0.0486972
0.0497674
0.0508258
0.0519025
0.0529988
0.0541371
0.0553111
0.056469
0.0576413
0.0588144
0.0600117
0.0612893
0.0625346
0.0638292
0.0651072
0.0663936
0.0676703
0.0688935
0.0700184
0.0709802
0.0152491
0.012758
0.00802681
0.00392923
0.00235281
0.00297158
0.00430539
0.00542779
0.0061947
0.00678907
0.00735112
0.00784009
0.00818878
0.00851084
0.00891083
0.00930888
0.0096267
0.00993356
0.0103407
0.0108591
0.0113702
0.0117665
0.0120757
0.0124195
0.0128682
0.0133446
0.0137374
0.0140901
0.0145033
0.0149303
0.0153006
0.0157072
0.0162157
0.0167638
0.0173041
0.0178419
0.0183715
0.0188721
0.0193586
0.0198392
0.020305
0.0207684
0.0212352
0.0216896
0.0221615
0.0226875
0.0232402
0.023772
0.024299
0.024881
0.0254865
0.0260714
0.0266708
0.0273497
0.0280342
0.0286467
0.0292068
0.0297675
0.0303751
0.0310655
0.0318158
0.0325743
0.0333326
0.0340686
0.0348051
0.0355348
0.0362606
0.037021
0.0378351
0.038629
0.0394534
0.0403071
0.0411658
0.04202
0.0429104
0.0438301
0.0447658
0.0457236
0.0466932
0.0476948
0.0486973
0.0497675
0.0508259
0.0519026
0.0529989
0.0541372
0.0553113
0.0564691
0.0576414
0.0588145
0.0600118
0.0612894
0.0625348
0.0638293
0.0651074
0.0663938
0.0676705
0.0688938
0.070019
0.0709805
0.0147684
0.0125575
0.00821031
0.00430315
0.00263414
0.00308404
0.00434839
0.00546982
0.00624247
0.00683
0.00737882
0.00785832
0.00820574
0.00852956
0.00892794
0.00932258
0.00964004
0.00994883
0.010355
0.010868
0.0113742
0.0117708
0.0120838
0.0124293
0.0128756
0.0133493
0.0137422
0.0140962
0.014509
0.0149347
0.015304
0.0157098
0.0162174
0.0167651
0.0173053
0.0178427
0.0183717
0.0188722
0.0193592
0.0198405
0.0203064
0.0207693
0.021236
0.0216906
0.0221627
0.0226884
0.0232408
0.0237728
0.0242999
0.0248817
0.025487
0.026072
0.0266715
0.0273504
0.0280349
0.0286475
0.0292075
0.029768
0.0303754
0.0310659
0.0318162
0.0325748
0.0333331
0.0340691
0.0348055
0.0355352
0.036261
0.0370213
0.0378355
0.0386294
0.0394537
0.0403074
0.0411661
0.0420202
0.0429106
0.0438304
0.044766
0.0457238
0.0466933
0.047695
0.0486975
0.0497677
0.0508261
0.0519027
0.052999
0.0541373
0.0553114
0.0564693
0.0576416
0.0588147
0.0600119
0.0612896
0.0625349
0.0638294
0.0651076
0.0663939
0.0676708
0.0688943
0.0700198
0.0709809
0.0143106
0.0123439
0.00837426
0.00467529
0.00293219
0.00320925
0.00439333
0.00551167
0.0062924
0.00687396
0.00740876
0.00787779
0.00822347
0.00854911
0.00894604
0.00933733
0.00965453
0.00996545
0.0103707
0.0108779
0.0113786
0.0117753
0.0120924
0.0124399
0.0128837
0.0133544
0.0137476
0.0141031
0.0145156
0.01494
0.0153086
0.0157135
0.0162199
0.0167668
0.0173068
0.0178436
0.0183717
0.0188718
0.0193595
0.0198417
0.0203078
0.0207703
0.0212368
0.021692
0.0221644
0.0226897
0.0232416
0.0237738
0.0243012
0.0248827
0.0254875
0.0260726
0.0266723
0.027351
0.0280355
0.0286483
0.0292084
0.0297687
0.0303758
0.0310663
0.0318167
0.0325753
0.0333335
0.0340697
0.0348061
0.0355357
0.0362615
0.0370218
0.0378359
0.0386298
0.0394541
0.0403078
0.0411664
0.0420205
0.0429109
0.0438306
0.0447662
0.045724
0.0466935
0.0476952
0.0486976
0.0497678
0.0508263
0.0519029
0.0529992
0.0541375
0.0553116
0.0564694
0.0576417
0.0588148
0.060012
0.0612897
0.062535
0.0638296
0.0651078
0.0663941
0.0676711
0.0688949
0.0700209
0.0709814
0.0138794
0.0121244
0.00851823
0.00504118
0.00324436
0.00334809
0.00444078
0.00555266
0.00634379
0.00692084
0.00744106
0.00789862
0.00824206
0.0085695
0.008965
0.00935284
0.00966977
0.00998298
0.0103874
0.0108887
0.0113836
0.01178
0.0121013
0.012451
0.0128923
0.0133598
0.0137532
0.0141104
0.0145227
0.0149459
0.015314
0.0157181
0.0162231
0.0167691
0.0173086
0.0178447
0.0183715
0.018871
0.0193593
0.0198425
0.0203091
0.0207713
0.0212377
0.0216936
0.0221665
0.0226913
0.0232425
0.023775
0.0243028
0.0248839
0.0254882
0.0260732
0.026673
0.0273515
0.028036
0.0286492
0.0292095
0.0297696
0.0303764
0.0310669
0.0318173
0.0325757
0.0333339
0.0340703
0.0348067
0.0355363
0.0362621
0.0370223
0.0378364
0.0386304
0.0394547
0.0403083
0.0411669
0.0420209
0.0429113
0.043831
0.0447665
0.0457242
0.0466938
0.0476954
0.0486978
0.049768
0.0508264
0.051903
0.0529993
0.0541376
0.0553118
0.0564696
0.0576418
0.0588149
0.0600121
0.0612899
0.0625352
0.0638297
0.065108
0.0663943
0.0676715
0.0688958
0.0700222
0.0709821
0.0134774
0.0119039
0.00864033
0.00539566
0.00356771
0.00350153
0.00449153
0.005592
0.00639563
0.0069703
0.00747583
0.00792108
0.00826177
0.00859086
0.00898481
0.009369
0.0096856
0.0100013
0.0104051
0.0109004
0.0113891
0.0117851
0.0121105
0.0124626
0.0129013
0.0133655
0.0137591
0.014118
0.0145301
0.0149521
0.0153198
0.0157235
0.016227
0.0167718
0.0173108
0.0178459
0.0183714
0.0188701
0.0193586
0.019843
0.0203102
0.0207722
0.0212387
0.0216956
0.0221691
0.0226933
0.0232437
0.0237764
0.0243047
0.0248854
0.025489
0.026074
0.0266738
0.0273517
0.028036
0.0286497
0.0292105
0.0297706
0.0303774
0.0310678
0.0318181
0.0325762
0.0333343
0.0340707
0.0348073
0.0355369
0.0362628
0.037023
0.037837
0.038631
0.0394553
0.0403089
0.0411674
0.0420215
0.0429118
0.0438314
0.0447669
0.0457246
0.046694
0.0476956
0.048698
0.0497682
0.0508266
0.0519032
0.0529995
0.0541377
0.055312
0.0564698
0.057642
0.0588151
0.0600123
0.06129
0.0625354
0.0638299
0.0651084
0.0663944
0.067672
0.0688969
0.0700238
0.0709829
0.0131039
0.0116856
0.00874007
0.00573482
0.003899
0.00367003
0.00454654
0.00562924
0.00644701
0.00702207
0.00751333
0.00794551
0.00828285
0.00861335
0.00900555
0.00938582
0.00970202
0.0100205
0.0104239
0.0109131
0.0113952
0.0117906
0.0121201
0.0124746
0.0129108
0.0133716
0.0137652
0.0141258
0.0145376
0.0149584
0.015326
0.0157293
0.0162314
0.0167749
0.0173132
0.0178473
0.0183713
0.018869
0.0193578
0.0198431
0.0203109
0.0207728
0.0212396
0.0216976
0.022172
0.0226955
0.0232451
0.0237781
0.0243069
0.0248871
0.0254901
0.0260751
0.0266748
0.0273518
0.0280356
0.0286498
0.0292111
0.0297715
0.0303785
0.0310691
0.0318192
0.0325768
0.0333344
0.034071
0.0348077
0.0355374
0.0362635
0.0370237
0.0378377
0.0386318
0.0394561
0.0403096
0.0411681
0.0420222
0.0429124
0.043832
0.0447675
0.0457251
0.0466944
0.047696
0.0486983
0.0497685
0.0508268
0.0519033
0.0529996
0.0541379
0.0553122
0.05647
0.0576421
0.0588152
0.0600124
0.0612902
0.0625356
0.06383
0.0651087
0.0663947
0.0676726
0.0688982
0.0700258
0.0709839
0.0127559
0.0114728
0.00881912
0.00605522
0.00423423
0.00385382
0.00460761
0.00566475
0.00649733
0.00707584
0.00755373
0.00797217
0.00830543
0.00863704
0.00902729
0.00940338
0.0097191
0.0100405
0.0104437
0.0109267
0.011402
0.0117964
0.0121302
0.0124872
0.0129207
0.0133779
0.0137716
0.0141339
0.0145454
0.0149648
0.0153324
0.0157356
0.0162364
0.0167784
0.0173158
0.0178488
0.0183714
0.018868
0.0193567
0.0198429
0.0203114
0.0207733
0.0212404
0.0216998
0.0221751
0.022698
0.0232467
0.0237799
0.0243093
0.0248891
0.0254914
0.0260765
0.026676
0.0273518
0.0280347
0.0286493
0.0292112
0.0297721
0.0303796
0.0310708
0.0318209
0.0325778
0.0333346
0.0340711
0.0348078
0.0355377
0.0362641
0.0370244
0.0378384
0.0386326
0.039457
0.0403103
0.0411688
0.042023
0.0429133
0.0438328
0.0447682
0.0457257
0.0466949
0.0476964
0.0486987
0.0497688
0.0508271
0.0519035
0.0529998
0.054138
0.0553125
0.0564703
0.0576423
0.0588154
0.0600126
0.0612903
0.0625358
0.0638302
0.0651091
0.0663949
0.0676732
0.0688999
0.0700281
0.0709851
0.0124303
0.0112689
0.00887953
0.00635326
0.00456961
0.00405371
0.00467745
0.00569947
0.00654599
0.00713106
0.00759701
0.00800123
0.00832965
0.00866202
0.00905013
0.00942177
0.00973687
0.0100613
0.0104645
0.0109413
0.0114096
0.0118028
0.0121407
0.0125003
0.0129311
0.0133845
0.0137782
0.0141423
0.0145534
0.0149715
0.0153391
0.0157426
0.0162421
0.0167824
0.0173187
0.0178504
0.0183715
0.0188669
0.0193557
0.0198426
0.0203118
0.0207737
0.0212412
0.021702
0.0221783
0.0227008
0.0232484
0.0237818
0.0243118
0.0248913
0.0254929
0.026078
0.0266774
0.0273518
0.0280335
0.0286482
0.0292107
0.0297721
0.0303805
0.0310726
0.0318231
0.0325792
0.0333349
0.034071
0.0348077
0.0355377
0.0362646
0.0370251
0.037839
0.0386334
0.039458
0.0403111
0.0411695
0.0420239
0.0429143
0.0438338
0.044769
0.0457264
0.0466956
0.047697
0.0486992
0.0497693
0.0508275
0.0519037
0.0529999
0.0541381
0.0553127
0.0564705
0.0576425
0.0588156
0.0600127
0.0612904
0.0625359
0.0638303
0.0651096
0.0663951
0.0676739
0.0689019
0.0700307
0.0709865
0.012124
0.0110757
0.00892316
0.00662661
0.00490251
0.00427077
0.00475887
0.00573455
0.00659246
0.00718703
0.00764309
0.00803292
0.00835571
0.00868841
0.00907416
0.00944108
0.00975543
0.0100831
0.0104866
0.0109572
0.0114179
0.0118097
0.0121517
0.0125139
0.012942
0.0133915
0.0137851
0.014151
0.0145617
0.0149784
0.0153464
0.0157504
0.0162486
0.0167869
0.0173217
0.0178522
0.0183717
0.018866
0.0193546
0.0198423
0.0203122
0.0207741
0.0212421
0.0217043
0.0221818
0.0227036
0.0232503
0.0237838
0.0243145
0.0248936
0.0254945
0.0260798
0.026679
0.0273517
0.028032
0.0286467
0.0292097
0.0297716
0.0303809
0.0310743
0.0318254
0.032581
0.0333354
0.0340708
0.0348073
0.0355374
0.0362649
0.0370257
0.0378396
0.0386343
0.039459
0.0403118
0.0411702
0.0420248
0.0429155
0.043835
0.0447701
0.0457274
0.0466964
0.0476977
0.0486998
0.0497698
0.050828
0.0519041
0.0530001
0.0541381
0.0553128
0.0564708
0.0576428
0.0588159
0.0600129
0.0612905
0.0625361
0.0638304
0.0651101
0.0663954
0.0676747
0.0689041
0.0700336
0.0709881
0.0118335
0.0108932
0.00895285
0.00687514
0.00523069
0.00450505
0.00485438
0.00577168
0.00663656
0.00724304
0.00769174
0.00806738
0.00838382
0.00871634
0.00909945
0.00946138
0.00977485
0.010106
0.0105099
0.0109742
0.0114271
0.0118171
0.0121632
0.0125282
0.0129534
0.0133987
0.0137922
0.01416
0.0145703
0.0149857
0.0153544
0.0157593
0.0162561
0.0167921
0.0173251
0.017854
0.0183719
0.0188652
0.0193536
0.019842
0.0203126
0.0207746
0.0212429
0.0217067
0.0221854
0.0227067
0.0232522
0.0237859
0.0243172
0.024896
0.0254961
0.0260816
0.0266806
0.0273517
0.0280302
0.0286432
0.0292083
0.0297708
0.030381
0.0310757
0.0318277
0.0325829
0.0333359
0.0340705
0.0348067
0.035537
0.0362651
0.0370262
0.0378402
0.0386353
0.0394601
0.0403126
0.0411708
0.0420257
0.0429166
0.0438363
0.0447713
0.0457284
0.0466974
0.0476986
0.0487006
0.0497704
0.0508286
0.0519046
0.0530004
0.0541381
0.0553129
0.056471
0.0576431
0.0588162
0.0600132
0.0612906
0.0625363
0.0638304
0.0651106
0.0663956
0.0676756
0.0689066
0.0700369
0.0709898
0.0115559
0.0107209
0.0089726
0.00709989
0.00555118
0.00475502
0.00496631
0.00581327
0.00667863
0.00729829
0.0077424
0.00810461
0.00841422
0.008746
0.0091261
0.00948275
0.00979525
0.01013
0.0105346
0.0109924
0.0114372
0.0118251
0.0121753
0.0125431
0.0129654
0.0134063
0.0137996
0.0141693
0.0145793
0.0149936
0.0153633
0.0157693
0.0162646
0.0167978
0.0173287
0.017856
0.0183722
0.0188644
0.0193527
0.0198418
0.0203131
0.0207751
0.0212438
0.0217092
0.0221891
0.0227098
0.0232542
0.0237881
0.0243201
0.0248985
0.0254979
0.0260836
0.0266824
0.0273517
0.0280281
0.0286408
0.0292066
0.0297699
0.0303811
0.0310769
0.0318298
0.0325848
0.0333365
0.03407
0.0348059
0.0355364
0.0362653
0.0370267
0.0378408
0.0386362
0.0394612
0.0403134
0.0411714
0.0420265
0.0429178
0.0438377
0.0447726
0.0457295
0.0466985
0.0476996
0.0487015
0.0497711
0.0508292
0.0519053
0.0530008
0.0541381
0.0553128
0.056471
0.0576433
0.0588167
0.0600137
0.0612907
0.0625364
0.0638303
0.0651111
0.0663959
0.0676765
0.0689094
0.0700403
0.0709917
0.0112895
0.0105586
0.00898613
0.00730209
0.00586059
0.005018
0.00509675
0.00586207
0.00671932
0.00735189
0.00779425
0.00814449
0.00844717
0.00877769
0.00915426
0.00950527
0.00981669
0.0101552
0.0105607
0.0110119
0.0114481
0.0118337
0.012188
0.0125588
0.012978
0.0134142
0.0138072
0.014179
0.0145887
0.0150021
0.0153731
0.0157804
0.016274
0.016804
0.0173325
0.017858
0.0183726
0.0188637
0.0193518
0.0198417
0.0203137
0.0207757
0.0212448
0.0217117
0.0221929
0.0227132
0.0232563
0.0237903
0.0243232
0.0249011
0.0254997
0.0260856
0.0266843
0.0273517
0.0280259
0.0286382
0.0292051
0.0297694
0.0303816
0.031078
0.0318315
0.0325864
0.0333369
0.0340694
0.0348051
0.0355358
0.0362655
0.0370273
0.0378415
0.0386372
0.0394624
0.0403142
0.041172
0.0420272
0.0429189
0.043839
0.044774
0.0457307
0.0466996
0.0477008
0.0487024
0.0497718
0.0508299
0.0519061
0.0530014
0.0541382
0.0553126
0.056471
0.0576436
0.0588172
0.0600142
0.0612908
0.0625366
0.0638302
0.0651115
0.0663962
0.0676774
0.0689125
0.0700441
0.0709937
0.0110342
0.0104056
0.00899603
0.00748336
0.00615583
0.00529035
0.00524695
0.00592077
0.00675967
0.00740317
0.00784632
0.00818673
0.00848291
0.00881176
0.00918413
0.00952896
0.00983916
0.0101816
0.0105882
0.0110328
0.01146
0.0118429
0.0122014
0.0125752
0.0129912
0.0134225
0.0138151
0.014189
0.0145986
0.0150112
0.0153837
0.0157926
0.0162843
0.0168108
0.0173367
0.0178603
0.0183732
0.018863
0.0193511
0.0198416
0.0203144
0.0207764
0.0212458
0.0217143
0.0221969
0.0227166
0.0232585
0.0237926
0.0243263
0.0249038
0.0255016
0.0260878
0.0266864
0.0273518
0.0280235
0.0286355
0.0292038
0.0297697
0.0303828
0.0310794
0.0318331
0.0325877
0.0333371
0.0340687
0.0348042
0.0355354
0.0362659
0.0370281
0.0378423
0.0386383
0.0394636
0.0403151
0.0411727
0.042028
0.04292
0.0438404
0.0447754
0.045732
0.0467008
0.047702
0.0487035
0.0497725
0.0508306
0.0519069
0.0530021
0.0541383
0.0553124
0.0564707
0.0576437
0.0588177
0.0600148
0.061291
0.0625367
0.0638301
0.065112
0.0663964
0.0676784
0.0689157
0.0700481
0.0709958
0.0107895
0.0102606
0.00900422
0.00764621
0.00643431
0.00556765
0.00541689
0.00599189
0.00680136
0.0074519
0.00789765
0.00823083
0.00852158
0.0088486
0.00921603
0.0095539
0.0098626
0.0102092
0.010617
0.0110549
0.0114727
0.0118528
0.0122155
0.0125924
0.0130051
0.0134312
0.0138233
0.0141995
0.0146091
0.0150209
0.0153952
0.0158055
0.0162952
0.016818
0.0173412
0.0178628
0.0183738
0.0188624
0.0193503
0.0198418
0.0203152
0.0207772
0.0212468
0.0217169
0.0222011
0.0227203
0.0232607
0.023795
0.0243296
0.0249066
0.0255035
0.02609
0.0266886
0.027352
0.0280211
0.0286328
0.0292029
0.0297708
0.0303851
0.0310814
0.0318346
0.0325886
0.0333372
0.0340679
0.0348033
0.0355352
0.0362666
0.0370291
0.0378432
0.0386395
0.0394649
0.040316
0.0411735
0.042029
0.0429212
0.0438418
0.0447769
0.0457332
0.046702
0.0477032
0.0487047
0.0497733
0.0508313
0.0519078
0.053003
0.0541385
0.0553121
0.0564704
0.0576438
0.0588182
0.0600155
0.0612912
0.0625369
0.06383
0.0651124
0.0663967
0.0676795
0.0689192
0.0700523
0.070998
0.0105554
0.0101212
0.00901193
0.00779413
0.00669419
0.00584507
0.00560538
0.00607776
0.00684662
0.00749838
0.00794736
0.00827606
0.00856318
0.00888853
0.00925023
0.00958019
0.00988695
0.0102379
0.0106472
0.0110782
0.0114865
0.0118634
0.0122303
0.0126104
0.0130196
0.0134403
0.0138318
0.0142105
0.0146203
0.0150312
0.0154072
0.0158191
0.0163067
0.0168256
0.0173459
0.0178656
0.0183746
0.0188619
0.0193497
0.019842
0.0203162
0.020778
0.0212478
0.0217196
0.0222054
0.022724
0.0232631
0.0237975
0.024333
0.0249096
0.0255055
0.0260922
0.0266909
0.0273523
0.0280187
0.0286302
0.0292025
0.029773
0.0303886
0.0310842
0.0318361
0.0325893
0.0333372
0.0340671
0.0348026
0.0355352
0.0362676
0.0370304
0.0378443
0.0386407
0.0394662
0.040317
0.0411743
0.0420301
0.0429225
0.0438431
0.0447783
0.0457346
0.0467032
0.0477046
0.048706
0.0497741
0.050832
0.0519087
0.0530039
0.0541389
0.0553119
0.05647
0.0576438
0.0588187
0.0600162
0.0612916
0.0625371
0.0638299
0.0651129
0.0663971
0.0676806
0.0689228
0.0700568
0.0710004
0.0103331
0.00998486
0.00901864
0.00793088
0.00693506
0.00611804
0.00581028
0.00618046
0.00689786
0.00754343
0.00799484
0.00832151
0.00860746
0.00893176
0.009287
0.00960799
0.00991224
0.0102676
0.0106788
0.0111029
0.0115013
0.0118748
0.0122459
0.0126292
0.0130349
0.0134499
0.0138408
0.0142221
0.014632
0.0150421
0.0154197
0.0158331
0.0163185
0.0168335
0.017351
0.0178687
0.0183755
0.0188614
0.0193491
0.0198424
0.0203173
0.0207788
0.0212488
0.0217224
0.0222098
0.022728
0.0232656
0.0238001
0.0243366
0.0249127
0.0255076
0.0260945
0.0266934
0.0273527
0.0280164
0.0286277
0.0292025
0.0297761
0.0303931
0.0310877
0.0318379
0.0325898
0.033337
0.0340662
0.034802
0.0355355
0.0362688
0.0370319
0.0378454
0.0386419
0.0394676
0.040318
0.0411752
0.0420313
0.0429239
0.0438445
0.0447797
0.0457359
0.0467046
0.0477059
0.0487074
0.0497749
0.0508327
0.0519096
0.053005
0.0541394
0.0553117
0.0564695
0.0576438
0.0588192
0.060017
0.0612919
0.0625374
0.0638298
0.0651134
0.0663975
0.0676818
0.0689266
0.0700616
0.071003
0.0101258
0.00985081
0.00902145
0.00805924
0.00715851
0.00638268
0.00602839
0.00630155
0.00695754
0.00758831
0.0080398
0.00836624
0.0086538
0.00897832
0.00932662
0.0096376
0.0099386
0.0102984
0.0107116
0.0111288
0.011517
0.0118871
0.0122623
0.0126489
0.0130509
0.01346
0.0138503
0.0142343
0.0146445
0.0150535
0.0154327
0.0158475
0.0163306
0.0168418
0.0173565
0.0178721
0.0183767
0.018861
0.0193486
0.0198429
0.0203186
0.0207798
0.0212498
0.0217253
0.0222144
0.0227321
0.0232681
0.0238027
0.0243403
0.0249159
0.0255097
0.0260969
0.0266959
0.0273532
0.0280141
0.0286254
0.0292028
0.02978
0.0303986
0.0310919
0.0318398
0.0325902
0.0333368
0.0340654
0.0348015
0.0355358
0.0362702
0.0370337
0.0378467
0.0386433
0.0394691
0.040319
0.0411762
0.0420328
0.0429256
0.043846
0.0447812
0.0457373
0.0467059
0.0477074
0.0487088
0.0497759
0.0508334
0.0519106
0.0530061
0.0541399
0.0553115
0.0564691
0.0576438
0.0588198
0.0600179
0.0612923
0.0625376
0.0638297
0.0651139
0.066398
0.0676831
0.0689306
0.0700666
0.0710057
0.00993679
0.00972237
0.00901678
0.00817944
0.00736795
0.00663638
0.00625517
0.00644166
0.00702814
0.00763468
0.00808243
0.0084094
0.0087013
0.00902807
0.00936937
0.0096693
0.00996623
0.0103302
0.0107457
0.011156
0.0115337
0.0119002
0.0122797
0.0126696
0.0130676
0.0134707
0.0138604
0.0142473
0.0146576
0.0150655
0.0154461
0.0158622
0.0163431
0.0168503
0.0173623
0.0178758
0.018378
0.0188607
0.0193482
0.0198436
0.0203201
0.0207809
0.0212508
0.0217282
0.0222192
0.0227364
0.0232708
0.0238055
0.0243442
0.0249194
0.0255119
0.0260992
0.0266986
0.0273539
0.0280119
0.0286231
0.0292034
0.0297844
0.0304046
0.0310966
0.0318419
0.0325906
0.0333365
0.0340646
0.034801
0.0355363
0.0362718
0.0370355
0.037848
0.0386446
0.0394706
0.04032
0.0411773
0.0420344
0.0429274
0.0438476
0.0447827
0.0457388
0.0467073
0.0477089
0.0487104
0.0497769
0.0508341
0.0519115
0.0530073
0.0541405
0.0553114
0.0564686
0.0576438
0.0588203
0.0600188
0.0612928
0.0625379
0.0638296
0.0651144
0.0663986
0.0676845
0.0689347
0.0700718
0.0710087
0.00976424
0.00960684
0.00900397
0.00828875
0.00756712
0.00687837
0.00648497
0.00660014
0.00711219
0.00768439
0.00812335
0.0084505
0.00874902
0.00908066
0.00941549
0.00970334
0.00999526
0.010363
0.0107809
0.0111844
0.0115513
0.011914
0.012298
0.0126913
0.0130853
0.013482
0.013871
0.014261
0.0146715
0.015078
0.0154598
0.0158773
0.0163559
0.0168592
0.0173685
0.0178799
0.0183796
0.0188604
0.0193479
0.0198444
0.0203218
0.020782
0.0212519
0.0217312
0.0222242
0.0227408
0.0232736
0.0238084
0.0243483
0.024923
0.0255142
0.0261016
0.0267013
0.0273545
0.0280098
0.028621
0.0292042
0.0297891
0.0304111
0.0311017
0.0318441
0.0325909
0.0333361
0.0340639
0.0348006
0.0355369
0.0362734
0.0370375
0.0378494
0.0386461
0.0394722
0.0403212
0.0411784
0.0420361
0.0429293
0.0438493
0.0447843
0.0457403
0.0467088
0.0477105
0.048712
0.049778
0.0508349
0.0519126
0.0530086
0.0541412
0.0553113
0.0564683
0.0576439
0.0588209
0.0600197
0.0612933
0.0625383
0.0638295
0.065115
0.0663992
0.067686
0.068939
0.0700773
0.0710118
0.00960016
0.00951083
0.00898854
0.00838307
0.00775773
0.00710986
0.00671235
0.00677486
0.00721231
0.00773932
0.00816342
0.00848944
0.00879617
0.00913545
0.00946497
0.00973993
0.0100259
0.0103972
0.0108174
0.0112141
0.0115701
0.0119287
0.0123173
0.0127141
0.0131038
0.0134939
0.0138821
0.0142754
0.0146862
0.015091
0.0154739
0.0158926
0.0163689
0.0168684
0.0173751
0.0178843
0.0183814
0.0188604
0.0193478
0.0198455
0.0203237
0.0207833
0.0212531
0.0217343
0.0222294
0.0227455
0.0232765
0.0238114
0.0243526
0.0249268
0.0255166
0.026104
0.0267041
0.0273553
0.0280077
0.0286189
0.0292052
0.029794
0.0304178
0.0311069
0.0318464
0.0325914
0.0333358
0.0340632
0.0348003
0.0355375
0.0362751
0.0370396
0.0378508
0.0386475
0.0394738
0.0403223
0.0411797
0.0420379
0.0429313
0.043851
0.0447859
0.0457419
0.0467104
0.0477121
0.0487138
0.0497793
0.0508357
0.0519136
0.0530099
0.054142
0.0553113
0.056468
0.057644
0.0588215
0.0600207
0.0612937
0.0625386
0.0638294
0.0651156
0.0664
0.0676876
0.0689435
0.070083
0.0710152
0.00943315
0.00943434
0.00898045
0.00846035
0.00793776
0.00733435
0.0069339
0.00696141
0.0073306
0.00780195
0.00820358
0.00852658
0.00884217
0.00919149
0.00951749
0.00977927
0.0100583
0.0104329
0.0108555
0.011245
0.0115898
0.0119443
0.0123375
0.012738
0.0131234
0.0135064
0.0138939
0.0142906
0.0147017
0.0151046
0.0154883
0.0159083
0.0163823
0.0168779
0.0173821
0.0178891
0.0183834
0.0188604
0.0193478
0.0198468
0.0203258
0.0207848
0.0212542
0.0217375
0.0222348
0.0227503
0.0232795
0.0238144
0.024357
0.0249307
0.0255191
0.0261064
0.026707
0.0273562
0.0280058
0.0286169
0.0292062
0.0297989
0.0304245
0.0311123
0.0318488
0.0325918
0.0333354
0.0340625
0.0348
0.0355381
0.0362768
0.0370417
0.0378523
0.038649
0.0394755
0.0403236
0.041181
0.0420398
0.0429334
0.0438528
0.0447876
0.0457435
0.046712
0.0477138
0.0487156
0.0497806
0.0508365
0.0519148
0.0530113
0.0541427
0.0553112
0.0564677
0.0576442
0.0588221
0.0600217
0.0612942
0.062539
0.0638294
0.0651162
0.066401
0.0676894
0.0689482
0.0700891
0.0710188
0.00925436
0.00936767
0.00898916
0.0085239
0.00810165
0.00755591
0.00715008
0.00715312
0.00746729
0.00787568
0.00824481
0.00856236
0.00888684
0.00924784
0.00957258
0.00982148
0.0100927
0.0104702
0.0108952
0.0112773
0.0116104
0.0119607
0.0123586
0.0127632
0.0131441
0.0135197
0.0139062
0.0143067
0.0147181
0.0151188
0.0155031
0.0159242
0.0163959
0.0168879
0.0173896
0.0178944
0.0183857
0.0188607
0.0193479
0.0198484
0.0203282
0.0207864
0.0212554
0.0217408
0.0222404
0.0227553
0.0232826
0.0238176
0.0243616
0.0249349
0.0255216
0.0261089
0.0267099
0.0273571
0.0280038
0.028615
0.0292074
0.0298039
0.0304313
0.0311177
0.0318513
0.0325924
0.0333351
0.0340619
0.0347998
0.0355387
0.0362786
0.0370439
0.0378539
0.0386506
0.0394773
0.0403249
0.0411823
0.0420417
0.0429355
0.0438547
0.0447894
0.0457453
0.0467137
0.0477156
0.0487175
0.0497821
0.0508375
0.0519159
0.0530127
0.0541436
0.0553113
0.0564675
0.0576444
0.0588228
0.0600228
0.0612947
0.0625394
0.0638294
0.0651169
0.066402
0.0676912
0.0689531
0.0700954
0.0710226
0.00906442
0.00929666
0.00901794
0.00858338
0.00824321
0.00777461
0.00736506
0.00734363
0.0076198
0.00796456
0.0082886
0.00859678
0.00893042
0.00930405
0.00962958
0.00986639
0.0101294
0.0105093
0.0109367
0.0113113
0.0116321
0.0119778
0.0123807
0.0127895
0.013166
0.0135338
0.0139192
0.0143236
0.0147353
0.0151336
0.0155183
0.0159405
0.01641
0.0168982
0.0173975
0.0179001
0.0183884
0.0188611
0.0193483
0.0198502
0.0203309
0.0207881
0.0212566
0.0217441
0.0222462
0.0227606
0.0232858
0.0238208
0.0243664
0.0249392
0.0255242
0.0261114
0.026713
0.0273582
0.028002
0.0286132
0.0292087
0.0298089
0.030438
0.0311231
0.0318539
0.032593
0.0333348
0.0340614
0.0347996
0.0355393
0.0362804
0.0370461
0.0378554
0.0386522
0.0394792
0.0403263
0.0411837
0.0420438
0.0429378
0.0438567
0.0447913
0.0457471
0.0467154
0.0477174
0.0487195
0.0497836
0.0508384
0.0519172
0.0530141
0.0541444
0.0553113
0.0564673
0.0576446
0.0588235
0.0600239
0.0612951
0.0625399
0.0638294
0.0651176
0.0664032
0.0676932
0.0689583
0.0701021
0.0710267
0.00887389
0.00920981
0.00906035
0.00865211
0.00836102
0.00798309
0.0075838
0.00753099
0.00778217
0.00807156
0.00833814
0.00862945
0.00897322
0.00936016
0.00968774
0.00991357
0.0101681
0.0105504
0.0109803
0.0113472
0.0116551
0.0119956
0.0124037
0.012817
0.0131891
0.0135488
0.0139328
0.0143412
0.0147535
0.0151491
0.0155339
0.0159572
0.0164244
0.0169089
0.0174058
0.0179062
0.0183913
0.0188617
0.0193489
0.0198522
0.0203338
0.02079
0.0212579
0.0217476
0.0222522
0.022766
0.0232891
0.0238242
0.0243714
0.0249438
0.0255269
0.0261139
0.0267161
0.0273594
0.0280003
0.0286116
0.0292101
0.0298139
0.0304448
0.0311286
0.0318565
0.0325937
0.0333345
0.0340609
0.0347995
0.03554
0.0362823
0.0370483
0.037857
0.0386539
0.0394812
0.0403277
0.0411852
0.0420459
0.0429401
0.0438588
0.0447932
0.045749
0.0467173
0.0477193
0.0487215
0.0497851
0.0508395
0.0519185
0.0530156
0.0541453
0.0553113
0.0564672
0.0576448
0.0588242
0.0600251
0.0612956
0.0625403
0.0638295
0.0651183
0.0664045
0.0676953
0.0689636
0.0701091
0.071031
0.00869403
0.00910551
0.00910344
0.00874063
0.00846249
0.00817007
0.00780823
0.00771967
0.00794663
0.00819603
0.00839859
0.0086606
0.00901488
0.00941667
0.00974653
0.00996238
0.0102085
0.0105935
0.0110263
0.0113853
0.0116796
0.0120142
0.0124273
0.0128458
0.0132135
0.0135648
0.0139471
0.0143598
0.0147727
0.0151652
0.0155498
0.0159742
0.0164392
0.01692
0.0174145
0.0179128
0.0183946
0.0188626
0.0193497
0.0198546
0.020337
0.0207922
0.0212593
0.0217512
0.0222585
0.0227717
0.0232925
0.0238276
0.0243766
0.0249486
0.0255297
0.0261165
0.0267193
0.0273606
0.0279987
0.0286101
0.0292115
0.0298189
0.0304514
0.031134
0.0318592
0.0325944
0.0333343
0.0340604
0.0347994
0.0355407
0.0362842
0.0370506
0.0378587
0.0386557
0.0394832
0.0403293
0.0411868
0.0420481
0.0429425
0.0438609
0.0447952
0.0457509
0.0467192
0.0477213
0.0487237
0.0497868
0.0508406
0.0519198
0.0530171
0.0541461
0.0553114
0.056467
0.0576451
0.0588249
0.0600263
0.0612961
0.0625408
0.0638296
0.0651191
0.0664059
0.0676975
0.0689692
0.0701164
0.0710356
0.00852952
0.00899183
0.00913398
0.00884896
0.00856253
0.00832852
0.00803183
0.00791698
0.0081085
0.00833276
0.00847517
0.00869266
0.00905398
0.00947412
0.00980615
0.0100121
0.0102502
0.0106384
0.0110752
0.0114259
0.0117059
0.0120338
0.0124516
0.0128758
0.0132393
0.0135817
0.0139622
0.0143792
0.0147929
0.0151821
0.0155662
0.0159915
0.0164545
0.0169315
0.0174238
0.0179199
0.0183984
0.0188637
0.0193507
0.0198573
0.0203406
0.0207945
0.0212607
0.0217548
0.022265
0.0227777
0.0232961
0.0238311
0.024382
0.0249535
0.0255326
0.0261191
0.0267226
0.0273621
0.0279971
0.0286087
0.0292131
0.0298239
0.0304581
0.0311394
0.031862
0.0325953
0.0333341
0.0340601
0.0347994
0.0355414
0.0362861
0.037053
0.0378604
0.0386575
0.0394854
0.0403309
0.0411884
0.0420503
0.0429449
0.0438631
0.0447973
0.0457529
0.0467211
0.0477233
0.0487259
0.0497885
0.0508417
0.0519212
0.0530187
0.0541471
0.0553115
0.056467
0.0576453
0.0588257
0.0600275
0.0612966
0.0625414
0.0638298
0.0651199
0.0664075
0.0676998
0.0689749
0.0701242
0.0710406
0.00837938
0.00887909
0.00914398
0.00896455
0.00867733
0.00846239
0.00824049
0.00812725
0.0082714
0.00847351
0.00856942
0.00873095
0.00908926
0.00953213
0.00986758
0.0100622
0.0102925
0.0106847
0.0111269
0.0114696
0.0117339
0.0120546
0.0124768
0.0129067
0.0132665
0.0135996
0.013978
0.0143996
0.0148141
0.0151998
0.015583
0.0160092
0.0164701
0.0169436
0.0174336
0.0179275
0.0184025
0.0188652
0.019352
0.0198603
0.0203445
0.0207971
0.0212623
0.0217586
0.0222717
0.0227839
0.0232998
0.0238347
0.0243876
0.0249587
0.0255356
0.0261218
0.0267261
0.0273637
0.0279958
0.0286075
0.0292149
0.029829
0.0304646
0.0311448
0.0318649
0.0325962
0.033334
0.0340598
0.0347994
0.0355421
0.036288
0.0370554
0.0378621
0.0386594
0.0394876
0.0403325
0.0411901
0.0420526
0.0429475
0.0438654
0.0447995
0.045755
0.0467232
0.0477254
0.0487281
0.0497902
0.0508429
0.0519227
0.0530203
0.054148
0.0553116
0.056467
0.0576456
0.0588265
0.0600288
0.0612972
0.0625419
0.06383
0.0651207
0.0664093
0.0677022
0.0689808
0.0701323
0.0710458
0.00824215
0.00877434
0.00913506
0.00907056
0.00881368
0.00858701
0.0084217
0.0083454
0.00844509
0.00861201
0.00867683
0.00878184
0.00912184
0.00958891
0.00993194
0.0101128
0.0103346
0.0107315
0.0111811
0.0115169
0.0117642
0.0120765
0.0125031
0.0129387
0.0132949
0.0136187
0.0139946
0.014421
0.0148365
0.0152183
0.0156003
0.0160273
0.0164862
0.0169561
0.0174439
0.0179356
0.0184071
0.0188669
0.0193536
0.0198637
0.0203488
0.0207999
0.0212639
0.0217624
0.0222787
0.0227904
0.0233036
0.0238384
0.0243934
0.0249641
0.0255387
0.0261245
0.0267296
0.0273654
0.0279945
0.0286064
0.0292167
0.029834
0.0304711
0.0311502
0.0318678
0.0325973
0.033334
0.0340596
0.0347996
0.0355428
0.03629
0.0370579
0.0378639
0.0386614
0.03949
0.0403343
0.0411919
0.042055
0.0429501
0.0438677
0.0448018
0.0457572
0.0467253
0.0477276
0.0487305
0.0497921
0.0508442
0.0519242
0.0530219
0.054149
0.0553118
0.056467
0.0576459
0.0588273
0.0600301
0.0612977
0.0625425
0.0638303
0.0651216
0.0664112
0.0677048
0.068987
0.0701408
0.0710515
0.00811902
0.00868138
0.00911651
0.00915348
0.00896212
0.00872189
0.008574
0.00855544
0.00863683
0.00875102
0.00878896
0.00884834
0.00915636
0.00964234
0.00999948
0.0101651
0.0103757
0.0107783
0.011237
0.0115683
0.0117976
0.0120993
0.0125305
0.012972
0.0133243
0.0136389
0.0140121
0.0144433
0.01486
0.0152376
0.015618
0.0160458
0.0165027
0.0169692
0.0174548
0.0179443
0.0184121
0.0188691
0.0193556
0.0198674
0.0203535
0.020803
0.0212655
0.0217664
0.022286
0.0227972
0.0233075
0.0238422
0.0243993
0.0249698
0.0255419
0.0261272
0.0267333
0.0273673
0.0279934
0.0286056
0.0292188
0.029839
0.0304775
0.0311555
0.0318709
0.0325985
0.0333341
0.0340595
0.0347998
0.0355436
0.0362921
0.0370605
0.0378657
0.0386634
0.0394924
0.0403362
0.0411938
0.0420575
0.0429528
0.0438702
0.0448042
0.0457595
0.0467276
0.0477299
0.0487329
0.049794
0.0508455
0.0519258
0.0530236
0.05415
0.055312
0.056467
0.0576462
0.0588281
0.0600315
0.0612983
0.0625432
0.0638307
0.0651224
0.0664134
0.0677076
0.0689933
0.0701497
0.0710574
0.00801222
0.00860249
0.00909893
0.00920974
0.00910301
0.00888024
0.00871243
0.00873998
0.00884349
0.00890233
0.00889891
0.00892654
0.00919912
0.00969254
0.0100689
0.0102205
0.0104155
0.0108244
0.0112942
0.0116231
0.0118349
0.0121234
0.0125587
0.0130073
0.0133551
0.0136598
0.0140303
0.0144668
0.014885
0.0152578
0.0156362
0.0160648
0.0165197
0.0169827
0.0174662
0.0179536
0.0184177
0.0188716
0.0193579
0.0198715
0.0203586
0.0208065
0.0212673
0.0217704
0.0222935
0.0228043
0.0233116
0.0238461
0.0244055
0.0249757
0.0255452
0.02613
0.026737
0.0273694
0.0279925
0.0286049
0.0292209
0.029844
0.0304838
0.0311608
0.031874
0.0325997
0.0333343
0.0340596
0.0348001
0.0355444
0.0362942
0.0370631
0.0378676
0.0386655
0.039495
0.0403381
0.0411957
0.0420601
0.0429556
0.0438728
0.0448066
0.0457619
0.0467299
0.0477322
0.0487354
0.049796
0.0508469
0.0519274
0.0530253
0.054151
0.0553122
0.0564671
0.0576465
0.0588289
0.060033
0.061299
0.0625438
0.0638312
0.0651234
0.0664157
0.0677106
0.0689998
0.070159
0.0710638
0.00792133
0.00853972
0.00909007
0.009247
0.00921795
0.00905806
0.00885974
0.00889145
0.00904766
0.0090765
0.00900952
0.00900801
0.00925319
0.00974301
0.0101383
0.0102798
0.0104543
0.0108688
0.0113527
0.0116806
0.0118763
0.0121496
0.0125871
0.0130446
0.0133881
0.0136811
0.014049
0.0144913
0.0149114
0.0152791
0.0156547
0.0160842
0.0165374
0.0169968
0.0174782
0.0179635
0.0184238
0.0188745
0.0193606
0.019876
0.0203642
0.0208103
0.0212692
0.0217744
0.0223013
0.0228118
0.0233158
0.02385
0.024412
0.0249819
0.0255487
0.0261328
0.026741
0.0273717
0.0279918
0.0286044
0.0292233
0.0298491
0.03049
0.0311661
0.0318773
0.0326011
0.0333346
0.0340597
0.0348005
0.0355453
0.0362963
0.0370658
0.0378695
0.0386677
0.0394976
0.0403401
0.0411977
0.0420627
0.0429585
0.0438754
0.0448092
0.0457643
0.0467323
0.0477346
0.048738
0.0497981
0.0508483
0.0519291
0.053027
0.0541521
0.0553125
0.0564673
0.0576469
0.0588297
0.0600345
0.0612997
0.0625445
0.0638318
0.0651243
0.0664182
0.0677137
0.0690064
0.0701687
0.0710705
0.00784092
0.00849501
0.00909451
0.00927847
0.009297
0.00923474
0.00903592
0.00902236
0.00922704
0.00927305
0.00913479
0.00908586
0.00931455
0.00979866
0.010208
0.0103432
0.010493
0.0109103
0.0114122
0.0117407
0.0119209
0.0121791
0.0126161
0.0130831
0.013424
0.0137032
0.0140673
0.0145169
0.0149395
0.0153016
0.0156737
0.0161038
0.0165557
0.0170115
0.0174906
0.0179741
0.0184306
0.0188778
0.0193635
0.019881
0.0203703
0.0208145
0.0212713
0.0217786
0.0223093
0.0228196
0.0233203
0.023854
0.0244185
0.0249884
0.0255523
0.0261356
0.026745
0.0273742
0.0279913
0.0286041
0.0292257
0.0298541
0.0304961
0.0311713
0.0318806
0.0326026
0.033335
0.03406
0.0348011
0.0355462
0.0362985
0.0370686
0.0378715
0.0386699
0.0395004
0.0403423
0.0411998
0.0420655
0.0429615
0.0438782
0.0448118
0.0457669
0.0467348
0.0477371
0.0487406
0.0498003
0.0508498
0.0519309
0.0530288
0.0541532
0.0553128
0.0564675
0.0576473
0.0588306
0.0600361
0.0613004
0.0625452
0.0638325
0.0651254
0.0664209
0.0677171
0.0690132
0.0701789
0.0710777
0.00776085
0.00846923
0.00911569
0.00931693
0.00934327
0.00938586
0.009245
0.00915897
0.00936647
0.00947356
0.00928905
0.00916382
0.00937451
0.0098608
0.0102806
0.010411
0.0105324
0.0109472
0.0114723
0.0118044
0.0119679
0.0122115
0.0126466
0.0131222
0.013463
0.0137275
0.0140849
0.0145429
0.0149696
0.0153256
0.0156932
0.0161236
0.0165746
0.017027
0.0175037
0.0179852
0.0184381
0.0188817
0.0193668
0.0198864
0.020377
0.0208192
0.0212736
0.0217828
0.0223176
0.0228278
0.023325
0.023858
0.0244253
0.0249952
0.025556
0.0261384
0.0267492
0.027377
0.0279909
0.0286041
0.0292284
0.0298592
0.0305022
0.0311765
0.031884
0.0326043
0.0333355
0.0340604
0.0348017
0.0355472
0.0363008
0.0370714
0.0378735
0.0386722
0.0395033
0.0403445
0.041202
0.0420683
0.0429646
0.043881
0.0448146
0.0457695
0.0467373
0.0477397
0.0487434
0.0498026
0.0508514
0.0519327
0.0530307
0.0541543
0.0553132
0.0564678
0.0576477
0.0588315
0.0600377
0.0613011
0.062546
0.0638334
0.0651264
0.0664238
0.0677208
0.0690202
0.0701894
0.0710854
0.00766744
0.00845842
0.0091568
0.00937287
0.00937087
0.00949179
0.00946898
0.00932873
0.009473
0.00965139
0.00947539
0.00925808
0.00942642
0.00992416
0.0103589
0.0104852
0.0105743
0.0109783
0.0115307
0.0118733
0.0120175
0.0122452
0.0126797
0.0131624
0.0135041
0.0137548
0.0141022
0.0145683
0.0150016
0.0153515
0.0157134
0.0161437
0.0165938
0.0170432
0.0175174
0.0179969
0.0184463
0.0188863
0.0193704
0.0198921
0.0203842
0.0208244
0.0212761
0.021787
0.022326
0.0228364
0.0233299
0.0238621
0.0244323
0.0250023
0.0255599
0.0261413
0.0267536
0.02738
0.0279908
0.0286042
0.0292312
0.0298643
0.0305081
0.0311817
0.0318875
0.0326061
0.0333362
0.034061
0.0348024
0.0355482
0.0363031
0.0370744
0.0378755
0.0386746
0.0395063
0.0403469
0.0412043
0.0420712
0.0429677
0.043884
0.0448174
0.0457723
0.04674
0.0477424
0.0487462
0.0498049
0.0508531
0.0519346
0.0530326
0.0541555
0.0553137
0.0564682
0.0576481
0.0588324
0.0600394
0.061302
0.0625467
0.0638344
0.0651276
0.0664269
0.0677247
0.0690274
0.0702003
0.0710935
0.007546
0.00845031
0.00921931
0.00945447
0.00939912
0.00954511
0.00967717
0.00954684
0.00957535
0.00978345
0.00967538
0.00938642
0.00947537
0.00997961
0.0104414
0.0105688
0.0106223
0.0110032
0.0115837
0.0119483
0.0120717
0.0122782
0.0127147
0.0132055
0.013547
0.0137851
0.0141206
0.0145923
0.0150347
0.0153798
0.0157344
0.016164
0.0166135
0.01706
0.017532
0.0180093
0.0184552
0.0188915
0.0193746
0.0198981
0.0203919
0.0208301
0.0212788
0.0217914
0.0223348
0.0228453
0.023335
0.0238663
0.0244394
0.0250097
0.025564
0.0261441
0.0267581
0.0273834
0.027991
0.0286046
0.0292342
0.0298694
0.0305139
0.0311868
0.0318911
0.032608
0.033337
0.0340617
0.0348033
0.0355492
0.0363055
0.0370774
0.0378777
0.0386771
0.0395094
0.0403493
0.0412067
0.0420742
0.042971
0.0438871
0.0448204
0.0457751
0.0467428
0.0477452
0.0487491
0.0498074
0.0508548
0.0519366
0.0530345
0.0541567
0.0553142
0.0564686
0.0576486
0.0588334
0.0600411
0.0613029
0.0625475
0.0638356
0.0651288
0.0664302
0.0677289
0.0690346
0.0702116
0.0711021
0.00738859
0.00842463
0.00929921
0.00956716
0.00944853
0.00955532
0.00983836
0.00980375
0.00970784
0.00986861
0.00985891
0.0095557
0.00953943
0.0100211
0.0105204
0.0106628
0.0106817
0.0110243
0.0116263
0.0120276
0.0121345
0.01231
0.0127486
0.0132527
0.0135926
0.0138171
0.0141409
0.0146156
0.0150677
0.0154106
0.0157569
0.0161844
0.0166336
0.0170774
0.0175472
0.0180225
0.0184647
0.0188974
0.0193794
0.0199045
0.0204
0.0208365
0.0212819
0.0217958
0.0223438
0.0228547
0.0233403
0.0238706
0.0244467
0.0250174
0.0255682
0.026147
0.0267628
0.027387
0.0279914
0.0286052
0.0292374
0.0298746
0.0305197
0.0311919
0.0318948
0.03261
0.033338
0.0340626
0.0348043
0.0355503
0.036308
0.0370805
0.0378798
0.0386797
0.0395126
0.0403518
0.0412092
0.0420773
0.0429744
0.0438903
0.0448235
0.0457781
0.0467456
0.047748
0.048752
0.0498099
0.0508566
0.0519386
0.0530365
0.054158
0.0553148
0.0564691
0.0576491
0.0588344
0.0600429
0.0613038
0.0625483
0.0638369
0.0651302
0.0664336
0.0677335
0.0690421
0.0702232
0.0711112
0.007204
0.00835738
0.00938294
0.00971164
0.00953676
0.00954693
0.00992979
0.0100669
0.00989851
0.0099341
0.00999649
0.0097489
0.00963857
0.0100558
0.0105857
0.0107618
0.010758
0.0110486
0.0116549
0.0121056
0.0122097
0.0123432
0.0127775
0.0133034
0.0136438
0.0138504
0.0141624
0.0146398
0.0151002
0.0154428
0.0157816
0.0162053
0.016654
0.0170954
0.017563
0.0180366
0.0184751
0.0189039
0.0193848
0.0199116
0.0204087
0.0208434
0.0212852
0.0218002
0.0223531
0.0228646
0.0233459
0.0238749
0.0244543
0.0250255
0.0255727
0.0261499
0.0267676
0.027391
0.0279922
0.028606
0.0292408
0.0298798
0.0305253
0.031197
0.0318986
0.0326122
0.0333391
0.0340637
0.0348054
0.0355515
0.0363105
0.0370837
0.0378821
0.0386823
0.039516
0.0403545
0.0412118
0.0420805
0.0429779
0.0438936
0.0448266
0.0457812
0.0467486
0.047751
0.0487551
0.0498126
0.0508584
0.0519407
0.0530385
0.0541593
0.0553155
0.0564697
0.0576496
0.0588354
0.0600448
0.0613049
0.0625491
0.0638385
0.0651316
0.0664373
0.0677384
0.0690497
0.0702352
0.0711209
0.00702069
0.00823246
0.00944774
0.00988213
0.00967411
0.00955067
0.00994853
0.0102958
0.0101518
0.0100186
0.010078
0.00993426
0.00978174
0.0101032
0.010633
0.0108547
0.0108509
0.011086
0.0116708
0.0121734
0.0122978
0.0123842
0.0127986
0.0133535
0.0137034
0.0138866
0.0141829
0.0146653
0.0151333
0.0154752
0.0158081
0.0162275
0.0166746
0.0171139
0.0175793
0.0180515
0.0184866
0.018911
0.0193905
0.0199191
0.020418
0.020851
0.021289
0.0218047
0.0223626
0.022875
0.0233519
0.0238791
0.0244619
0.0250341
0.0255774
0.0261528
0.0267726
0.0273953
0.0279932
0.0286071
0.0292443
0.029885
0.0305309
0.031202
0.0319025
0.0326145
0.0333403
0.034065
0.0348067
0.0355527
0.0363131
0.037087
0.0378844
0.038685
0.0395195
0.0403572
0.0412145
0.0420838
0.0429816
0.043897
0.0448299
0.0457843
0.0467517
0.047754
0.0487583
0.0498153
0.0508603
0.0519429
0.0530406
0.0541606
0.0553163
0.0564703
0.0576502
0.0588364
0.0600467
0.061306
0.0625499
0.0638402
0.0651332
0.0664411
0.0677438
0.0690575
0.0702474
0.0711311
0.00687299
0.00805514
0.00946617
0.0100649
0.00986153
0.00959549
0.0099163
0.0104527
0.0104418
0.0101603
0.0101248
0.010078
0.00995334
0.0101842
0.0106727
0.0109298
0.0109508
0.0111455
0.0116836
0.0122224
0.0123929
0.0124404
0.0128136
0.0133967
0.013772
0.0139299
0.0142011
0.0146904
0.0151692
0.0155079
0.015835
0.0162514
0.0166961
0.0171329
0.0175962
0.0180669
0.018499
0.0189191
0.0193967
0.0199271
0.0204281
0.0208592
0.021293
0.0218093
0.0223722
0.0228859
0.0233583
0.0238833
0.0244696
0.0250431
0.0255825
0.0261556
0.0267777
0.0273999
0.0279946
0.0286084
0.029248
0.0298903
0.0305363
0.031207
0.0319066
0.032617
0.0333418
0.0340665
0.0348082
0.0355541
0.0363158
0.0370905
0.0378867
0.0386878
0.0395231
0.0403601
0.0412174
0.0420872
0.0429853
0.0439006
0.0448333
0.0457876
0.0467548
0.0477572
0.0487615
0.0498182
0.0508624
0.0519452
0.0530427
0.054162
0.0553171
0.056471
0.0576508
0.0588376
0.0600487
0.0613073
0.0625508
0.0638421
0.065135
0.066445
0.0677495
0.0690655
0.07026
0.0711419
0.00678663
0.00785382
0.00941653
0.0102374
0.010092
0.00970041
0.00986949
0.0105171
0.0107248
0.0103793
0.0101753
0.0101636
0.0101219
0.0103071
0.0107264
0.0109849
0.0110417
0.0112274
0.0117085
0.0122508
0.0124829
0.0125166
0.0128295
0.0134268
0.0138454
0.0139853
0.0142184
0.0147117
0.0152083
0.015543
0.015861
0.0162764
0.0167194
0.0171523
0.0176135
0.018083
0.0185123
0.0189284
0.0194035
0.0199354
0.020439
0.0208684
0.0212973
0.0218138
0.0223821
0.0228975
0.0233652
0.0238875
0.0244772
0.0250525
0.0255879
0.0261584
0.0267828
0.0274051
0.0279963
0.02861
0.029252
0.0298957
0.0305417
0.031212
0.0319107
0.0326197
0.0333434
0.0340681
0.0348098
0.0355555
0.0363186
0.037094
0.0378891
0.0386907
0.0395269
0.0403632
0.0412203
0.0420906
0.0429892
0.0439043
0.0448369
0.045791
0.0467581
0.0477605
0.0487649
0.0498211
0.0508644
0.0519476
0.0530449
0.0541635
0.0553181
0.0564718
0.0576514
0.0588387
0.0600507
0.0613086
0.0625517
0.0638442
0.065137
0.0664491
0.0677556
0.0690737
0.0702728
0.0711532
0.00677031
0.00766477
0.00929529
0.010369
0.0103515
0.00987265
0.00984665
0.0104969
0.0109534
0.0106636
0.0102729
0.0102057
0.0102531
0.0104551
0.0108153
0.0110353
0.011109
0.0113176
0.0117596
0.0122693
0.0125538
0.0126095
0.0128576
0.0134419
0.0139157
0.014056
0.01424
0.0147263
0.0152485
0.0155834
0.0158863
0.0163002
0.016745
0.0171731
0.0176308
0.0180996
0.0185265
0.0189387
0.0194112
0.0199439
0.0204504
0.0208787
0.0213022
0.0218182
0.0223921
0.0229097
0.0233727
0.0238917
0.0244847
0.0250623
0.0255939
0.0261613
0.026788
0.0274105
0.0279985
0.0286117
0.0292561
0.0299013
0.030547
0.0312169
0.031915
0.0326225
0.0333452
0.03407
0.0348115
0.035557
0.0363216
0.0370977
0.0378916
0.0386936
0.0395308
0.0403664
0.0412234
0.0420942
0.0429932
0.0439082
0.0448405
0.0457945
0.0467615
0.0477638
0.0487684
0.0498242
0.0508666
0.05195
0.0530472
0.054165
0.0553192
0.0564727
0.0576521
0.05884
0.0600527
0.0613101
0.0625527
0.0638465
0.0651392
0.0664532
0.0677622
0.0690822
0.0702857
0.0711651
0.00681928
0.0075198
0.00912356
0.0104297
0.010616
0.0101098
0.00988026
0.0104262
0.0110897
0.0109728
0.0104487
0.0102398
0.0103287
0.0105968
0.0109447
0.0111063
0.011152
0.0113942
0.0118393
0.0122977
0.0125987
0.0127045
0.0129081
0.0134481
0.0139731
0.01414
0.0142724
0.0147341
0.0152854
0.0156306
0.0159138
0.016321
0.0167718
0.0171968
0.0176484
0.0181163
0.0185416
0.01895
0.0194198
0.0199528
0.0204624
0.02089
0.0213077
0.0218224
0.0224021
0.0229225
0.0233808
0.0238961
0.0244922
0.0250723
0.0256002
0.0261643
0.0267933
0.0274164
0.0280011
0.0286137
0.0292603
0.0299069
0.0305522
0.0312219
0.0319193
0.0326255
0.0333472
0.034072
0.0348134
0.0355586
0.0363246
0.0371014
0.0378942
0.0386967
0.0395348
0.0403697
0.0412267
0.0420979
0.0429974
0.0439122
0.0448442
0.0457981
0.046765
0.0477673
0.0487719
0.0498273
0.0508689
0.0519525
0.0530495
0.0541666
0.0553204
0.0564737
0.0576528
0.0588414
0.0600548
0.0613117
0.0625537
0.063849
0.0651417
0.0664575
0.0677692
0.0690909
0.0702989
0.0711775
0.00692408
0.00743713
0.00893714
0.0104056
0.0108514
0.010398
0.00998993
0.0103486
0.0111223
0.0112566
0.0107045
0.0103079
0.0103598
0.0106992
0.0110938
0.0112208
0.0111913
0.0114373
0.01193
0.0123571
0.0126277
0.0127827
0.0129816
0.0134592
0.0140111
0.0142296
0.0143221
0.0147388
0.0153145
0.0156828
0.0159472
0.016339
0.0167969
0.0172241
0.0176678
0.0181323
0.0185572
0.0189624
0.0194292
0.0199623
0.0204749
0.0209024
0.0213139
0.0218265
0.022412
0.0229361
0.0233898
0.0239005
0.0244996
0.0250828
0.025607
0.0261674
0.0267987
0.0274227
0.0280041
0.0286159
0.0292647
0.0299127
0.0305575
0.0312268
0.0319238
0.0326287
0.0333494
0.0340743
0.0348155
0.0355603
0.0363277
0.0371054
0.0378969
0.0386998
0.0395389
0.0403732
0.0412301
0.0421016
0.0430016
0.0439163
0.0448481
0.0458019
0.0467686
0.0477709
0.0487756
0.0498306
0.0508712
0.0519551
0.0530519
0.0541683
0.0553216
0.0564748
0.0576536
0.0588429
0.060057
0.0613134
0.0625549
0.0638516
0.0651445
0.066462
0.0677767
0.0690999
0.0703121
0.0711904
0.00707381
0.00741934
0.00877004
0.0103108
0.0110225
0.0107096
0.0101811
0.010308
0.0110733
0.0114667
0.0110103
0.0104451
0.0103771
0.0107463
0.0112295
0.011382
0.0112582
0.0114445
0.0120024
0.0124538
0.0126655
0.0128317
0.0130634
0.0134897
0.014032
0.0143127
0.0143915
0.0147477
0.0153329
0.0157361
0.015989
0.0163568
0.0168179
0.0172534
0.0176909
0.0181482
0.0185725
0.0189762
0.0194394
0.0199722
0.0204882
0.0209159
0.021321
0.0218304
0.0224215
0.0229503
0.0233997
0.0239049
0.0245068
0.0250938
0.0256143
0.0261705
0.0268042
0.0274294
0.0280076
0.0286184
0.0292692
0.0299186
0.0305628
0.0312318
0.0319284
0.0326321
0.0333519
0.0340768
0.0348178
0.0355621
0.036331
0.0371094
0.0378997
0.038703
0.0395431
0.0403768
0.0412337
0.0421056
0.043006
0.0439206
0.0448521
0.0458057
0.0467723
0.0477746
0.0487794
0.0498339
0.0508737
0.0519578
0.0530544
0.05417
0.055323
0.0564759
0.0576544
0.0588445
0.0600591
0.0613152
0.0625561
0.0638544
0.0651477
0.0664665
0.0677845
0.0691093
0.0703255
0.0712038
0.00725675
0.00746178
0.00864467
0.0101782
0.0111109
0.0110075
0.0104423
0.0103371
0.0109845
0.0115753
0.0113192
0.0106635
0.0104183
0.0107485
0.0113194
0.0115655
0.0113807
0.0114408
0.0120289
0.0125679
0.0127392
0.0128599
0.0131312
0.0135452
0.01405
0.0143779
0.0144749
0.0147695
0.0153417
0.0157855
0.0160392
0.0163781
0.0168344
0.0172819
0.0177187
0.0181658
0.0185866
0.0189907
0.019451
0.0199824
0.0205022
0.0209307
0.0213292
0.0218344
0.0224306
0.0229651
0.0234107
0.0239095
0.0245137
0.0251052
0.0256221
0.0261734
0.0268097
0.0274368
0.0280117
0.028621
0.0292738
0.0299246
0.0305681
0.0312368
0.0319332
0.0326356
0.0333544
0.0340796
0.0348203
0.0355641
0.0363344
0.0371136
0.0379027
0.0387063
0.0395474
0.0403806
0.0412373
0.0421095
0.0430106
0.0439251
0.0448562
0.0458097
0.0467762
0.0477785
0.0487833
0.0498373
0.0508762
0.0519605
0.0530569
0.0541718
0.0553245
0.0564772
0.0576552
0.0588462
0.0600614
0.0613172
0.0625576
0.0638573
0.0651513
0.0664711
0.0677927
0.0691191
0.0703389
0.0712177
0.00745851
0.00755962
0.00856854
0.0100388
0.0111239
0.0112565
0.010745
0.0104505
0.010903
0.011588
0.0115802
0.0109435
0.0105172
0.010734
0.0113488
0.0117344
0.0115646
0.0114641
0.012003
0.0126639
0.0128601
0.0128943
0.0131675
0.0136127
0.0140835
0.014424
0.0145597
0.0148104
0.0153461
0.0158258
0.016096
0.016406
0.0168481
0.0173073
0.0177498
0.0181874
0.0186001
0.0190044
0.019464
0.0199934
0.0205166
0.0209469
0.0213384
0.0218384
0.0224392
0.0229803
0.0234228
0.0239144
0.0245202
0.0251171
0.0256307
0.0261763
0.026815
0.0274447
0.0280165
0.0286237
0.0292784
0.0299308
0.0305735
0.0312419
0.0319381
0.0326392
0.0333572
0.0340825
0.034823
0.0355662
0.0363378
0.037118
0.0379058
0.0387097
0.0395518
0.0403846
0.0412412
0.0421135
0.0430153
0.0439297
0.0448603
0.0458138
0.0467802
0.0477825
0.0487873
0.0498408
0.0508788
0.0519634
0.0530594
0.0541738
0.0553261
0.0564786
0.057656
0.0588481
0.0600636
0.0613192
0.0625592
0.0638603
0.0651552
0.066476
0.0678012
0.0691293
0.0703524
0.0712319
0.00765863
0.00770716
0.00854376
0.00991139
0.0110836
0.0114372
0.0110536
0.0106433
0.0108701
0.0115383
0.0117575
0.0112452
0.0106896
0.0107365
0.0113276
0.0118537
0.011784
0.0115501
0.0119508
0.012707
0.0130094
0.0129667
0.0131757
0.0136666
0.014142
0.0144644
0.0146324
0.014869
0.0153556
0.0158539
0.0161551
0.0164424
0.0168608
0.0173285
0.0177822
0.0182138
0.0186148
0.0190165
0.0194775
0.0200056
0.0205314
0.0209644
0.0213492
0.0218423
0.0224472
0.022996
0.0234361
0.0239196
0.0245263
0.0251294
0.0256403
0.0261793
0.0268199
0.0274532
0.0280221
0.0286266
0.0292831
0.0299371
0.0305789
0.031247
0.0319432
0.0326431
0.0333601
0.0340856
0.0348261
0.0355684
0.0363414
0.0371224
0.0379091
0.0387132
0.0395563
0.0403888
0.0412453
0.0421177
0.0430202
0.0439346
0.0448646
0.045818
0.0467843
0.0477866
0.0487915
0.0498443
0.0508816
0.0519664
0.053062
0.0541759
0.0553278
0.0564801
0.0576569
0.0588502
0.060066
0.0613212
0.0625612
0.0638635
0.0651595
0.066481
0.06781
0.0691399
0.070366
0.0712465
0.00783313
0.00789339
0.00857622
0.0098081
0.0110106
0.0115491
0.0113341
0.0108915
0.0109087
0.0114678
0.0118446
0.0115228
0.0109255
0.0107878
0.0112828
0.0119054
0.0119982
0.0117104
0.0119144
0.0126838
0.0131495
0.0130962
0.0131851
0.0136846
0.0142138
0.0145184
0.0146877
0.0149342
0.0153797
0.0158722
0.0162108
0.0164892
0.0168749
0.0173444
0.0178143
0.0182446
0.0186326
0.0190276
0.0194902
0.0200191
0.0205468
0.0209827
0.0213617
0.0218464
0.0224546
0.0230122
0.0234506
0.023925
0.0245318
0.025142
0.025651
0.0261824
0.0268244
0.0274621
0.0280287
0.0286298
0.0292876
0.0299436
0.0305845
0.0312522
0.0319484
0.0326473
0.0333632
0.0340888
0.0348293
0.035571
0.0363452
0.0371269
0.0379124
0.0387167
0.0395609
0.0403932
0.0412495
0.0421218
0.0430251
0.0439396
0.0448691
0.0458223
0.0467885
0.0477909
0.0487957
0.049848
0.0508844
0.0519695
0.0530647
0.0541781
0.0553296
0.0564818
0.0576579
0.0588524
0.0600685
0.0613233
0.0625634
0.0638667
0.0651642
0.0664863
0.067819
0.069151
0.0703796
0.0712614
0.00796182
0.00809669
0.00866966
0.00974362
0.0109221
0.0116021
0.0115647
0.0111622
0.0110208
0.011416
0.0118613
0.0117411
0.0111935
0.0109051
0.0112476
0.0118969
0.0121685
0.0119228
0.0119336
0.012615
0.013239
0.013268
0.013232
0.0136671
0.0142724
0.014599
0.0147365
0.0149902
0.0154202
0.0158884
0.0162566
0.0165458
0.0168951
0.0173542
0.0178444
0.0182795
0.0186542
0.0190389
0.0195012
0.0200331
0.0205638
0.0210021
0.0213757
0.0218509
0.022461
0.023029
0.0234665
0.0239307
0.0245368
0.0251549
0.0256627
0.0261858
0.0268283
0.0274712
0.0280363
0.0286333
0.029292
0.0299503
0.0305903
0.0312574
0.0319538
0.0326517
0.0333665
0.0340922
0.0348327
0.0355737
0.0363491
0.0371316
0.037916
0.0387203
0.0395655
0.0403979
0.041254
0.042126
0.0430302
0.0439447
0.0448736
0.0458267
0.0467928
0.0477953
0.0488002
0.0498517
0.0508873
0.0519727
0.0530673
0.0541805
0.0553315
0.0564835
0.0576589
0.0588547
0.0600711
0.0613253
0.062566
0.0638701
0.0651692
0.0664919
0.0678282
0.0691624
0.0703933
0.0712765
0.00803625
0.00828797
0.00881296
0.00973351
0.0108374
0.0116097
0.0117388
0.0114247
0.011191
0.0114098
0.0118384
0.0118867
0.0114553
0.0110825
0.0112526
0.0118539
0.0122742
0.0121494
0.0120279
0.0125426
0.013256
0.0134425
0.0133403
0.0136417
0.0142917
0.0146987
0.014801
0.0150295
0.0154681
0.0159128
0.0162889
0.0166058
0.016927
0.0173587
0.0178694
0.0183191
0.01868
0.0190509
0.019511
0.0200461
0.0205819
0.0210232
0.0213914
0.0218558
0.0224664
0.023046
0.0234843
0.0239368
0.0245407
0.025168
0.0256758
0.0261897
0.0268317
0.0274806
0.0280447
0.0286373
0.0292964
0.0299569
0.0305964
0.0312628
0.0319592
0.0326564
0.0333701
0.0340957
0.0348364
0.0355765
0.0363532
0.0371365
0.0379197
0.0387239
0.0395702
0.0404029
0.0412586
0.0421302
0.0430355
0.0439501
0.0448783
0.0458313
0.0467972
0.0477999
0.0488047
0.0498555
0.0508903
0.0519761
0.0530701
0.0541831
0.0553335
0.0564853
0.0576601
0.0588571
0.060074
0.0613274
0.0625689
0.0638736
0.0651744
0.0664979
0.0678375
0.0691743
0.0704071
0.0712918
0.00806308
0.00844386
0.00897985
0.00978222
0.0107787
0.0115881
0.0118597
0.0116576
0.011394
0.0114598
0.0118078
0.0119675
0.0116794
0.0112938
0.0113132
0.0118068
0.0123156
0.0123524
0.0121863
0.0125096
0.0132154
0.0135771
0.0135018
0.0136454
0.0142643
0.0147886
0.0148972
0.0150616
0.0155091
0.0159529
0.0163136
0.0166598
0.0169737
0.0173625
0.0178837
0.0183624
0.0187126
0.0190635
0.0195204
0.0200583
0.0205997
0.0210466
0.021409
0.0218607
0.0224707
0.0230631
0.023504
0.0239437
0.0245434
0.0251812
0.0256905
0.0261939
0.0268345
0.0274901
0.028054
0.0286416
0.0293008
0.0299637
0.0306026
0.0312683
0.0319647
0.0326613
0.0333738
0.0340995
0.0348402
0.0355795
0.0363573
0.0371417
0.0379237
0.0387275
0.0395749
0.0404081
0.0412636
0.0421345
0.0430409
0.0439555
0.0448831
0.045836
0.0468018
0.0478047
0.0488093
0.0498594
0.0508933
0.0519796
0.0530728
0.0541859
0.0553357
0.0564872
0.0576615
0.0588596
0.060077
0.0613294
0.0625722
0.0638773
0.0651798
0.0665044
0.067847
0.0691866
0.0704211
0.0713071
0.00805808
0.00855845
0.00914363
0.00987632
0.0107615
0.0115564
0.0119347
0.0118499
0.0116037
0.0115613
0.0117976
0.0120036
0.0118535
0.0115099
0.0114251
0.0117837
0.012309
0.0125047
0.0123763
0.0125396
0.0131548
0.0136468
0.013682
0.0137085
0.0142145
0.0148383
0.0150198
0.0151065
0.0155313
0.0160026
0.0163424
0.0167011
0.0170328
0.0173759
0.0178837
0.0184031
0.0187558
0.0190775
0.0195276
0.0200705
0.0206168
0.0210717
0.02143
0.0218657
0.0224734
0.0230801
0.0235259
0.0239518
0.0245445
0.0251938
0.0257073
0.026199
0.0268364
0.0274998
0.0280642
0.0286461
0.0293052
0.0299707
0.030609
0.031274
0.0319703
0.0326664
0.0333776
0.0341035
0.0348445
0.0355826
0.0363615
0.037147
0.037928
0.0387311
0.0395795
0.0404137
0.0412686
0.0421387
0.0430465
0.0439612
0.044888
0.0458408
0.0468064
0.0478096
0.048814
0.0498634
0.0508965
0.0519833
0.0530755
0.0541887
0.0553379
0.0564891
0.0576631
0.0588622
0.0600803
0.0613315
0.0625758
0.0638814
0.0651853
0.0665113
0.0678566
0.069199
0.0704352
0.0713227
0.0080334
0.00863975
0.00929
0.00999523
0.0107878
0.0115335
0.0119749
0.0119987
0.0117984
0.0116956
0.0118232
0.0120182
0.011979
0.0117088
0.0115701
0.0118023
0.0122817
0.0125983
0.0125642
0.012628
0.0131123
0.0136564
0.0138383
0.0138323
0.0141811
0.0148356
0.0151443
0.0151847
0.0155398
0.0160467
0.016383
0.0167287
0.017093
0.0174087
0.017875
0.0184322
0.0188108
0.0190981
0.01953
0.020082
0.0206337
0.0210967
0.0214549
0.0218723
0.0224737
0.0230966
0.0235502
0.0239616
0.024544
0.0252052
0.0257259
0.0262055
0.0268373
0.0275095
0.0280757
0.0286508
0.0293094
0.0299782
0.0306158
0.0312796
0.0319761
0.0326718
0.0333824
0.0341077
0.0348492
0.0355859
0.0363656
0.0371525
0.0379326
0.0387346
0.039584
0.0404196
0.041274
0.0421429
0.0430521
0.043967
0.0448929
0.0458458
0.0468112
0.0478147
0.0488188
0.0498676
0.0508997
0.0519871
0.0530783
0.0541919
0.0553404
0.0564909
0.057665
0.0588647
0.0600838
0.0613336
0.0625797
0.0638858
0.0651909
0.0665187
0.0678663
0.0692117
0.0704495
0.0713383
0.00799267
0.00869366
0.00941606
0.0101232
0.01085
0.0115338
0.0119962
0.0121082
0.0119667
0.0118406
0.0118847
0.0120329
0.0120641
0.0118794
0.0117266
0.0118622
0.0122612
0.0126419
0.0127249
0.012754
0.0131121
0.0136363
0.0139414
0.0139866
0.0141953
0.0147949
0.0152389
0.0152988
0.0155549
0.016074
0.0164363
0.0167522
0.0171409
0.0174604
0.0178691
0.0184412
0.0188711
0.019134
0.0195291
0.020089
0.0206524
0.0211214
0.0214823
0.0218819
0.0224713
0.023111
0.0235774
0.0239739
0.024542
0.0252149
0.0257462
0.0262139
0.0268374
0.0275185
0.0280884
0.0286559
0.0293132
0.0299858
0.0306232
0.0312851
0.0319819
0.0326776
0.0333864
0.0341119
0.0348544
0.0355895
0.0363697
0.0371581
0.0379377
0.0387381
0.0395885
0.0404259
0.0412796
0.0421472
0.0430579
0.043973
0.0448979
0.0458509
0.0468159
0.04782
0.0488236
0.0498718
0.050903
0.051991
0.0530812
0.0541951
0.0553431
0.0564927
0.0576673
0.0588672
0.0600874
0.0613358
0.0625837
0.0638906
0.0651964
0.0665266
0.0678763
0.0692243
0.070464
0.0713539
0.00794267
0.00872071
0.00951904
0.01025
0.0109367
0.0115626
0.0120147
0.0121868
0.0121062
0.0119795
0.0119695
0.0120619
0.0121214
0.0120179
0.0118795
0.01195
0.0122636
0.0126529
0.0128445
0.0128932
0.0131554
0.0136203
0.013993
0.0141345
0.0142666
0.0147495
0.0152831
0.0154276
0.0155956
0.0160838
0.0164926
0.0167848
0.017173
0.0175212
0.0178792
0.0184306
0.0189225
0.0191888
0.0195318
0.0200864
0.0206717
0.0211491
0.0215111
0.0218952
0.0224677
0.0231216
0.023607
0.0239897
0.0245386
0.0252222
0.0257677
0.0262246
0.026837
0.0275267
0.0281021
0.0286618
0.0293164
0.0299934
0.0306315
0.031291
0.0319873
0.0326836
0.0333905
0.0341161
0.0348599
0.0355934
0.0363738
0.0371638
0.037943
0.0387416
0.0395931
0.0404325
0.0412852
0.0421514
0.0430639
0.0439793
0.044903
0.0458562
0.0468208
0.0478255
0.0488284
0.0498761
0.0509064
0.051995
0.0530842
0.0541983
0.055346
0.0564943
0.0576699
0.0588699
0.0600911
0.0613383
0.0625879
0.0638959
0.065202
0.0665348
0.0678868
0.0692371
0.0704786
0.0713697
0.0079002
0.00872674
0.00959537
0.0103666
0.0110365
0.0116164
0.0120421
0.0122443
0.0122183
0.0121033
0.0120614
0.0121071
0.0121647
0.0121248
0.0120215
0.0120539
0.0122946
0.0126538
0.0129218
0.0130248
0.0132276
0.0136263
0.0140152
0.0142481
0.0143772
0.0147325
0.0152822
0.015544
0.0156693
0.0160875
0.0165375
0.0168304
0.0171955
0.0175781
0.0179127
0.0184149
0.0189531
0.0192564
0.019549
0.0200728
0.0206837
0.0211815
0.0215422
0.0219105
0.0224646
0.0231284
0.0236377
0.0240107
0.0245347
0.0252264
0.0257902
0.0262377
0.0268364
0.0275339
0.0281166
0.0286686
0.0293192
0.0300006
0.0306405
0.0312974
0.0319925
0.0326896
0.0333951
0.0341204
0.0348657
0.0355977
0.0363779
0.0371696
0.0379486
0.038745
0.0395976
0.0404396
0.041291
0.0421555
0.0430698
0.0439856
0.0449081
0.0458617
0.0468257
0.0478314
0.0488334
0.0498806
0.0509101
0.0519989
0.0530874
0.0542016
0.0553493
0.0564958
0.0576728
0.0588727
0.0600947
0.0613412
0.0625921
0.0639017
0.0652077
0.0665433
0.0678974
0.0692497
0.0704932
0.0713855
0.00788221
0.00872622
0.00964776
0.0104647
0.0111388
0.0116878
0.0120847
0.0122922
0.0123074
0.0122104
0.0121491
0.0121619
0.0122036
0.0122038
0.0121448
0.012163
0.012349
0.0126628
0.0129674
0.0131365
0.0133152
0.0136555
0.0140314
0.0143213
0.0144956
0.0147588
0.0152584
0.015626
0.0157672
0.0161023
0.0165657
0.0168829
0.0172175
0.0176206
0.0179619
0.0184094
0.0189618
0.0193235
0.0195899
0.0200583
0.0206814
0.0212164
0.0215805
0.0219264
0.0224605
0.0231316
0.0236674
0.0240369
0.0245317
0.0252265
0.0258131
0.0262542
0.0268356
0.0275398
0.028132
0.0286765
0.0293219
0.0300072
0.03065
0.0313044
0.0319976
0.0326955
0.0333997
0.034125
0.034872
0.0356021
0.036382
0.0371757
0.0379546
0.0387482
0.0396022
0.0404471
0.0412968
0.0421595
0.0430758
0.0439923
0.0449132
0.0458672
0.0468304
0.0478371
0.0488383
0.049885
0.050914
0.0520029
0.053091
0.054205
0.0553528
0.0564972
0.0576761
0.0588757
0.0600983
0.0613445
0.0625964
0.0639077
0.0652134
0.066552
0.0679086
0.0692623
0.0705078
0.0714013
0.00789379
0.00873274
0.00968546
0.0105404
0.0112326
0.0117662
0.0121406
0.0123396
0.0123784
0.0123019
0.0122277
0.0122176
0.0122415
0.0122613
0.0122429
0.0122651
0.012416
0.0126862
0.0129957
0.0132224
0.0134077
0.0137031
0.0140569
0.0143696
0.0145979
0.0148233
0.0152392
0.015667
0.0158697
0.0161387
0.0165831
0.0169346
0.0172471
0.0176494
0.0180132
0.0184213
0.0189574
0.0193751
0.019649
0.020056
0.020663
0.0212445
0.021631
0.021948
0.0224531
0.0231314
0.0236962
0.0240677
0.0245311
0.025222
0.0258349
0.0262744
0.0268348
0.0275437
0.0281482
0.0286857
0.0293242
0.0300134
0.0306599
0.0313121
0.0320031
0.0327013
0.0334043
0.0341297
0.0348787
0.0356068
0.0363859
0.0371819
0.0379609
0.0387511
0.0396066
0.0404556
0.0413028
0.0421637
0.0430819
0.0439992
0.0449185
0.045873
0.0468355
0.0478431
0.0488435
0.0498892
0.0509179
0.0520065
0.0530947
0.0542084
0.0553564
0.0564988
0.0576795
0.0588791
0.0601016
0.0613484
0.0626008
0.063914
0.0652196
0.0665607
0.06792
0.0692749
0.0705222
0.0714171
0.00792957
0.00875282
0.00971834
0.0105976
0.0113101
0.0118416
0.0122016
0.0123903
0.0124363
0.0123785
0.0122969
0.0122688
0.0122789
0.0123056
0.0123178
0.012353
0.0124864
0.0127224
0.0130189
0.0132832
0.0134935
0.0137616
0.0140923
0.0144093
0.014676
0.0149063
0.0152455
0.0156781
0.0159573
0.0161957
0.0165977
0.0169789
0.0172851
0.0176721
0.0180582
0.0184486
0.0189539
0.0194071
0.0197126
0.0200747
0.0206371
0.0212533
0.0216888
0.0219835
0.0224422
0.0231238
0.0237255
0.024104
0.0245338
0.0252137
0.0258549
0.0262989
0.0268348
0.0275448
0.028165
0.0286968
0.0293263
0.0300186
0.03067
0.0313201
0.0320086
0.0327073
0.0334087
0.0341344
0.034886
0.0356119
0.0363894
0.0371881
0.0379676
0.0387539
0.0396108
0.0404646
0.0413088
0.0421676
0.0430879
0.0440063
0.044924
0.0458789
0.0468408
0.0478491
0.0488489
0.0498938
0.0509226
0.0520103
0.0530988
0.0542118
0.0553599
0.0565004
0.0576829
0.0588828
0.0601046
0.0613526
0.0626054
0.0639204
0.065226
0.0665696
0.0679318
0.0692874
0.0705364
0.0714328
0.0079834
0.00878841
0.00975447
0.0106455
0.0113719
0.0119083
0.0122604
0.0124411
0.0124847
0.012439
0.0123564
0.0123131
0.0123137
0.0123407
0.0123745
0.0124251
0.0125527
0.0127662
0.0130437
0.0133266
0.0135651
0.0138243
0.0141332
0.0144471
0.0147338
0.0149864
0.015281
0.015679
0.0160188
0.0162655
0.0166188
0.0170143
0.0173282
0.0176941
0.0180945
0.0184831
0.0189586
0.019427
0.0197686
0.0201131
0.0206202
0.021239
0.0217394
0.0220395
0.0224348
0.0231013
0.0237516
0.0241482
0.0245396
0.0252005
0.0258723
0.0263279
0.0268365
0.0275427
0.0281819
0.0287106
0.0293286
0.0300229
0.0306803
0.0313287
0.0320144
0.0327135
0.0334129
0.0341388
0.0348937
0.0356179
0.0363927
0.0371945
0.037975
0.0387567
0.0396147
0.0404734
0.0413149
0.0421716
0.0430938
0.0440132
0.0449295
0.0458846
0.0468461
0.0478547
0.0488543
0.0498978
0.0509272
0.0520138
0.0531031
0.0542158
0.0553635
0.0565027
0.0576866
0.0588869
0.0601075
0.0613573
0.0626103
0.0639267
0.0652327
0.0665783
0.0679437
0.0693
0.0705503
0.0714482
0.00805315
0.00883832
0.00979664
0.0106899
0.0114208
0.0119608
0.0123085
0.0124838
0.0125225
0.0124808
0.0124021
0.0123471
0.0123403
0.0123666
0.0124157
0.0124826
0.0126097
0.0128124
0.0130728
0.0133619
0.0136228
0.0138852
0.0141783
0.0144847
0.0147804
0.0150517
0.0153323
0.0156866
0.0160527
0.0163339
0.016651
0.0170431
0.0173733
0.0177196
0.0181248
0.0185195
0.0189707
0.0194426
0.0198125
0.0201588
0.020624
0.021214
0.021768
0.0221123
0.0224466
0.0230632
0.0237658
0.0242036
0.0245525
0.0251808
0.0258853
0.0263614
0.0268406
0.0275364
0.0281974
0.0287274
0.0293315
0.0300257
0.0306903
0.0313376
0.0320204
0.0327203
0.0334175
0.0341427
0.0349013
0.0356245
0.0363953
0.0372006
0.0379829
0.0387594
0.0396187
0.040484
0.0413215
0.0421759
0.0431
0.0440203
0.0449355
0.0458904
0.0468519
0.0478606
0.0488599
0.0499022
0.050932
0.0520172
0.0531071
0.0542195
0.0553666
0.0565049
0.0576902
0.0588912
0.0601105
0.0613622
0.0626158
0.063933
0.06524
0.0665874
0.0679557
0.0693125
0.070564
0.0714637
0.00813657
0.00890066
0.00984454
0.0107318
0.0114593
0.0119967
0.0123401
0.0125105
0.0125449
0.0125021
0.012428
0.0123669
0.0123539
0.0123823
0.012443
0.012527
0.0126569
0.0128571
0.0131065
0.0133935
0.01367
0.0139397
0.0142254
0.0145231
0.0148224
0.0151043
0.0153851
0.0157082
0.016069
0.0163865
0.0166912
0.0170671
0.0174154
0.0177496
0.0181502
0.0185554
0.018988
0.0194573
0.0198492
0.0202016
0.0206446
0.0211954
0.0217685
0.0221829
0.0224909
0.0230215
0.0237555
0.0242667
0.0245811
0.0251547
0.0258905
0.0264009
0.0268494
0.0275258
0.0282102
0.0287476
0.0293363
0.0300269
0.0306996
0.031347
0.0320259
0.0327272
0.0334226
0.0341461
0.034909
0.0356322
0.0363979
0.0372063
0.0379913
0.0387626
0.039622
0.0404918
0.0413277
0.0421799
0.0431058
0.0440269
0.0449414
0.045896
0.0468577
0.0478661
0.0488653
0.0499065
0.0509369
0.052021
0.0531116
0.0542239
0.0553696
0.0565075
0.0576938
0.0588952
0.0601131
0.061367
0.0626211
0.0639387
0.065247
0.0665961
0.0679675
0.069325
0.070577
0.0714784
0.00823208
0.00897549
0.00989878
0.010772
0.0114888
0.0120182
0.0123537
0.012517
0.0125459
0.0124986
0.0124265
0.0123659
0.0123508
0.0123838
0.0124558
0.0125586
0.0126969
0.0128983
0.0131441
0.0134249
0.01371
0.0139863
0.0142696
0.0145609
0.01486
0.0151485
0.0154319
0.0157398
0.0160829
0.0164217
0.0167348
0.0170917
0.0174516
0.0177842
0.0181717
0.018586
0.019008
0.019469
0.0198816
0.0202405
0.0206701
0.021192
0.021753
0.0222301
0.0225616
0.0229973
0.0237145
0.0243232
0.0246343
0.0251281
0.0258817
0.0264446
0.0268664
0.0275119
0.0282187
0.0287709
0.0293444
0.0300273
0.0307082
0.0313573
0.0320314
0.0327347
0.0334289
0.034149
0.0349159
0.0356405
0.0364002
0.0372115
0.0380005
0.0387655
0.0396262
0.0405032
0.041335
0.0421851
0.0431124
0.0440339
0.044948
0.045902
0.0468643
0.0478722
0.048871
0.0499113
0.0509419
0.0520249
0.0531159
0.0542285
0.0553728
0.056511
0.0576983
0.0589
0.0601167
0.0613728
0.0626277
0.0639451
0.065255
0.0666058
0.0679794
0.0693374
0.0705902
0.0714932
0.00833798
0.00906098
0.00995725
0.0108074
0.0115048
0.0120193
0.0123418
0.0124938
0.0125152
0.0124624
0.012391
0.0123358
0.0123255
0.0123659
0.0124522
0.0125767
0.0127316
0.0129374
0.0131838
0.0134591
0.0137446
0.0140262
0.0143094
0.0145985
0.0148954
0.0151869
0.0154715
0.0157719
0.0160996
0.0164439
0.0167743
0.017121
0.0174836
0.0178243
0.0181972
0.0186119
0.019031
0.0194791
0.0199084
0.0202793
0.0206939
0.0211982
0.0217383
0.022248
0.0226365
0.0230051
0.0236518
0.0243495
0.0247093
0.0251118
0.0258522
0.0264853
0.0268931
0.0274946
0.0282189
0.0287945
0.0293555
0.030026
0.0307139
0.0313668
0.0320359
0.0327416
0.0334365
0.0341517
0.0349221
0.0356498
0.0364026
0.0372159
0.0380095
0.0387698
0.039629
0.0405091
0.0413412
0.0421895
0.0431178
0.0440395
0.0449536
0.0459072
0.0468701
0.0478773
0.0488755
0.0499156
0.0509463
0.0520286
0.05312
0.0542324
0.0553747
0.0565133
0.0577017
0.0589032
0.0601191
0.0613774
0.0626332
0.0639502
0.0652618
0.0666146
0.0679906
0.0693495
0.070602
0.071507
0.00845407
0.0091522
0.0100139
0.0108293
0.0114951
0.0119821
0.0122832
0.0124195
0.012434
0.012379
0.0123125
0.012269
0.0122726
0.0123279
0.0124336
0.0125837
0.0127618
0.0129775
0.0132248
0.0134955
0.0137753
0.0140581
0.0143434
0.0146336
0.0149288
0.0152209
0.015507
0.0158022
0.0161194
0.0164619
0.0168065
0.0171531
0.0175133
0.017865
0.0182293
0.0186348
0.0190565
0.019494
0.0199321
0.0203226
0.0207213
0.0212091
0.0217378
0.0222519
0.0227005
0.0230555
0.0236008
0.0243395
0.024799
0.0251288
0.0258089
0.0265175
0.0269372
0.0274826
0.0282131
0.0288202
0.0293734
0.0300273
0.0307195
0.0313771
0.032041
0.0327487
0.0334456
0.0341545
0.0349273
0.035659
0.0364054
0.0372199
0.0380193
0.0387741
0.0396331
0.0405188
0.0413494
0.0421964
0.0431243
0.0440463
0.0449605
0.0459138
0.0468777
0.0478839
0.0488811
0.0499213
0.0509517
0.0520332
0.053125
0.0542378
0.0553785
0.056518
0.0577074
0.0589081
0.0601233
0.0613836
0.0626403
0.0639567
0.0652701
0.0666246
0.0680019
0.0693615
0.0706144
0.071521
0.00862858
0.00926896
0.0100671
0.0108189
0.011429
0.0118685
0.0121352
0.0122488
0.0122558
0.0122046
0.0121536
0.0121352
0.0121656
0.0122501
0.0123856
0.0125686
0.0127752
0.0130054
0.0132532
0.0135189
0.0137918
0.0140706
0.0143589
0.0146514
0.014947
0.0152404
0.0155297
0.0158235
0.016133
0.0164737
0.0168269
0.0171801
0.0175389
0.0178966
0.01826
0.01865
0.0190714
0.0195056
0.0199436
0.0203572
0.020749
0.0212133
0.0217399
0.0222461
0.0227279
0.023118
0.0235734
0.0242833
0.0248634
0.0251791
0.0257577
0.0265197
0.0269884
0.027476
0.0281932
0.0288394
0.0293931
0.0300275
0.0307217
0.0313844
0.0320441
0.0327555
0.0334554
0.0341575
0.0349325
0.0356682
0.0364078
0.037223
0.0380277
0.0387806
0.0396358
0.0405231
0.0413564
0.0422026
0.0431292
0.0440518
0.0449663
0.045919
0.0468837
0.0478888
0.0488845
0.0499257
0.0509558
0.0520367
0.0531287
0.0542409
0.0553797
0.0565202
0.0577112
0.0589108
0.0601262
0.0613888
0.062646
0.0639617
0.0652767
0.0666335
0.0680125
0.0693728
0.0706247
0.0715338
0.00903226
0.00961003
0.0103214
0.010968
0.0114636
0.0118022
0.0119963
0.0120677
0.0120596
0.0120181
0.011995
0.0120171
0.0120874
0.0122093
0.0123727
0.0125777
0.0128018
0.0130389
0.0132841
0.0135409
0.0138083
0.0140806
0.0143693
0.0146637
0.0149603
0.0152587
0.0155532
0.0158508
0.016155
0.0164919
0.0168478
0.0172066
0.0175692
0.0179294
0.018296
0.0186759
0.0190897
0.0195251
0.0199597
0.0203881
0.020788
0.0212257
0.021747
0.0222543
0.0227383
0.0231818
0.0236001
0.0242221
0.0248895
0.025263
0.0257333
0.0264945
0.0270443
0.0274927
0.0281694
0.0288548
0.02942
0.0300322
0.030726
0.0313926
0.0320471
0.0327621
0.0334663
0.0341602
0.0349367
0.0356778
0.0364106
0.0372259
0.0380433
0.0387887
0.0396393
0.0405282
0.0413652
0.0422109
0.0431332
0.0440571
0.044973
0.0459251
0.0468912
0.0478953
0.0488893
0.0499313
0.0509612
0.0520413
0.0531341
0.0542461
0.0553838
0.0565251
0.0577167
0.0589147
0.0601298
0.0613947
0.0626524
0.0639677
0.0652845
0.0666431
0.068023
0.0693841
0.0706357
0.0715469
0.00890334
0.00938756
0.0099762
0.0105084
0.0109366
0.0112397
0.0114337
0.0115566
0.0116408
0.0117114
0.0117932
0.0119047
0.0120423
0.0122096
0.012396
0.0126054
0.0128296
0.0130616
0.0133006
0.0135468
0.0138083
0.0140765
0.0143603
0.0146559
0.0149545
0.0152624
0.015565
0.0158705
0.0161758
0.0165079
0.0168636
0.0172238
0.0175922
0.0179532
0.0183201
0.0186975
0.0191004
0.0195358
0.0199719
0.020406
0.0208229
0.0212437
0.0217452
0.0222613
0.0227368
0.0232148
0.023652
0.0241816
0.0248655
0.0253437
0.025748
0.0264482
0.0270785
0.027528
0.0281432
0.0288553
0.0294466
0.0300375
0.0307277
0.0313994
0.0320482
0.0327665
0.0334779
0.0341646
0.0349396
0.0356874
0.0364136
0.0372255
0.0380504
0.0387977
0.0396402
0.04053
0.0413751
0.0422216
0.0431375
0.0440629
0.0449811
0.0459318
0.046898
0.0479007
0.0488932
0.0499365
0.0509661
0.0520453
0.053138
0.0542488
0.0553854
0.0565284
0.0577214
0.0589182
0.0601343
0.0614012
0.0626586
0.0639731
0.0652914
0.0666522
0.0680329
0.0693949
0.0706423
0.071559
0.0108697
0.0106539
0.0103573
0.0101417
0.0100555
0.0101131
0.0103091
0.0105935
0.0109191
0.0112442
0.0115366
0.0117972
0.0120298
0.0122453
0.0124466
0.0126465
0.0128566
0.0130766
0.013309
0.0135494
0.0138049
0.0140723
0.0143487
0.0146424
0.0149435
0.0152593
0.0155713
0.0158822
0.0161935
0.0165209
0.0168762
0.0172383
0.017611
0.0179783
0.0183434
0.0187227
0.0191169
0.0195443
0.0199841
0.0204188
0.0208499
0.021269
0.0217433
0.0222623
0.022739
0.0232275
0.0237013
0.0241733
0.0248113
0.0253862
0.0257953
0.0264037
0.0270807
0.0275755
0.0281312
0.0288432
0.0294716
0.0300483
0.0307289
0.0314083
0.0320506
0.0327675
0.0334893
0.0341709
0.0349403
0.0356966
0.0364197
0.037224
0.0380583
0.0388131
0.0396427
0.0405275
0.0413845
0.0422311
0.0431371
0.0440644
0.0449869
0.0459369
0.0469039
0.0479047
0.0488959
0.049941
0.0509703
0.0520486
0.0531425
0.0542528
0.0553885
0.0565327
0.0577254
0.0589202
0.0601364
0.061406
0.0626635
0.0639775
0.065298
0.0666604
0.0680421
0.0694061
0.0706718
0.071572
0.0103283
0.0100328
0.00965478
0.00938518
0.00930314
0.00940603
0.00966652
0.0100392
0.0104648
0.0108941
0.0112848
0.0116289
0.0119276
0.0121908
0.012424
0.012642
0.012859
0.0130827
0.0133162
0.0135572
0.0138096
0.0140754
0.0143476
0.0146354
0.014937
0.0152525
0.0155718
0.0158878
0.0162068
0.0165353
0.0168877
0.0172541
0.0176248
0.0179993
0.018364
0.0187436
0.0191374
0.0195536
0.0199997
0.0204359
0.0208752
0.0213026
0.0217519
0.0222619
0.0227485
0.0232404
0.0237454
0.0242057
0.0247773
0.0254004
0.0258663
0.0263936
0.0270614
0.0276223
0.0281421
0.0288231
0.0294879
0.030065
0.0307274
0.0314169
0.0320561
0.0327637
0.0335001
0.0341812
0.0349388
0.0357043
0.0364273
0.0372179
0.038062
0.0388302
0.0396452
0.0405232
0.041398
0.0422487
0.0431414
0.0440699
0.0449979
0.0459463
0.0469129
0.0479109
0.0489006
0.0499482
0.050977
0.0520533
0.0531466
0.054256
0.0553909
0.056537
0.0577311
0.0589248
0.0601424
0.0614135
0.0626703
0.0639836
0.0653049
0.0666693
0.068051
0.0694156
0.0706783
0.0715825
0.0113288
0.0110206
0.0105756
0.0101828
0.00992572
0.00982591
0.00987667
0.010055
0.0103209
0.010642
0.0109824
0.0113248
0.0116523
0.0119637
0.012255
0.0125289
0.0127921
0.0130496
0.0133064
0.0135611
0.0138204
0.0140852
0.0143564
0.014638
0.0149323
0.0152387
0.0155539
0.0158742
0.0161988
0.0165368
0.0168888
0.0172602
0.0176301
0.0180071
0.0183793
0.0187549
0.0191529
0.0195599
0.0200041
0.0204443
0.0208816
0.0213223
0.0217573
0.0222495
0.0227474
0.0232408
0.02376
0.024231
0.0247508
0.0253716
0.0259055
0.0264022
0.0270242
0.0276416
0.0281692
0.0288021
0.029489
0.0300866
0.0307242
0.0314227
0.0320678
0.032755
0.0335067
0.0341956
0.0349336
0.0357115
0.0364398
0.0372099
0.0380653
0.038852
0.0396466
0.040512
0.0414069
0.0422609
0.0431381
0.0440665
0.0450021
0.0459511
0.0469175
0.0479123
0.0489007
0.0499515
0.0509808
0.0520557
0.0531495
0.054259
0.0553936
0.0565406
0.0577336
0.0589255
0.0601436
0.0614169
0.0626734
0.0639865
0.0653099
0.0666757
0.068058
0.0694232
0.070685
0.071592
0.00908137
0.00934401
0.00969741
0.0100053
0.0102301
0.0103619
0.0104262
0.0104789
0.0105617
0.0107052
0.0109109
0.0111737
0.0114758
0.0117991
0.0121269
0.0124406
0.0127409
0.0130262
0.0133039
0.0135743
0.0138415
0.0141085
0.0143792
0.0146579
0.0149396
0.0152343
0.0155405
0.0158642
0.0161982
0.0165473
0.0169042
0.017272
0.0176424
0.018014
0.0183934
0.0187694
0.0191681
0.0195792
0.0200136
0.0204612
0.0208948
0.0213404
0.0217793
0.0222466
0.0227552
0.0232534
0.0237728
0.0242673
0.0247619
0.0253572
0.0259307
0.0264381
0.0270116
0.0276402
0.0282073
0.0287968
0.0294732
0.0301117
0.0307234
0.0314197
0.032089
0.0327448
0.0335045
0.0342173
0.0349269
0.0357124
0.0364583
0.0371977
0.038059
0.0388795
0.039653
0.0405005
0.0414212
0.0422836
0.0431439
0.044071
0.0450131
0.0459622
0.0469283
0.0479189
0.0489047
0.0499588
0.0509879
0.0520604
0.0531528
0.0542616
0.0553962
0.056545
0.0577393
0.0589301
0.0601501
0.0614245
0.0626801
0.0639924
0.065316
0.0666836
0.0680651
0.0694302
0.0706914
0.0715996
0.0112533
0.0108278
0.0102522
0.00973622
0.00936911
0.00919876
0.00922301
0.00940863
0.00970792
0.0100824
0.0104966
0.0109185
0.011328
0.0117117
0.012071
0.012402
0.0127124
0.0130056
0.0132866
0.013563
0.0138311
0.0140998
0.0143693
0.0146457
0.0149227
0.0152118
0.0155157
0.0158411
0.0161882
0.0165466
0.0169102
0.0172737
0.0176431
0.0180145
0.0183933
0.0187774
0.0191725
0.0195896
0.0200175
0.0204634
0.0209024
0.0213411
0.0217927
0.0222449
0.0227502
0.0232609
0.0237666
0.0242797
0.0247718
0.0253411
0.0259284
0.0264561
0.0270137
0.0276248
0.0282288
0.0288112
0.0294508
0.0301284
0.0307344
0.0314062
0.0321109
0.0327446
0.0334891
0.0342384
0.0349262
0.0357039
0.036481
0.0371949
0.0380443
0.0389013
0.0396655
0.040482
0.0414221
0.0422983
0.0431425
0.0440661
0.045015
0.045965
0.0469326
0.047921
0.0489039
0.0499607
0.0509913
0.0520626
0.0531552
0.0542639
0.055398
0.0565474
0.0577415
0.0589306
0.0601504
0.0614266
0.0626821
0.0639939
0.0653188
0.0666874
0.0680696
0.0694348
0.0706962
0.0716055
0.0103811
0.00989191
0.00929247
0.00879633
0.00849398
0.00841444
0.00855029
0.00886262
0.00929752
0.00979558
0.0103111
0.0108093
0.0112722
0.0116913
0.0120676
0.0124046
0.012712
0.0130006
0.0132769
0.0135511
0.0138186
0.0140877
0.0143581
0.0146319
0.0149087
0.0151965
0.0155008
0.0158277
0.0161822
0.016547
0.0169119
0.0172739
0.0176392
0.0180124
0.0183889
0.0187767
0.0191723
0.0195896
0.0200197
0.0204599
0.0209039
0.0213389
0.0217927
0.0222482
0.0227457
0.0232664
0.0237691
0.0242844
0.0247866
0.0253437
0.0259295
0.0264655
0.0270231
0.0276208
0.0282288
0.0288246
0.0294417
0.0301269
0.0307494
0.0313993
0.0321174
0.0327585
0.0334783
0.0342458
0.0349378
0.0356927
0.0364891
0.0372071
0.0380356
0.0389075
0.0396847
0.0404835
0.041425
0.0423165
0.0431558
0.0440732
0.0450249
0.0459747
0.0469417
0.0479298
0.0489095
0.0499663
0.0509968
0.0520669
0.0531582
0.0542666
0.0554007
0.0565507
0.057747
0.058936
0.0601566
0.061433
0.0626884
0.0639996
0.065323
0.0666932
0.0680742
0.0694403
0.0707008
0.0716117
)
;

boundaryField
{
    zeroGradientPlanes
    {
        type            zeroGradient;
    }
    inlet
    {
        type            zeroGradient;
    }
    plate
    {
        type            zeroGradient;
    }
    frontAndBack
    {
        type            empty;
    }
}


// ************************************************************************* //
