/*--------------------------------*- C++ -*----------------------------------*\
| =========                 |                                                 |
| \\      /  F ield         | OpenFOAM: The Open Source CFD Toolbox           |
|  \\    /   O peration     | Version:  v1906                                 |
|   \\  /    A nd           | Web:      www.OpenFOAM.com                      |
|    \\/     M anipulation  |                                                 |
\*---------------------------------------------------------------------------*/
FoamFile
{
    version     2.0;
    format      ascii;
    class       volScalarField;
    location    "7.5";
    object      p;
}
// * * * * * * * * * * * * * * * * * * * * * * * * * * * * * * * * * * * * * //

dimensions      [0 2 -2 0 0 0 0];


internalField   nonuniform List<scalar> 
9600
(
3.52199e-11
-0.000482775
0.00234409
0.00174911
0.0018496
0.00272594
0.00265101
0.0041053
0.00566605
0.0066161
0.00529186
0.00724588
0.00774385
0.00897419
0.00869641
0.00965367
0.0111796
0.0137936
0.0156193
0.0198437
-8.8148e-06
-0.000496209
0.00235037
0.00177947
0.0017781
0.00270322
0.00264634
0.00410414
0.00567992
0.00661868
0.0052899
0.00724021
0.0077463
0.00898139
0.00870129
0.00964996
0.0111864
0.0137304
0.0156324
0.0194204
-1.67512e-05
-0.000506256
0.00236228
0.0018017
0.00170461
0.00267463
0.00264405
0.00412663
0.00570054
0.00660725
0.00529322
0.0072283
0.00775488
0.00898585
0.00870746
0.00963749
0.0111866
0.0136621
0.0156126
0.0189586
-2.30885e-05
-0.000503407
0.00237642
0.00181501
0.00164609
0.00266495
0.00264351
0.00417367
0.00573068
0.00658374
0.00530775
0.00721004
0.00776657
0.00898391
0.00871166
0.00961702
0.0111829
0.0135887
0.0155614
0.0185114
-2.67168e-05
-0.000485191
0.00238893
0.00182009
0.00160951
0.00267431
0.00264228
0.00424297
0.00577182
0.00655119
0.00533481
0.00718724
0.00777929
0.00897614
0.00871411
0.00959032
0.0111768
0.0135068
0.015482
0.0180771
-2.70314e-05
-0.000451479
0.00239579
0.00182064
0.00159998
0.00269707
0.00264218
0.0043293
0.00582337
0.00651462
0.00537378
0.00716312
0.0077924
0.00896538
0.00871583
0.00955905
0.0111677
0.0134163
0.0153773
0.0176506
-2.40924e-05
-0.000404284
0.00239408
0.00182102
0.00161637
0.00273045
0.00264629
0.00442644
0.00588361
0.00647731
0.00542228
0.00714001
0.00780587
0.00895279
0.00871733
0.00952441
0.0111545
0.0133194
0.0152478
0.0172288
-1.85774e-05
-0.000346508
0.00238415
0.00182472
0.00165383
0.00277115
0.00265558
0.00452875
0.00594984
0.0064402
0.00547736
0.00711878
0.00781988
0.00893903
0.00871843
0.00948762
0.0111371
0.0132183
0.0150941
0.0168118
-1.13743e-05
-0.000280248
0.0023694
0.00183352
0.00173759
0.00281447
0.00266812
0.00463116
0.00601832
0.00640285
0.00553639
0.00709945
0.00783438
0.00892463
0.00871896
0.00945048
0.0111155
0.0131139
0.0149186
0.0164013
-3.12888e-06
-0.000206558
0.00235405
0.00184757
0.00178357
0.00285637
0.00268059
0.00472936
0.00608489
0.00636456
0.00559747
0.00708169
0.00784912
0.00891023
0.00871891
0.00941504
0.0110896
0.0130077
0.0147261
0.0159996
5.92934e-06
-0.000126185
0.00234089
0.00186657
0.00182823
0.00289425
0.00269022
0.00481997
0.00614601
0.00632488
0.00565914
0.00706531
0.00786403
0.00889651
0.00871832
0.0093829
0.0110596
0.012901
0.0145221
0.0156081
1.59676e-05
-4.01801e-05
0.00233069
0.00188997
0.00187388
0.00292737
0.00269567
0.00490136
0.00619959
0.00628372
0.00572031
0.00705045
0.00787895
0.00888419
0.00871726
0.00935476
0.0110261
0.0127953
0.0143112
0.0152277
2.73405e-05
4.99809e-05
0.00232316
0.00191673
0.00192355
0.00295678
0.00269717
0.00497305
0.00624535
0.0062412
0.00578013
0.0070375
0.00789339
0.00887385
0.00871564
0.00933048
0.0109899
0.0126904
0.0140969
0.0148591
4.03495e-05
0.000142764
0.00231782
0.00194588
0.00197925
0.00298408
0.00269621
0.00503562
0.00628457
0.00619765
0.0058379
0.00702704
0.00790664
0.00886569
0.00871282
0.0093093
0.010952
0.0125851
0.0138811
0.0145026
5.52062e-05
0.000236998
0.00231444
0.0019767
0.00204105
0.00301032
0.00269481
0.00509007
0.00631931
0.00615363
0.00589293
0.00701967
0.00791808
0.00885956
0.00870821
0.00928963
0.0109129
0.0124771
0.013664
0.0141587
7.20912e-05
0.000331896
0.00231306
0.00200882
0.00210762
0.00303574
0.00269479
0.0051375
0.00635174
0.00610986
0.00594459
0.00701599
0.00792732
0.00885503
0.00870144
0.00926923
0.0108725
0.0123644
0.0134453
0.013828
9.11193e-05
0.00042695
0.00231392
0.00204209
0.00217724
0.00306017
0.00269755
0.005179
0.00638354
0.00606713
0.00599222
0.00701657
0.0079342
0.00885146
0.00869231
0.00924586
0.0108306
0.0122465
0.0132242
0.0135105
0.000112408
0.000521826
0.00231732
0.00207649
0.0022485
0.00308343
0.00270402
0.00521544
0.00641574
0.00602626
0.0060352
0.00702165
0.00793861
0.00884815
0.00868126
0.00921763
0.0107865
0.0121239
0.0129993
0.0132052
0.000136103
0.000616237
0.00232354
0.00211207
0.00232049
0.00310546
0.00271465
0.00524755
0.0064488
0.00598802
0.00607313
0.00703125
0.00794033
0.00884432
0.00866929
0.00918322
0.010739
0.0119979
0.0127693
0.0129096
0.00016237
0.000709921
0.00233291
0.00214894
0.00239269
0.00312639
0.00272971
0.00527586
0.00648284
0.00595314
0.00610548
0.00704531
0.00793976
0.00883884
0.00865704
0.00914188
0.0106866
0.0118705
0.0125341
0.0126215
0.000191392
0.000802619
0.00234573
0.0021873
0.00246481
0.00314642
0.00274917
0.00530082
0.0065178
0.00592231
0.00613171
0.00706352
0.00793787
0.00883076
0.0086447
0.00909331
0.0106276
0.0117431
0.0122947
0.0123392
0.000223381
0.000894061
0.00236226
0.00222737
0.00253661
0.00316579
0.00277292
0.0053229
0.0065535
0.00589613
0.00615172
0.00708528
0.00793543
0.00881924
0.00863234
0.00903771
0.0105604
0.0116162
0.0120522
0.0120612
0.000258582
0.00098399
0.00238268
0.0022694
0.00260786
0.00318475
0.00280084
0.0053425
0.00658961
0.00587499
0.00616561
0.00710987
0.00793302
0.00880339
0.00862
0.00897566
0.0104833
0.0114906
0.0118073
0.0117846
0.00029726
0.00107217
0.00240707
0.00231366
0.00267831
0.00320353
0.00283275
0.00535998
0.00662595
0.00585904
0.00617356
0.00713678
0.00793113
0.00878243
0.00860759
0.0089078
0.0103948
0.0113673
0.0115623
0.011504
0.000339684
0.00115837
0.00243545
0.00236043
0.00274771
0.00322235
0.00286826
0.00537623
0.00666255
0.0058483
0.00617563
0.00716549
0.00793041
0.00875557
0.00859461
0.00883507
0.0102932
0.0112469
0.011323
0.0112143
0.000386119
0.00124234
0.00246771
0.00241005
0.00281598
0.00324145
0.00290706
0.00539043
0.00669938
0.00584299
0.00617185
0.00719517
0.00793165
0.00872207
0.00858012
0.00875918
0.0101765
0.0111272
0.011097
0.0109153
0.000436848
0.00132395
0.00250358
0.0024628
0.00288308
0.00326116
0.00294905
0.00540261
0.00673607
0.00584349
0.0061625
0.00722492
0.00793556
0.00868151
0.00856256
0.00868292
0.0100446
0.0110024
0.0108892
0.0106152
0.000492164
0.0014031
0.00254274
0.00251902
0.00294885
0.00328165
0.00299416
0.00541301
0.00677228
0.00584997
0.00614791
0.00725365
0.00794279
0.00863417
0.00854012
0.00860889
0.00990029
0.010866
0.0106977
0.0103243
0.000552271
0.00147973
0.00258488
0.00257921
0.00301323
0.00330297
0.00304233
0.00542188
0.00680777
0.00586257
0.00612823
0.00727977
0.00795388
0.00858098
0.00851137
0.00853791
0.0097474
0.0107158
0.0105167
0.0100489
0.000617341
0.00155395
0.0026295
0.00264367
0.00307644
0.00332519
0.0030934
0.00542936
0.00684204
0.00588157
0.00610382
0.00730148
0.00796899
0.0085231
0.00847495
0.00846926
0.00958932
0.0105539
0.0103422
0.00978968
0.000687621
0.00162598
0.00267606
0.0027124
0.00313893
0.00334834
0.00314704
0.00543591
0.00687447
0.00590696
0.00607566
0.00731742
0.00798792
0.00846155
0.00842943
0.00840252
0.00942801
0.0103819
0.0101739
0.00954718
0.000763246
0.00169612
0.00272415
0.00278535
0.00320114
0.00337228
0.00320406
0.00544211
0.00690459
0.00593838
0.00604475
0.00732641
0.00801015
0.00839735
0.00837367
0.0083385
0.00926612
0.0101982
0.0100105
0.00932511
0.000844238
0.00176479
0.00277339
0.00286243
0.00326373
0.00339674
0.00326321
0.00544858
0.00693216
0.00597525
0.00601196
0.00732731
0.00803486
0.00833189
0.00830652
0.00827719
0.00910835
0.0100022
0.00984677
0.00912736
0.000930616
0.00183247
0.00282343
0.00294343
0.0033275
0.00342179
0.00332369
0.00545587
0.00695733
0.00601657
0.00597798
0.00731928
0.00806085
0.00826676
0.00822699
0.00821626
0.00895987
0.00979785
0.00967584
0.00895227
0.00102242
0.0018996
0.00287402
0.00302784
0.00339301
0.00344782
0.0033848
0.00546425
0.00698062
0.00606157
0.00594287
0.00730139
0.00808686
0.00820382
0.0081348
0.00815418
0.00882351
0.00959247
0.00949427
0.00879252
0.00111965
0.00196663
0.0029251
0.00311497
0.00346079
0.00347565
0.00344563
0.00547359
0.00700271
0.00611024
0.00590656
0.00727253
0.00811218
0.0081454
0.00803046
0.00808552
0.00869915
0.00939224
0.00930272
0.00863887
0.00122222
0.00203393
0.00297683
0.00320433
0.00353107
0.00350597
0.00350522
0.00548342
0.00702406
0.00616294
0.00586955
0.00723105
0.00813529
0.00809408
0.00791536
0.00800664
0.00858639
0.00920178
0.0091037
0.00848284
0.00133018
0.00210173
0.0030296
0.00329553
0.0036038
0.00354005
0.00356294
0.00549251
0.00704468
0.00622042
0.00583291
0.00717493
0.00815339
0.00805261
0.00779209
0.00791465
0.00848364
0.00902671
0.00890175
0.00831714
0.00144356
0.00217015
0.00308398
0.00338838
0.00367873
0.00357958
0.00361846
0.00549878
0.00706398
0.00628374
0.00579814
0.00710274
0.0081629
0.00802346
0.00766524
0.0078045
0.0083858
0.00887282
0.00870614
0.00813831
0.00156228
0.00223976
0.00314041
0.00348331
0.00375477
0.00362583
0.00367281
0.00550078
0.00708076
0.00635336
0.00576773
0.00701386
0.00815841
0.00800763
0.00754196
0.0076733
0.00828443
0.0087413
0.00852992
0.00795164
0.00168645
0.00230903
0.00319878
0.00358108
0.00383055
0.003679
0.00372795
0.005498
0.00709319
0.00642871
0.00574537
0.00690936
0.0081344
0.00800359
0.00743022
0.00752275
0.00816966
0.00862657
0.00838215
0.00777189
0.00181615
0.00237886
0.00325852
0.00368264
0.00390571
0.00373867
0.0037861
0.00549006
0.00709831
0.00650846
0.00573497
0.00679237
0.00808627
0.00800725
0.00733711
0.0073594
0.00803368
0.00852
0.0082645
0.0076163
0.00195132
0.00245018
0.00331848
0.00378893
0.00398117
0.00380252
0.00384962
0.00547803
0.00709307
0.00659046
0.00573945
0.00666731
0.00801022
0.00801246
0.00726827
0.00719171
0.00787157
0.0084136
0.00817409
0.00749616
0.00209187
0.00252395
0.0033771
0.00390042
0.0040588
0.00386748
0.00391903
0.0054646
0.00707535
0.00667107
0.00576057
0.00653932
0.00790559
0.0080124
0.00722558
0.00702686
0.00768087
0.00829857
0.00810704
0.0074145
0.00223761
0.00260138
0.00343275
0.00401681
0.00414147
0.00393081
0.00399333
0.0054532
0.00704417
0.00674515
0.00579872
0.00641548
0.00777506
0.00799989
0.00720622
0.00684457
0.00746431
0.00816324
0.0080573
0.00736928
0.00238785
0.00268411
0.00348424
0.0041366
0.00423288
0.00399081
0.0040707
0.00544721
0.00700035
0.00680686
0.00585161
0.00630298
0.00762442
0.0079697
0.00720742
0.00672664
0.00723587
0.00799616
0.00801319
0.00735698
0.00254208
0.00277369
0.00353125
0.00425688
0.00433668
0.00404818
0.00414618
0.00544889
0.0069483
0.0068528
0.00591404
0.00620625
0.00746127
0.00791965
0.00722114
0.00663862
0.00701016
0.00779378
0.00795794
0.00737217
0.00269919
0.00287155
0.00357435
0.00437344
0.00445523
0.00410545
0.0042128
0.00545772
0.00689582
0.00688316
0.00597968
0.00612699
0.00729265
0.00784922
0.00724012
0.00657825
0.00679911
0.00756299
0.00787504
0.0074041
0.00285807
0.00297885
0.00361497
0.00448182
0.0045884
0.00416727
0.00426604
0.00547081
0.00685055
0.00690101
0.00604331
0.00606465
0.00712391
0.00775884
0.00725934
0.00654526
0.00661112
0.00731442
0.00775405
0.007437
0.00301794
0.00309656
0.00365573
0.00457758
0.00473355
0.00424113
0.0043048
0.00548047
0.00681606
0.00691387
0.00610253
0.00601646
0.00695877
0.00764944
0.0072726
0.00653885
0.00645391
0.00705963
0.00759242
0.00745306
0.00317774
0.00322534
0.00370015
0.00465686
0.00488635
0.00433485
0.00433121
0.00547689
0.00679022
0.00693011
0.00615929
0.00597966
0.0068001
0.00752392
0.00727394
0.00655367
0.00633362
0.00681344
0.0073942
0.00743612
0.00333655
0.00336499
0.00375206
0.00471788
0.00504041
0.00445334
0.00435151
0.00545227
0.00676571
0.00695546
0.00621991
0.00595356
0.00664846
0.007385
0.00725995
0.00658152
0.00625363
0.0065913
0.00717033
0.00737596
0.00349382
0.00351508
0.00381515
0.00476033
0.00518684
0.00459823
0.00437726
0.00540387
0.00673079
0.00699084
0.00629235
0.00594122
0.0065042
0.00723331
0.00722912
0.00661581
0.0062092
0.00640474
0.00693794
0.00727091
0.00364885
0.00367485
0.00389383
0.00478611
0.00531491
0.00476578
0.00442232
0.00533422
0.00667251
0.00703222
0.00638272
0.00594826
0.00637053
0.00706976
0.00717902
0.00665253
0.00619418
0.00625891
0.00671427
0.00712772
0.00380155
0.00384086
0.00399064
0.00480121
0.00541741
0.0049492
0.00449829
0.00525195
0.0065814
0.00706916
0.00649275
0.00598031
0.00625426
0.00689845
0.00710529
0.0066855
0.00620369
0.00615437
0.00651367
0.0069603
0.00395372
0.00400954
0.00410403
0.00481057
0.00548984
0.00513664
0.00461328
0.00517711
0.00645725
0.00708367
0.00661819
0.00604176
0.00616216
0.0067267
0.00700682
0.00670505
0.00623347
0.00609001
0.00634653
0.00678696
0.00410604
0.00418122
0.0042343
0.00481678
0.00552884
0.00531333
0.0047651
0.00513368
0.00630981
0.00705937
0.00674659
0.00613558
0.00610115
0.00656269
0.00688738
0.00670339
0.00627678
0.00606251
0.00621818
0.00662365
0.00425859
0.00435976
0.00437927
0.00482401
0.00553494
0.00546912
0.00494702
0.00513319
0.00615809
0.00699114
0.00685741
0.00625852
0.00608008
0.00641595
0.00675304
0.00667688
0.0063183
0.00606648
0.00613104
0.0064808
0.00441088
0.00452487
0.00453603
0.00485207
0.00552167
0.00559594
0.00514446
0.00517761
0.00602102
0.00688234
0.00693138
0.00639777
0.00610301
0.00629873
0.00661203
0.00662525
0.00634723
0.00609297
0.00608503
0.0063669
0.00456209
0.00468268
0.00470065
0.00490583
0.00550027
0.00568861
0.00533777
0.00526159
0.00591475
0.00674773
0.00696035
0.00653592
0.00616678
0.00622246
0.00647647
0.0065518
0.0063587
0.00612799
0.00607525
0.00629074
0.00471227
0.00483333
0.00486764
0.0049834
0.00547965
0.00574763
0.00551501
0.00537773
0.00585084
0.00660845
0.00694446
0.00665613
0.00626045
0.00619084
0.0063621
0.00646446
0.00635641
0.00616022
0.00609035
0.00625366
0.0048627
0.00497839
0.00502734
0.00507948
0.00547165
0.00578156
0.00566945
0.0055139
0.00583053
0.00648191
0.00688975
0.00674449
0.00637056
0.00620166
0.00627987
0.00637378
0.00632483
0.00618084
0.00611453
0.00624794
0.00501225
0.00511597
0.00517971
0.00519208
0.00548192
0.00579761
0.00579496
0.00565642
0.00585004
0.00638265
0.00681313
0.00679592
0.00648271
0.00624896
0.00623386
0.00629506
0.00628278
0.00618922
0.00613779
0.00626021
0.00516041
0.0052513
0.00532213
0.00531214
0.00551112
0.00580583
0.00589236
0.00579546
0.00590332
0.00631792
0.00673303
0.00681313
0.0065811
0.0063243
0.00622695
0.0062376
0.00623873
0.00618785
0.00615942
0.00627958
0.00530624
0.00538096
0.00545536
0.00543489
0.00555871
0.00581546
0.00596536
0.00592269
0.00598105
0.00628984
0.00666251
0.00680636
0.00665803
0.00641359
0.00625835
0.00621014
0.00620182
0.00618261
0.00618189
0.00630464
0.00544829
0.00550931
0.0055792
0.00555602
0.0056238
0.00583175
0.00601769
0.00603196
0.00607145
0.00629584
0.00661242
0.0067899
0.00671632
0.00650279
0.00631945
0.00621935
0.00618257
0.00617652
0.00620075
0.00633441
0.00558546
0.00563115
0.00569545
0.0056714
0.00570025
0.00585982
0.00605905
0.0061244
0.0061671
0.00633046
0.0065888
0.00677462
0.00676183
0.00658855
0.00639714
0.00626355
0.00619292
0.00617985
0.00622263
0.00637038
0.00571716
0.00575258
0.00580458
0.00577835
0.00578188
0.00589853
0.0060933
0.00619962
0.00626244
0.00638701
0.00659292
0.00677177
0.00680288
0.00667487
0.00648722
0.0063347
0.00623769
0.00620388
0.00624823
0.0064025
0.005841
0.00586897
0.00590804
0.0058783
0.00586649
0.00594796
0.00612632
0.00626021
0.00635145
0.00645808
0.00662183
0.00678763
0.00684773
0.00676571
0.00659669
0.00643223
0.00631641
0.00625855
0.00629006
0.00644712
0.00595526
0.0059734
0.00600565
0.00597163
0.00595043
0.00600587
0.00616308
0.00631002
0.00643084
0.00653971
0.00667547
0.0068241
0.00689927
0.00685781
0.00672475
0.0065619
0.00643397
0.00635935
0.00637025
0.00651897
0.00606196
0.00607882
0.00609637
0.00605274
0.00602607
0.00606669
0.00620566
0.0063543
0.00649566
0.00662044
0.0067535
0.00689523
0.00697774
0.00696158
0.0068673
0.00672032
0.00658333
0.00649606
0.00648342
0.0066084
0.00615709
0.00617349
0.00618025
0.00612393
0.00609109
0.00612473
0.00625438
0.00640511
0.00655617
0.00668453
0.00682775
0.00699249
0.00710779
0.00712991
0.00707466
0.00696109
0.00682378
0.00672184
0.00668837
0.00678219
0.00623626
0.00625513
0.00626116
0.00619362
0.00615094
0.00617118
0.0062819
0.00643972
0.00661888
0.00675251
0.00687772
0.00703791
0.00719236
0.00727053
0.00727638
0.00722629
0.00712386
0.00701943
0.00697023
0.00704251
0.00630924
0.00633127
0.0063401
0.0062609
0.00622273
0.00623695
0.00631512
0.0064492
0.00665151
0.00687179
0.00707272
0.00727302
0.0074571
0.00757488
0.00761743
0.00761795
0.00754892
0.00743369
0.00733257
0.007299
0.00634243
0.00635264
0.00633867
0.0062786
0.00626192
0.00629433
0.00638827
0.00646055
0.00653305
0.00661773
0.00682606
0.00718009
0.00756956
0.00786966
0.00805484
0.0082061
0.00837822
0.00858664
0.00883986
0.00908161
0.00644139
0.00646888
0.00647772
0.00636413
0.00629666
0.00626671
0.00633519
0.00652684
0.00680456
0.00710968
0.00738885
0.00761792
0.00780346
0.00798982
0.00815459
0.00831081
0.00849225
0.00868365
0.0088599
0.00896003
0.00629187
0.00629055
0.00639097
0.00646825
0.00650778
0.00654801
0.00663976
0.00676688
0.00692373
0.00706535
0.00721333
0.00741126
0.00764146
0.00789961
0.00818392
0.00850268
0.00889017
0.0092806
0.00959234
0.00975916
0.00651333
0.00656367
0.00662755
0.00658846
0.00659236
0.00662409
0.00672127
0.00684906
0.00700691
0.00722071
0.00747535
0.00774438
0.00797583
0.00813619
0.00824318
0.00823454
0.00810939
0.00791933
0.00772279
0.00758146
0.00633177
0.00634907
0.00652003
0.00665925
0.00673679
0.00677593
0.00685685
0.00695602
0.00707346
0.00722973
0.00740571
0.00760665
0.00786112
0.00811604
0.00838579
0.00869178
0.00901781
0.00933675
0.00959616
0.00974208
0.0064753
0.00652521
0.00673223
0.00683308
0.0068865
0.00690049
0.00696039
0.00705324
0.0071583
0.00731587
0.00753485
0.0077685
0.00802872
0.00827667
0.00849766
0.00870977
0.00889414
0.00905803
0.00918412
0.00920904
0.0226687
0.0165434
0.00843669
0.00283526
0.00174209
0.00306247
0.00446052
0.00536108
0.00587735
0.00622007
0.00661113
0.00709923
0.00747986
0.00763537
0.0077358
0.00794518
0.00822508
0.00846934
0.00863936
0.0088275
0.00914389
0.00951168
0.00976221
0.00989637
0.0100828
0.0104126
0.0107639
0.0110025
0.0112013
0.0114998
0.011841
0.0121062
0.0123421
0.0126313
0.0129687
0.0133284
0.0137183
0.0141192
0.0144978
0.0148658
0.015231
0.0155672
0.0158776
0.0161757
0.016469
0.0168036
0.0171887
0.0175873
0.0179681
0.0183703
0.0188028
0.0192291
0.0196212
0.0200425
0.0205248
0.0209877
0.0214134
0.0218381
0.0222637
0.0226831
0.0231424
0.0236372
0.0241723
0.0247145
0.0252731
0.0258304
0.026343
0.026821
0.0273621
0.027926
0.0284952
0.0290934
0.0296979
0.030288
0.03088
0.03151
0.0321535
0.0328291
0.0334963
0.0341929
0.0348783
0.0356011
0.0363521
0.0371092
0.0378835
0.0386728
0.0394978
0.0403277
0.0411544
0.0419948
0.042808
0.043704
0.0445894
0.0454854
0.0463778
0.0472425
0.0480884
0.0488599
0.0495117
0.0500341
0.0219382
0.0163983
0.00852441
0.00298363
0.00183045
0.00310369
0.00448583
0.00537941
0.00589127
0.00623057
0.00661932
0.00710645
0.00748665
0.00764129
0.00774072
0.00794946
0.00822904
0.00847304
0.00864263
0.00883021
0.00914629
0.00951409
0.00976455
0.00989836
0.0100844
0.010414
0.0107654
0.0110039
0.0112025
0.0115008
0.011842
0.0121072
0.012343
0.0126321
0.0129694
0.0133291
0.013719
0.0141199
0.0144985
0.0148664
0.0152317
0.0155679
0.0158783
0.0161763
0.0164696
0.0168041
0.0171892
0.0175878
0.0179686
0.0183708
0.0188033
0.0192295
0.0196216
0.0200428
0.0205251
0.0209881
0.0214138
0.0218385
0.022264
0.0226835
0.0231427
0.0236375
0.0241726
0.0247148
0.0252734
0.0258307
0.0263432
0.0268212
0.0273623
0.0279262
0.0284954
0.0290936
0.029698
0.0302882
0.0308802
0.0315101
0.0321536
0.0328292
0.0334964
0.034193
0.0348784
0.0356012
0.0363522
0.0371093
0.0378837
0.0386729
0.0394979
0.0403278
0.0411545
0.0419949
0.0428081
0.0437041
0.0445895
0.0454855
0.0463779
0.0472425
0.0480885
0.04886
0.0495117
0.050034
0.0212501
0.0162458
0.00869199
0.00325059
0.00198314
0.00315936
0.00451081
0.0053976
0.00590717
0.00624435
0.00663023
0.00711474
0.0074934
0.0076472
0.0077459
0.00795395
0.00823292
0.00847652
0.00864576
0.0088329
0.00914872
0.00951646
0.00976675
0.00990021
0.0100859
0.0104154
0.0107669
0.0110051
0.0112035
0.0115017
0.011843
0.0121082
0.0123438
0.0126328
0.0129701
0.0133297
0.0137196
0.0141205
0.0144991
0.014867
0.0152323
0.0155685
0.0158788
0.0161768
0.0164701
0.0168046
0.0171897
0.0175883
0.0179691
0.0183712
0.0188037
0.0192299
0.019622
0.0200432
0.0205255
0.0209885
0.0214142
0.0218388
0.0222643
0.0226837
0.0231429
0.0236377
0.0241728
0.024715
0.0252736
0.0258309
0.0263435
0.0268214
0.0273625
0.0279264
0.0284955
0.0290937
0.0296982
0.0302883
0.0308803
0.0315103
0.0321538
0.0328293
0.0334966
0.0341931
0.0348786
0.0356014
0.0363524
0.0371094
0.0378838
0.038673
0.039498
0.0403279
0.0411546
0.041995
0.0428082
0.0437042
0.0445896
0.0454856
0.0463779
0.0472426
0.0480885
0.04886
0.0495118
0.050034
0.0205925
0.01609
0.00890506
0.0035898
0.00219566
0.00324037
0.00454722
0.00542371
0.00593037
0.00626543
0.00664686
0.00712556
0.00750063
0.00765406
0.00775328
0.00796056
0.00823792
0.0084806
0.00864976
0.00883673
0.00915196
0.00951915
0.00976926
0.0099027
0.0100882
0.0104174
0.0107686
0.0110066
0.0112048
0.0115029
0.0118442
0.0121091
0.0123446
0.0126336
0.0129708
0.0133304
0.0137202
0.0141212
0.0144997
0.0148677
0.0152329
0.0155691
0.0158794
0.0161774
0.0164705
0.016805
0.0171901
0.0175888
0.0179695
0.0183716
0.0188041
0.0192304
0.0196224
0.0200435
0.0205258
0.0209889
0.0214145
0.0218391
0.0222647
0.022684
0.0231431
0.023638
0.024173
0.0247153
0.0252738
0.0258312
0.0263437
0.0268215
0.0273626
0.0279266
0.0284957
0.0290939
0.0296984
0.0302885
0.0308804
0.0315104
0.0321539
0.0328295
0.0334967
0.0341933
0.0348787
0.0356015
0.0363525
0.0371095
0.0378839
0.0386731
0.0394981
0.040328
0.0411547
0.0419951
0.0428083
0.0437043
0.0445897
0.0454856
0.046378
0.0472427
0.0480887
0.0488601
0.0495119
0.0500339
0.0199397
0.0159177
0.00913027
0.00395347
0.00243444
0.003335
0.00459008
0.00545606
0.00596091
0.00629459
0.00667047
0.00713996
0.00750867
0.00766205
0.00776354
0.0079704
0.00824494
0.00848589
0.00865545
0.00884272
0.00915664
0.00952219
0.00977212
0.00990643
0.0100922
0.0104205
0.0107709
0.0110087
0.0112069
0.0115048
0.0118458
0.0121104
0.0123457
0.0126345
0.0129717
0.0133312
0.013721
0.0141219
0.0145004
0.0148684
0.0152337
0.0155698
0.0158799
0.0161779
0.016471
0.0168055
0.0171906
0.0175893
0.01797
0.0183721
0.0188046
0.0192308
0.0196228
0.0200439
0.0205262
0.0209893
0.0214149
0.0218395
0.022265
0.0226843
0.0231434
0.0236382
0.0241733
0.0247155
0.0252741
0.0258315
0.026344
0.0268217
0.0273628
0.0279268
0.0284959
0.0290941
0.0296985
0.0302886
0.0308806
0.0315105
0.032154
0.0328296
0.0334968
0.0341934
0.0348788
0.0356016
0.0363526
0.0371096
0.037884
0.0386732
0.0394982
0.0403281
0.0411548
0.0419952
0.0428084
0.0437044
0.0445898
0.0454857
0.0463781
0.0472428
0.0480888
0.0488603
0.0495122
0.0500338
0.0192878
0.0157229
0.00935046
0.00432316
0.0026871
0.00343679
0.00463421
0.00549059
0.00599588
0.00632933
0.00669906
0.0071569
0.00751713
0.0076708
0.00777624
0.00798327
0.00825409
0.00849266
0.00866327
0.00885152
0.00916323
0.00952555
0.00977511
0.00991153
0.0100982
0.0104251
0.0107738
0.0110116
0.0112102
0.0115078
0.011848
0.0121121
0.0123472
0.0126358
0.0129728
0.0133321
0.0137218
0.0141226
0.0145012
0.0148693
0.0152346
0.0155705
0.0158805
0.0161784
0.0164716
0.016806
0.0171911
0.0175898
0.0179706
0.0183727
0.0188052
0.0192314
0.0196233
0.0200443
0.0205267
0.0209897
0.0214153
0.0218399
0.0222653
0.0226846
0.0231437
0.0236385
0.0241736
0.0247158
0.0252744
0.0258319
0.0263443
0.026822
0.027363
0.027927
0.0284961
0.0290943
0.0296988
0.0302888
0.0308807
0.0315107
0.0321542
0.0328297
0.033497
0.0341935
0.0348789
0.0356017
0.0363527
0.0371097
0.0378841
0.0386733
0.0394983
0.0403282
0.0411549
0.0419953
0.0428085
0.0437045
0.0445899
0.0454858
0.0463783
0.0472429
0.048089
0.0488606
0.0495126
0.0500337
0.0186418
0.015505
0.00955851
0.0046943
0.00295292
0.0035464
0.00467914
0.00552605
0.00603392
0.00636789
0.00673077
0.00717538
0.0075259
0.00767998
0.00779036
0.00799801
0.00826471
0.00850072
0.00867317
0.0088631
0.00917184
0.00952937
0.00977817
0.00991782
0.0101063
0.0104311
0.0107773
0.0110153
0.0112149
0.0115121
0.011851
0.0121145
0.0123495
0.0126377
0.0129742
0.0133333
0.0137226
0.0141233
0.0145019
0.0148703
0.0152357
0.0155715
0.0158812
0.0161791
0.0164724
0.0168067
0.0171916
0.0175903
0.0179712
0.0183733
0.0188057
0.0192319
0.0196239
0.0200449
0.0205272
0.0209903
0.0214159
0.0218404
0.0222657
0.0226849
0.023144
0.0236388
0.024174
0.0247162
0.0252747
0.0258323
0.0263447
0.0268222
0.0273632
0.0279273
0.0284964
0.0290945
0.029699
0.030289
0.0308809
0.0315109
0.0321543
0.0328299
0.0334971
0.0341937
0.0348791
0.0356018
0.0363529
0.0371099
0.0378842
0.0386734
0.0394984
0.0403284
0.041155
0.0419954
0.0428086
0.0437046
0.04459
0.045486
0.0463784
0.0472431
0.0480892
0.048861
0.0495132
0.0500336
0.0180089
0.0152652
0.00974996
0.00506493
0.00323339
0.00366682
0.00472613
0.00556217
0.00607442
0.00640958
0.00676497
0.00719528
0.00753526
0.00768964
0.00780529
0.0080137
0.00827608
0.00850961
0.00868461
0.00887686
0.00918221
0.00953386
0.00978148
0.009925
0.0101157
0.010438
0.0107813
0.0110197
0.0112209
0.0115175
0.0118549
0.0121179
0.0123528
0.0126405
0.0129762
0.0133348
0.0137236
0.0141238
0.0145024
0.0148712
0.015237
0.0155726
0.015882
0.01618
0.0164734
0.0168076
0.0171921
0.0175908
0.017972
0.0183741
0.0188063
0.0192324
0.0196245
0.0200456
0.0205278
0.0209909
0.0214165
0.021841
0.0222662
0.0226853
0.0231443
0.0236392
0.0241744
0.0247166
0.0252752
0.0258328
0.0263452
0.0268226
0.0273635
0.0279276
0.0284967
0.0290948
0.0296993
0.0302893
0.0308811
0.0315111
0.0321545
0.0328301
0.0334973
0.0341938
0.0348792
0.0356019
0.036353
0.03711
0.0378844
0.0386735
0.0394985
0.0403285
0.0411552
0.0419956
0.0428087
0.0437047
0.0445902
0.0454861
0.0463786
0.0472433
0.0480895
0.0488616
0.0495141
0.0500335
0.0173953
0.0150054
0.00992157
0.00543312
0.00352926
0.00380049
0.00477622
0.00559842
0.00611673
0.00645421
0.00680178
0.00721684
0.00754541
0.00769975
0.00782078
0.00803003
0.00828793
0.00851897
0.00869694
0.00889202
0.00919393
0.00953913
0.00978522
0.00993281
0.010126
0.0104455
0.0107854
0.0110245
0.0112277
0.0115238
0.0118593
0.0121219
0.0123571
0.0126442
0.012979
0.0133368
0.0137249
0.0141242
0.0145027
0.014872
0.0152382
0.0155738
0.015883
0.0161812
0.0164749
0.0168088
0.0171928
0.0175914
0.0179729
0.018375
0.0188069
0.0192329
0.0196252
0.0200463
0.0205284
0.0209914
0.0214173
0.0218417
0.0222668
0.0226857
0.0231447
0.0236395
0.0241747
0.024717
0.0252756
0.0258333
0.0263458
0.026823
0.0273639
0.027928
0.0284971
0.0290953
0.0296997
0.0302897
0.0308814
0.0315113
0.0321548
0.0328304
0.0334975
0.034194
0.0348794
0.0356021
0.0363532
0.0371101
0.0378845
0.0386737
0.0394987
0.0403287
0.0411553
0.0419957
0.0428088
0.0437048
0.0445903
0.0454862
0.0463789
0.0472435
0.0480899
0.0488624
0.0495153
0.0500335
0.0168057
0.0147294
0.0100719
0.00579631
0.00383945
0.00394873
0.00483011
0.00563406
0.00616008
0.00650169
0.00684141
0.00724017
0.00755634
0.00771026
0.00783684
0.00804702
0.00830027
0.00852862
0.00870974
0.00890803
0.00920664
0.00954515
0.00978944
0.00994109
0.0101369
0.0104533
0.0107897
0.0110296
0.0112352
0.0115306
0.011864
0.0121264
0.0123622
0.0126488
0.0129826
0.0133395
0.0137265
0.0141248
0.0145029
0.0148724
0.0152391
0.0155748
0.0158841
0.0161827
0.0164768
0.0168106
0.0171938
0.0175921
0.0179739
0.0183761
0.0188075
0.0192333
0.019626
0.0200471
0.0205289
0.020992
0.0214181
0.0218426
0.0222676
0.0226864
0.0231453
0.02364
0.0241751
0.0247173
0.025276
0.0258339
0.0263464
0.0268236
0.0273643
0.0279285
0.0284976
0.0290958
0.0297001
0.0302901
0.0308818
0.0315117
0.0321551
0.0328307
0.0334978
0.0341943
0.0348796
0.0356023
0.0363534
0.0371103
0.0378847
0.0386738
0.0394989
0.0403289
0.0411555
0.0419959
0.0428089
0.0437049
0.0445905
0.0454864
0.0463792
0.0472438
0.0480903
0.0488635
0.0495169
0.0500336
0.0162439
0.014443
0.0102006
0.0061507
0.00416082
0.00411201
0.00488855
0.00566854
0.00620365
0.00655176
0.00688391
0.00726531
0.0075681
0.00772133
0.00785364
0.00806487
0.00831319
0.00853852
0.00872281
0.00892462
0.0092201
0.00955176
0.00979404
0.00994973
0.0101482
0.0104615
0.0107941
0.0110349
0.0112429
0.0115377
0.0118689
0.012131
0.0123677
0.012654
0.0129868
0.0133427
0.0137285
0.0141255
0.014503
0.0148726
0.0152396
0.0155755
0.0158849
0.0161843
0.0164793
0.0168128
0.0171952
0.0175931
0.0179752
0.0183774
0.0188082
0.0192338
0.0196268
0.0200479
0.0205292
0.0209923
0.0214188
0.0218435
0.0222685
0.0226873
0.0231462
0.0236406
0.0241755
0.0247175
0.0252762
0.0258343
0.026347
0.0268241
0.0273649
0.027929
0.0284983
0.0290964
0.0297006
0.0302906
0.0308824
0.0315122
0.0321556
0.0328312
0.0334982
0.0341946
0.0348799
0.0356025
0.0363536
0.0371105
0.0378848
0.038674
0.039499
0.0403291
0.0411556
0.041996
0.0428091
0.0437051
0.0445907
0.0454866
0.0463795
0.0472442
0.0480909
0.0488649
0.0495189
0.0500338
0.0157124
0.0141521
0.0103077
0.00649169
0.00448913
0.0042903
0.00495254
0.00570152
0.00624645
0.00660389
0.00692917
0.00729237
0.00758088
0.00773317
0.00787141
0.00808376
0.00832686
0.00854878
0.00873615
0.00894169
0.00923411
0.00955879
0.00979889
0.00995867
0.0101599
0.0104702
0.0107989
0.0110405
0.011251
0.0115451
0.0118739
0.0121358
0.0123734
0.0126597
0.0129916
0.0133464
0.0137308
0.0141265
0.0145031
0.0148726
0.0152398
0.0155757
0.0158856
0.016186
0.0164821
0.0168155
0.0171969
0.0175943
0.0179768
0.0183789
0.018809
0.0192343
0.0196278
0.0200488
0.0205294
0.0209923
0.0214193
0.0218442
0.0222693
0.0226884
0.0231474
0.0236417
0.0241762
0.0247176
0.0252762
0.0258345
0.0263475
0.0268247
0.0273654
0.0279297
0.028499
0.029097
0.0297012
0.0302913
0.030883
0.0315128
0.0321562
0.0328317
0.0334987
0.034195
0.0348803
0.0356029
0.0363539
0.0371107
0.037885
0.0386741
0.0394993
0.0403293
0.0411558
0.0419962
0.0428092
0.0437053
0.044591
0.0454868
0.04638
0.0472446
0.0480915
0.0488667
0.0495214
0.0500342
0.0152119
0.0138612
0.0103935
0.00681523
0.0048199
0.00448304
0.00502328
0.00573299
0.00628746
0.00665725
0.00697696
0.00732143
0.00759484
0.00774594
0.00789026
0.00810383
0.0083415
0.00855962
0.0087499
0.00895922
0.00924861
0.00956614
0.00980394
0.0099679
0.0101721
0.0104793
0.0108039
0.0110463
0.0112595
0.0115528
0.011879
0.0121405
0.0123792
0.0126656
0.0129967
0.0133505
0.0137335
0.0141276
0.0145034
0.0148726
0.0152396
0.0155756
0.0158859
0.0161877
0.0164851
0.0168186
0.017199
0.0175958
0.0179785
0.0183805
0.0188099
0.019235
0.0196289
0.0200498
0.0205296
0.0209922
0.0214195
0.0218446
0.0222699
0.0226894
0.0231488
0.0236432
0.0241772
0.0247179
0.025276
0.0258344
0.0263477
0.0268251
0.0273659
0.0279303
0.0284998
0.0290977
0.0297018
0.0302919
0.0308838
0.0315135
0.0321569
0.0328324
0.0334993
0.0341956
0.0348809
0.0356033
0.0363542
0.037111
0.0378853
0.0386743
0.0394995
0.0403296
0.041156
0.0419963
0.0428094
0.0437054
0.0445912
0.0454869
0.0463804
0.0472451
0.0480922
0.0488689
0.0495245
0.0500347
0.0147406
0.0135729
0.0104591
0.00711809
0.00514858
0.00468926
0.00510239
0.00576347
0.00632564
0.00671073
0.00702689
0.00735253
0.00761008
0.00775963
0.00791019
0.00812518
0.00835731
0.00857128
0.00876421
0.00897729
0.00926361
0.00957383
0.00980924
0.00997747
0.0101848
0.0104889
0.0108094
0.0110524
0.0112683
0.0115609
0.0118844
0.0121454
0.0123852
0.0126718
0.0130022
0.0133551
0.0137365
0.014129
0.0145037
0.0148725
0.0152393
0.0155753
0.0158861
0.0161893
0.0164882
0.0168219
0.0172013
0.0175975
0.0179804
0.0183823
0.0188109
0.0192356
0.0196301
0.020051
0.0205298
0.0209919
0.0214195
0.0218447
0.0222702
0.0226903
0.0231503
0.023645
0.0241787
0.0247185
0.0252757
0.0258339
0.0263475
0.0268254
0.0273663
0.027931
0.0285008
0.0290985
0.0297023
0.0302926
0.0308846
0.0315144
0.0321577
0.0328332
0.0335001
0.0341963
0.0348816
0.035604
0.0363547
0.0371113
0.0378856
0.0386745
0.0394997
0.0403299
0.0411563
0.0419966
0.0428096
0.0437055
0.0445914
0.0454871
0.046381
0.0472456
0.048093
0.0488715
0.049528
0.0500354
0.0142964
0.0132893
0.0105059
0.0073979
0.00547105
0.00490793
0.00519194
0.00579405
0.0063602
0.00676322
0.00707868
0.00738591
0.00762683
0.00777432
0.00793119
0.0081478
0.00837432
0.00858383
0.00877918
0.00899601
0.00927923
0.00958196
0.00981482
0.00998743
0.010198
0.010499
0.0108152
0.0110589
0.0112775
0.0115694
0.0118901
0.0121504
0.0123914
0.0126785
0.0130082
0.0133601
0.0137399
0.0141306
0.0145042
0.0148724
0.0152389
0.0155748
0.0158861
0.0161908
0.0164915
0.0168255
0.0172039
0.0175994
0.0179825
0.0183843
0.018812
0.0192364
0.0196314
0.0200523
0.02053
0.0209914
0.0214191
0.0218445
0.0222702
0.0226909
0.0231517
0.0236469
0.0241805
0.0247193
0.0252753
0.0258331
0.026347
0.0268253
0.0273666
0.0279317
0.0285018
0.0290993
0.0297029
0.0302932
0.0308854
0.0315153
0.0321587
0.0328342
0.0335009
0.0341972
0.0348824
0.0356047
0.0363554
0.0371118
0.037886
0.0386747
0.0394999
0.0403301
0.0411566
0.0419968
0.0428099
0.0437057
0.0445917
0.0454872
0.0463815
0.0472463
0.0480939
0.0488745
0.0495321
0.0500363
0.0138769
0.0130106
0.0105351
0.00765394
0.00578422
0.00513772
0.00529403
0.00582652
0.00639094
0.00681401
0.00713226
0.00742194
0.00764541
0.0077901
0.00795322
0.00817159
0.00839239
0.00859719
0.00879487
0.0090155
0.00929559
0.00959058
0.00982075
0.00999784
0.0102118
0.0105096
0.0108214
0.0110656
0.0112872
0.0115785
0.0118962
0.0121557
0.012398
0.0126857
0.013015
0.0133656
0.0137436
0.0141324
0.0145049
0.0148725
0.0152386
0.0155744
0.0158863
0.0161924
0.0164948
0.0168292
0.0172066
0.0176015
0.0179847
0.0183863
0.0188131
0.0192372
0.0196328
0.0200537
0.0205302
0.0209908
0.0214186
0.021844
0.02227
0.0226914
0.023153
0.0236488
0.0241825
0.0247203
0.0252749
0.025832
0.0263461
0.0268249
0.0273667
0.0279323
0.0285029
0.0291003
0.0297035
0.0302937
0.0308861
0.0315162
0.0321597
0.0328351
0.0335018
0.0341981
0.0348835
0.0356057
0.0363561
0.0371125
0.0378865
0.038675
0.0395001
0.0403304
0.0411569
0.0419972
0.0428102
0.0437058
0.0445919
0.0454873
0.0463821
0.047247
0.0480949
0.0488779
0.0495366
0.0500373
0.0134803
0.0127362
0.0105486
0.00788744
0.00608585
0.0053764
0.00541046
0.00586353
0.00641862
0.00686264
0.00718746
0.00746094
0.00766619
0.00780717
0.00797627
0.00819641
0.00841135
0.00861126
0.0088113
0.00903586
0.00931274
0.00959976
0.00982707
0.0100088
0.0102263
0.0105208
0.0108278
0.0110726
0.0112973
0.011588
0.0119025
0.0121612
0.012405
0.0126937
0.0130224
0.0133717
0.0137477
0.0141345
0.0145057
0.0148727
0.0152383
0.015574
0.0158864
0.0161941
0.0164982
0.0168332
0.0172096
0.0176037
0.0179871
0.0183885
0.0188143
0.019238
0.0196343
0.0200552
0.0205305
0.0209902
0.0214179
0.0218435
0.0222698
0.0226918
0.0231541
0.0236506
0.0241844
0.0247215
0.0252745
0.0258306
0.026345
0.0268244
0.0273668
0.0279329
0.028504
0.0291013
0.0297041
0.0302942
0.0308867
0.0315171
0.0321608
0.0328362
0.0335028
0.0341991
0.0348846
0.0356068
0.036357
0.0371132
0.0378872
0.0386754
0.0395003
0.0403306
0.0411573
0.0419976
0.0428107
0.043706
0.0445921
0.0454874
0.0463827
0.0472478
0.048096
0.0488816
0.0495416
0.0500384
0.0131055
0.0124662
0.0105484
0.00810041
0.00637395
0.00562096
0.00554277
0.00590831
0.00644456
0.00690865
0.00724369
0.00750292
0.00768948
0.0078258
0.00800041
0.00822218
0.0084311
0.00862597
0.00882846
0.00905714
0.00933077
0.00960951
0.00983381
0.0100202
0.0102415
0.0105327
0.0108347
0.0110799
0.0113077
0.0115978
0.0119091
0.012167
0.0124126
0.0127025
0.0130307
0.0133784
0.0137521
0.0141368
0.0145067
0.014873
0.0152381
0.0155737
0.0158867
0.0161958
0.0165018
0.0168373
0.0172127
0.017606
0.0179896
0.0183907
0.0188155
0.0192388
0.0196358
0.0200569
0.0205308
0.0209894
0.0214171
0.0218429
0.0222697
0.0226924
0.0231554
0.0236523
0.0241862
0.0247226
0.025274
0.0258291
0.0263437
0.026824
0.027367
0.0279336
0.0285052
0.0291023
0.0297047
0.0302947
0.0308874
0.0315179
0.0321619
0.0328373
0.0335037
0.0342001
0.0348859
0.0356081
0.036358
0.0371141
0.037888
0.0386759
0.0395005
0.0403307
0.0411575
0.041998
0.0428113
0.0437063
0.0445924
0.0454874
0.0463832
0.0472486
0.0480972
0.0488856
0.049547
0.0500398
0.012752
0.0122017
0.0105363
0.0082947
0.00664683
0.00586808
0.00569189
0.00596402
0.00647039
0.00695148
0.00729993
0.00754762
0.00771555
0.00784635
0.00802583
0.00824889
0.00845156
0.00864128
0.00884632
0.00907936
0.00934974
0.0096199
0.00984097
0.0100323
0.0102575
0.0105452
0.0108418
0.0110875
0.0113186
0.011608
0.0119159
0.0121731
0.0124208
0.0127122
0.0130396
0.0133856
0.0137569
0.0141394
0.0145079
0.0148734
0.015238
0.0155735
0.0158871
0.0161976
0.0165055
0.0168418
0.0172161
0.0176085
0.0179922
0.0183931
0.0188168
0.0192396
0.0196374
0.0200587
0.0205311
0.0209886
0.0214163
0.0218424
0.0222698
0.0226933
0.0231569
0.0236539
0.0241879
0.0247236
0.0252735
0.0258274
0.0263423
0.0268237
0.0273673
0.0279344
0.0285064
0.0291033
0.0297053
0.0302953
0.0308881
0.0315188
0.032163
0.0328384
0.0335047
0.0342011
0.0348871
0.0356094
0.036359
0.037115
0.0378889
0.0386765
0.0395007
0.0403307
0.0411577
0.0419985
0.042812
0.0437067
0.0445927
0.0454875
0.0463838
0.0472495
0.0480985
0.0488899
0.0495527
0.0500413
0.0124191
0.0119433
0.0105134
0.00847244
0.00690368
0.00611416
0.00585728
0.00603325
0.00649805
0.00699083
0.00735505
0.00759453
0.00774454
0.00786913
0.00805279
0.00827663
0.00847273
0.00865717
0.00886487
0.00910254
0.00936971
0.00963098
0.00984859
0.010045
0.0102744
0.0105585
0.0108494
0.0110953
0.0113298
0.0116185
0.0119229
0.0121795
0.0124296
0.0127225
0.0130493
0.0133932
0.0137621
0.0141422
0.0145092
0.014874
0.0152381
0.0155733
0.0158874
0.0161994
0.0165095
0.0168465
0.0172197
0.0176112
0.0179949
0.0183956
0.0188181
0.0192404
0.0196391
0.0200606
0.0205315
0.0209878
0.0214154
0.0218421
0.0222703
0.0226946
0.0231587
0.0236558
0.0241894
0.0247245
0.0252729
0.0258257
0.0263411
0.0268238
0.027368
0.0279353
0.0285076
0.0291043
0.0297059
0.0302959
0.0308889
0.0315198
0.0321641
0.0328396
0.0335057
0.0342021
0.0348884
0.0356108
0.0363601
0.037116
0.0378899
0.0386772
0.039501
0.0403307
0.0411579
0.0419989
0.0428128
0.0437072
0.044593
0.0454876
0.0463843
0.0472505
0.0480999
0.0488944
0.0495588
0.050043
0.0121057
0.0116906
0.0104796
0.00863631
0.0071449
0.00635544
0.0060368
0.006118
0.00653
0.00702701
0.007408
0.00764277
0.00777637
0.00789443
0.00808159
0.00830561
0.00849464
0.00867364
0.00888415
0.00912669
0.00939073
0.00964283
0.00985669
0.0100582
0.010292
0.0105725
0.0108575
0.0111035
0.0113414
0.0116294
0.0119302
0.0121861
0.0124388
0.0127335
0.0130595
0.0134013
0.0137675
0.0141452
0.0145107
0.0148747
0.0152383
0.0155733
0.0158878
0.0162013
0.0165136
0.0168515
0.0172236
0.017614
0.0179978
0.0183982
0.0188195
0.0192413
0.0196408
0.0200626
0.0205321
0.020987
0.0214146
0.021842
0.0222711
0.0226964
0.0231609
0.0236578
0.024191
0.0247253
0.0252724
0.025824
0.02634
0.0268243
0.0273691
0.0279363
0.0285087
0.0291052
0.0297064
0.0302965
0.0308899
0.0315209
0.0321654
0.0328408
0.0335067
0.0342031
0.0348897
0.0356123
0.0363613
0.037117
0.037891
0.038678
0.0395013
0.0403307
0.041158
0.0419993
0.0428136
0.0437078
0.0445934
0.0454876
0.0463849
0.0472515
0.0481014
0.0488991
0.0495653
0.0500449
0.0118121
0.011443
0.0104333
0.0087885
0.00737229
0.00658859
0.00622718
0.00621991
0.00656908
0.00706087
0.0074578
0.0076912
0.00781071
0.00792244
0.00811254
0.00833604
0.0085174
0.00869068
0.00890416
0.00915186
0.00941283
0.00965552
0.00986534
0.010072
0.0103105
0.0105873
0.010866
0.011112
0.0113535
0.0116408
0.0119378
0.0121931
0.0124486
0.0127451
0.0130701
0.0134097
0.0137733
0.0141484
0.0145123
0.0148755
0.0152387
0.0155734
0.0158882
0.0162032
0.0165178
0.0168568
0.0172277
0.0176169
0.0180008
0.018401
0.0188211
0.0192422
0.0196426
0.0200647
0.0205327
0.0209862
0.0214138
0.0218422
0.0222722
0.0226987
0.0231636
0.0236601
0.0241925
0.024726
0.025272
0.0258224
0.0263391
0.0268252
0.0273705
0.0279375
0.0285099
0.029106
0.0297069
0.0302972
0.0308911
0.0315223
0.0321667
0.0328419
0.0335078
0.0342041
0.034891
0.0356138
0.0363625
0.037118
0.0378921
0.038679
0.0395018
0.0403307
0.0411581
0.0419996
0.0428145
0.0437085
0.0445938
0.0454877
0.0463855
0.0472526
0.0481031
0.0489039
0.049572
0.050047
0.0115398
0.0112031
0.0103717
0.00892896
0.00758866
0.00681124
0.00642432
0.00634012
0.00661831
0.00709374
0.00750369
0.00773863
0.00784703
0.00795329
0.00814588
0.00836818
0.00854116
0.00870832
0.0089249
0.00917806
0.00943601
0.00966906
0.0098746
0.0100864
0.0103298
0.0106028
0.0108749
0.0111209
0.0113661
0.0116527
0.0119457
0.0122005
0.0124588
0.012757
0.0130811
0.0134184
0.0137793
0.0141519
0.0145141
0.0148765
0.0152392
0.0155737
0.0158887
0.0162051
0.0165223
0.0168623
0.0172319
0.0176198
0.0180039
0.0184039
0.0188228
0.0192432
0.0196444
0.0200669
0.0205333
0.0209854
0.0214132
0.0218425
0.0222737
0.0227013
0.0231666
0.0236627
0.0241942
0.0247268
0.0252716
0.0258208
0.0263383
0.0268265
0.0273723
0.0279388
0.0285111
0.0291069
0.0297073
0.0302979
0.0308925
0.0315239
0.0321681
0.0328431
0.0335089
0.0342053
0.0348924
0.0356154
0.0363638
0.0371191
0.0378933
0.03868
0.0395023
0.0403307
0.0411582
0.042
0.0428154
0.0437092
0.0445942
0.0454879
0.0463861
0.0472539
0.0481048
0.048909
0.0495791
0.0500493
0.0112878
0.0109777
0.0102939
0.00905474
0.00779713
0.0070225
0.00662309
0.00647844
0.00668059
0.00712738
0.00754548
0.00778407
0.00788456
0.00798687
0.00818181
0.00840228
0.00856619
0.00872665
0.00894629
0.00920529
0.0094603
0.00968343
0.00988449
0.0101015
0.0103498
0.010619
0.0108843
0.0111302
0.0113793
0.0116652
0.0119541
0.0122082
0.0124694
0.0127694
0.0130924
0.0134274
0.0137856
0.0141555
0.014516
0.0148777
0.0152399
0.015574
0.0158892
0.0162071
0.0165268
0.0168679
0.0172362
0.0176229
0.0180072
0.018407
0.0188246
0.0192443
0.0196463
0.0200692
0.0205341
0.0209847
0.0214127
0.0218431
0.0222755
0.0227043
0.0231699
0.0236656
0.0241959
0.0247276
0.0252713
0.0258193
0.0263376
0.0268279
0.0273742
0.0279402
0.0285123
0.0291077
0.0297078
0.0302987
0.030894
0.0315257
0.0321696
0.0328443
0.03351
0.0342065
0.0348938
0.0356171
0.0363652
0.0371202
0.0378945
0.038681
0.0395028
0.0403308
0.0411583
0.0420003
0.0428164
0.04371
0.0445948
0.045488
0.0463868
0.0472552
0.0481068
0.0489143
0.0495864
0.0500519
0.0110491
0.010774
0.0102035
0.00916118
0.0080001
0.00722361
0.00681779
0.00663272
0.00675867
0.00716404
0.00758357
0.0078268
0.00792233
0.00802282
0.0082205
0.00843858
0.0085927
0.00874582
0.0089683
0.0092335
0.00948576
0.00969866
0.009895
0.0101174
0.0103707
0.010636
0.0108943
0.0111399
0.0113931
0.0116784
0.011963
0.0122162
0.0124804
0.0127821
0.013104
0.0134367
0.0137922
0.0141594
0.0145181
0.014879
0.0152409
0.0155746
0.0158898
0.0162092
0.0165315
0.0168737
0.0172407
0.017626
0.0180105
0.0184103
0.0188265
0.0192454
0.0196482
0.0200716
0.0205349
0.020984
0.0214123
0.0218438
0.0222774
0.0227074
0.0231735
0.0236686
0.0241977
0.0247283
0.025271
0.0258178
0.026337
0.0268295
0.0273763
0.0279416
0.0285136
0.0291086
0.0297083
0.0302996
0.0308957
0.0315276
0.0321712
0.0328456
0.0335113
0.0342077
0.0348953
0.0356189
0.0363666
0.0371213
0.0378958
0.0386822
0.0395035
0.0403309
0.0411584
0.0420007
0.0428175
0.0437109
0.0445953
0.0454882
0.0463875
0.0472567
0.0481088
0.0489197
0.049594
0.0500547
0.0108122
0.0105948
0.0101084
0.00924408
0.00819771
0.00741812
0.0070036
0.0067986
0.00685508
0.00720664
0.00761866
0.00786625
0.00795941
0.00806056
0.00826195
0.00847727
0.00862085
0.008766
0.00899103
0.00926261
0.0095124
0.00971479
0.00990607
0.0101339
0.0103926
0.0106538
0.0109047
0.0111501
0.0114075
0.0116923
0.0119724
0.0122247
0.0124918
0.0127952
0.0131159
0.0134463
0.0137991
0.0141635
0.0145204
0.0148805
0.015242
0.0155754
0.0158905
0.0162113
0.0165363
0.0168796
0.0172453
0.0176292
0.018014
0.0184138
0.0188285
0.0192465
0.0196502
0.0200741
0.0205359
0.0209833
0.0214119
0.0218446
0.0222794
0.0227108
0.0231772
0.0236717
0.0241995
0.0247291
0.0252707
0.0258164
0.0263365
0.0268312
0.0273785
0.0279431
0.0285149
0.0291095
0.0297088
0.0303005
0.0308974
0.0315296
0.032173
0.0328469
0.0335125
0.034209
0.0348969
0.0356207
0.0363681
0.0371225
0.0378972
0.0386833
0.0395041
0.0403311
0.0411586
0.0420011
0.0428186
0.0437118
0.044596
0.0454884
0.0463883
0.0472583
0.0481111
0.0489253
0.049602
0.0500578
0.0105668
0.0104357
0.0100186
0.00930196
0.00838584
0.00761099
0.00717889
0.00696965
0.00697118
0.0072588
0.00765165
0.00790223
0.00799528
0.00809926
0.00830586
0.00851845
0.00865085
0.00878742
0.00901468
0.00929263
0.00954015
0.00973189
0.0099177
0.0101511
0.0104154
0.0106725
0.0109156
0.0111607
0.0114226
0.0117069
0.0119823
0.0122336
0.0125036
0.0128086
0.0131281
0.0134562
0.0138063
0.0141678
0.0145228
0.0148823
0.0152434
0.0155764
0.0158913
0.0162135
0.0165412
0.0168857
0.01725
0.0176325
0.0180176
0.0184174
0.0188307
0.0192477
0.0196523
0.0200767
0.0205368
0.0209827
0.0214117
0.0218456
0.0222816
0.0227142
0.0231811
0.023675
0.0242014
0.0247299
0.0252704
0.025815
0.026336
0.0268329
0.0273807
0.0279446
0.0285163
0.0291104
0.0297093
0.0303015
0.0308993
0.0315317
0.0321748
0.0328482
0.0335139
0.0342104
0.0348986
0.0356227
0.0363697
0.0371238
0.0378986
0.0386846
0.0395049
0.0403313
0.0411588
0.0420016
0.0428197
0.0437127
0.0445967
0.0454887
0.0463892
0.0472601
0.0481136
0.0489312
0.0496103
0.0500612
0.0103092
0.0102875
0.00994305
0.00933807
0.00855649
0.00780589
0.00734678
0.00713851
0.00710553
0.00732475
0.00768402
0.00793464
0.00802973
0.00813809
0.00835167
0.00856216
0.00868291
0.00881026
0.00903942
0.00932368
0.0095689
0.00974992
0.00992997
0.0101689
0.0104393
0.0106921
0.010927
0.0111716
0.0114384
0.0117222
0.0119928
0.0122429
0.0125158
0.0128224
0.0131406
0.0134664
0.0138138
0.0141724
0.0145255
0.0148843
0.0152451
0.0155776
0.0158922
0.0162158
0.0165463
0.016892
0.0172548
0.0176359
0.0180214
0.0184212
0.018833
0.019249
0.0196544
0.0200794
0.0205379
0.0209822
0.0214115
0.0218466
0.0222838
0.0227177
0.023185
0.0236783
0.0242034
0.0247307
0.0252702
0.0258136
0.0263355
0.0268346
0.0273829
0.0279461
0.0285177
0.0291114
0.0297098
0.0303025
0.0309012
0.0315339
0.0321766
0.0328497
0.0335153
0.0342119
0.0349004
0.0356247
0.0363714
0.0371251
0.0379
0.0386858
0.0395056
0.0403316
0.041159
0.0420021
0.0428209
0.0437136
0.0445974
0.0454891
0.0463901
0.047262
0.0481162
0.0489372
0.0496189
0.0500649
0.0100428
0.0101407
0.00988592
0.00936102
0.0087021
0.00800121
0.00751307
0.0073
0.00725318
0.00740836
0.0077187
0.0079631
0.00806256
0.00817658
0.00839862
0.0086083
0.00871724
0.0088347
0.00906536
0.00935595
0.00959874
0.00976881
0.00994294
0.0101873
0.0104641
0.0107128
0.0109391
0.011183
0.0114548
0.0117384
0.0120038
0.0122526
0.0125284
0.0128366
0.0131534
0.0134769
0.0138216
0.0141773
0.0145284
0.0148865
0.0152471
0.0155791
0.0158932
0.0162181
0.0165515
0.0168984
0.0172598
0.0176393
0.0180253
0.0184253
0.0188355
0.0192503
0.0196566
0.0200822
0.020539
0.0209816
0.0214114
0.0218477
0.0222861
0.0227213
0.023189
0.0236817
0.0242055
0.0247315
0.02527
0.0258123
0.026335
0.0268363
0.0273851
0.0279477
0.0285191
0.0291125
0.0297105
0.0303036
0.0309031
0.0315362
0.0321785
0.0328512
0.0335167
0.0342134
0.0349022
0.0356268
0.0363731
0.0371265
0.0379016
0.0386872
0.0395064
0.0403319
0.0411592
0.0420026
0.0428222
0.0437146
0.0445982
0.0454894
0.046391
0.047264
0.0481191
0.0489435
0.0496278
0.050069
0.00977242
0.00998765
0.00984519
0.00938264
0.00882082
0.00818904
0.00768294
0.00745417
0.00740656
0.00751105
0.00776044
0.0079875
0.00809331
0.00821486
0.00844586
0.00865639
0.00875389
0.00886089
0.0090926
0.00938956
0.00962991
0.00978854
0.00995652
0.0102064
0.0104898
0.0107347
0.0109519
0.0111948
0.0114719
0.0117554
0.0120155
0.0122627
0.0125415
0.0128512
0.0131665
0.0134878
0.0138298
0.0141824
0.0145316
0.014889
0.0152493
0.0155809
0.0158945
0.0162205
0.0165568
0.0169051
0.0172649
0.0176429
0.0180293
0.0184295
0.0188381
0.0192517
0.0196589
0.0200852
0.0205402
0.0209812
0.0214115
0.0218488
0.0222885
0.0227249
0.023193
0.0236851
0.0242076
0.0247324
0.0252698
0.0258111
0.0263346
0.0268381
0.0273874
0.0279492
0.0285207
0.0291136
0.0297111
0.0303048
0.0309052
0.0315385
0.0321805
0.0328527
0.0335183
0.034215
0.0349041
0.0356289
0.0363749
0.0371279
0.0379031
0.0386885
0.0395073
0.0403322
0.0411595
0.0420031
0.0428235
0.0437156
0.044599
0.0454899
0.046392
0.0472663
0.0481221
0.0489499
0.0496372
0.0500734
0.00950109
0.00982365
0.00981409
0.00941296
0.00891833
0.00835986
0.00785691
0.00760624
0.0075588
0.00763029
0.00781454
0.00800937
0.00812093
0.00825321
0.00849301
0.00870561
0.00879271
0.00888896
0.00912134
0.00942461
0.00966268
0.00980931
0.00997054
0.0102262
0.0105164
0.0107575
0.0109656
0.0112071
0.0114895
0.0117732
0.0120278
0.0122733
0.012555
0.0128662
0.01318
0.0134989
0.0138382
0.0141878
0.0145351
0.0148918
0.0152519
0.0155829
0.0158959
0.016223
0.0165623
0.0169119
0.0172701
0.0176465
0.0180335
0.0184339
0.0188408
0.0192532
0.0196612
0.0200882
0.0205414
0.0209807
0.0214116
0.0218501
0.0222909
0.0227285
0.0231971
0.0236885
0.0242098
0.0247334
0.0252697
0.0258099
0.0263342
0.0268398
0.0273896
0.0279508
0.0285223
0.0291148
0.0297118
0.030306
0.0309073
0.0315408
0.0321826
0.0328544
0.0335199
0.0342167
0.0349061
0.0356312
0.0363768
0.0371294
0.0379048
0.0386899
0.0395081
0.0403326
0.0411598
0.0420036
0.0428249
0.0437167
0.0445999
0.0454904
0.0463931
0.0472687
0.0481254
0.0489566
0.0496469
0.0500782
0.00923232
0.0096457
0.00978463
0.00945523
0.00900435
0.00850873
0.0080288
0.00776159
0.00770816
0.00775992
0.00788409
0.00803276
0.00814429
0.00829143
0.00854043
0.0087551
0.00883328
0.00891893
0.0091518
0.00946124
0.00969711
0.00983145
0.00998498
0.0102464
0.0105441
0.0107814
0.0109801
0.01122
0.0115079
0.0117918
0.0120408
0.0122843
0.0125689
0.0128817
0.0131938
0.0135104
0.0138471
0.0141936
0.0145388
0.014895
0.0152549
0.0155853
0.0158975
0.0162257
0.016568
0.0169189
0.0172755
0.0176502
0.0180378
0.0184386
0.0188438
0.0192547
0.0196636
0.0200915
0.0205428
0.0209804
0.0214118
0.0218515
0.0222934
0.0227322
0.0232013
0.0236921
0.024212
0.0247343
0.0252696
0.0258088
0.0263338
0.0268416
0.0273918
0.0279524
0.0285239
0.0291161
0.0297126
0.0303072
0.0309094
0.0315432
0.0321847
0.0328561
0.0335216
0.0342185
0.0349081
0.0356335
0.0363788
0.037131
0.0379065
0.0386914
0.0395091
0.0403331
0.0411602
0.0420042
0.0428263
0.0437178
0.0446008
0.0454911
0.0463942
0.0472713
0.0481289
0.0489634
0.0496569
0.0500834
0.00897352
0.00945282
0.00974918
0.00950644
0.00908751
0.0086384
0.00818979
0.00792091
0.00785885
0.00789364
0.00796772
0.0080631
0.00816383
0.00832826
0.00858875
0.00880448
0.00887487
0.0089506
0.00918398
0.00949972
0.00973323
0.0098552
0.0100002
0.0102668
0.0105728
0.0108065
0.0109953
0.0112335
0.011527
0.0118113
0.0120546
0.0122958
0.0125833
0.0128976
0.013208
0.0135222
0.0138563
0.0141998
0.0145429
0.0148985
0.0152582
0.015588
0.0158993
0.0162284
0.0165738
0.0169262
0.017281
0.017654
0.0180422
0.0184435
0.0188469
0.0192562
0.0196661
0.0200948
0.0205443
0.0209801
0.0214122
0.021853
0.022296
0.0227359
0.0232054
0.0236956
0.0242143
0.0247354
0.0252696
0.0258077
0.0263335
0.0268433
0.027394
0.027954
0.0285257
0.0291175
0.0297135
0.0303086
0.0309116
0.0315457
0.0321869
0.0328579
0.0335233
0.0342203
0.0349102
0.0356359
0.0363808
0.0371326
0.0379083
0.0386929
0.03951
0.0403336
0.0411606
0.0420048
0.0428278
0.043719
0.0446018
0.0454918
0.0463954
0.0472741
0.0481327
0.0489705
0.0496674
0.0500891
0.00873475
0.0092475
0.0097008
0.00956184
0.00917174
0.00875627
0.00833548
0.00807754
0.00801516
0.00803042
0.00806094
0.00810371
0.00818267
0.00836214
0.00863796
0.0088542
0.00891675
0.00898356
0.00921761
0.00954024
0.00977129
0.00988053
0.0100166
0.0102875
0.0106021
0.0108329
0.0110112
0.0112476
0.011547
0.0118317
0.0120689
0.0123078
0.0125982
0.012914
0.0132226
0.0135344
0.0138658
0.0142062
0.0145473
0.0149023
0.0152619
0.015591
0.0159013
0.0162313
0.0165798
0.0169337
0.0172867
0.0176579
0.0180468
0.0184486
0.0188502
0.0192579
0.0196687
0.0200983
0.0205458
0.0209799
0.0214126
0.0218546
0.0222986
0.0227397
0.0232096
0.0236992
0.0242167
0.0247365
0.0252697
0.0258068
0.0263332
0.0268452
0.0273962
0.0279556
0.0285275
0.0291189
0.0297144
0.03031
0.0309139
0.0315482
0.0321892
0.0328597
0.0335252
0.0342222
0.0349124
0.0356384
0.0363829
0.0371343
0.0379101
0.0386944
0.039511
0.0403341
0.0411611
0.0420054
0.0428293
0.0437202
0.0446028
0.0454926
0.0463967
0.0472771
0.0481367
0.0489777
0.0496783
0.0500952
0.00852387
0.00903711
0.0096335
0.00961679
0.00925698
0.00886906
0.00846945
0.00822262
0.00817536
0.00817535
0.00815949
0.00815297
0.00820532
0.00839329
0.00868703
0.00890487
0.00895853
0.00901725
0.00925227
0.0095827
0.00981188
0.00990747
0.0100342
0.0103089
0.0106319
0.0108606
0.0110281
0.0112621
0.011568
0.0118532
0.0120839
0.0123202
0.0126136
0.012931
0.0132377
0.0135469
0.0138757
0.0142131
0.0145521
0.0149065
0.015266
0.0155945
0.0159036
0.0162342
0.0165859
0.0169414
0.0172926
0.0176618
0.0180516
0.018454
0.0188537
0.0192596
0.0196713
0.0201019
0.0205475
0.0209798
0.0214132
0.0218563
0.0223013
0.0227435
0.0232138
0.0237029
0.0242191
0.0247377
0.0252699
0.0258059
0.026333
0.026847
0.0273985
0.0279572
0.0285294
0.0291204
0.0297153
0.0303114
0.0309163
0.0315508
0.0321915
0.0328617
0.0335271
0.0342242
0.0349147
0.035641
0.0363851
0.037136
0.037912
0.038696
0.039512
0.0403348
0.0411616
0.0420061
0.0428309
0.0437215
0.0446038
0.0454936
0.046398
0.0472803
0.048141
0.0489851
0.0496895
0.0501018
0.00834404
0.00883328
0.00954415
0.00966531
0.0093416
0.00897851
0.00859987
0.00835275
0.0083298
0.00833254
0.00826531
0.00820657
0.00823371
0.00842456
0.00873499
0.00895639
0.00900033
0.00905121
0.00928762
0.00962657
0.00985541
0.00993647
0.0100527
0.0103314
0.0106623
0.0108891
0.0110462
0.011277
0.0115896
0.0118761
0.0120998
0.0123329
0.0126295
0.0129485
0.0132532
0.0135598
0.013886
0.0142203
0.0145573
0.0149112
0.0152705
0.0155984
0.0159061
0.0162373
0.0165922
0.0169495
0.0172987
0.0176659
0.0180565
0.0184596
0.0188574
0.0192614
0.019674
0.0201058
0.0205493
0.0209798
0.021414
0.0218582
0.022304
0.0227473
0.0232181
0.0237066
0.0242216
0.0247389
0.0252701
0.0258052
0.0263329
0.0268489
0.0274007
0.0279588
0.0285313
0.029122
0.0297163
0.030313
0.0309187
0.0315534
0.0321939
0.0328638
0.0335291
0.0342262
0.034917
0.0356437
0.0363873
0.0371379
0.037914
0.0386977
0.0395131
0.0403355
0.0411622
0.0420068
0.0428325
0.0437228
0.0446049
0.0454946
0.0463994
0.0472838
0.0481456
0.0489927
0.0497011
0.050109
0.00819269
0.00864959
0.00943602
0.00969956
0.00942332
0.00908174
0.00873357
0.00847459
0.00846701
0.00849816
0.00838685
0.00826204
0.0082644
0.00845938
0.0087829
0.00900803
0.00904213
0.00908524
0.0093236
0.00967116
0.0099016
0.0099684
0.0100719
0.0103547
0.0106941
0.0109183
0.011065
0.0112924
0.0116118
0.0119003
0.0121167
0.012346
0.0126457
0.0129666
0.0132692
0.0135731
0.0138967
0.014228
0.0145629
0.0149163
0.0152755
0.0156027
0.015909
0.0162405
0.0165986
0.0169578
0.017305
0.01767
0.0180615
0.0184655
0.0188613
0.0192633
0.0196768
0.0201098
0.0205513
0.0209799
0.0214149
0.0218602
0.0223068
0.0227511
0.0232224
0.0237103
0.0242241
0.0247402
0.0252704
0.0258045
0.0263328
0.0268508
0.0274029
0.0279605
0.0285333
0.0291237
0.0297174
0.0303146
0.0309212
0.0315561
0.0321964
0.0328659
0.0335313
0.0342284
0.0349194
0.0356465
0.0363896
0.0371398
0.037916
0.0386994
0.0395142
0.0403362
0.0411628
0.0420075
0.0428342
0.0437242
0.044606
0.0454959
0.0464009
0.0472874
0.0481506
0.0490005
0.0497131
0.0501167
0.00806039
0.00849714
0.00932
0.0097136
0.00949936
0.00917437
0.0088708
0.00860071
0.00858163
0.0086584
0.00853048
0.00832509
0.00829188
0.00849733
0.00883405
0.00905998
0.00908313
0.00911877
0.00936039
0.00971623
0.00994953
0.0100039
0.0100924
0.0103781
0.0107277
0.0109488
0.0110841
0.0113085
0.0116348
0.0119257
0.0121348
0.0123594
0.0126621
0.0129854
0.0132858
0.0135868
0.0139079
0.0142361
0.0145688
0.0149218
0.0152811
0.0156074
0.0159122
0.0162438
0.0166052
0.0169663
0.0173116
0.0176742
0.0180666
0.0184717
0.0188655
0.0192652
0.0196797
0.0201139
0.0205533
0.0209801
0.0214159
0.0218623
0.0223097
0.0227549
0.0232267
0.0237141
0.0242267
0.0247416
0.0252709
0.025804
0.0263328
0.0268527
0.0274051
0.0279621
0.0285354
0.0291255
0.0297186
0.0303163
0.0309238
0.0315589
0.032199
0.0328681
0.0335335
0.0342306
0.0349218
0.0356494
0.036392
0.0371417
0.0379182
0.0387012
0.0395154
0.040337
0.0411635
0.0420083
0.042836
0.0437257
0.0446072
0.0454972
0.0464026
0.0472913
0.0481558
0.0490085
0.0497254
0.0501249
0.00793216
0.00837801
0.00921124
0.00970838
0.00956678
0.00925302
0.00900404
0.00874238
0.00868158
0.0087961
0.0086926
0.00840869
0.00831401
0.00853219
0.0088912
0.0091152
0.00912277
0.00915023
0.0093979
0.00976255
0.00999827
0.0100426
0.0101155
0.0104012
0.0107626
0.0109817
0.0111033
0.0113244
0.0116587
0.0119524
0.0121543
0.0123734
0.0126786
0.0130046
0.013303
0.0136008
0.0139194
0.0142446
0.0145752
0.0149277
0.0152871
0.0156127
0.0159158
0.0162474
0.0166119
0.0169751
0.0173185
0.0176786
0.0180718
0.0184782
0.01887
0.0192673
0.0196827
0.0201183
0.0205556
0.0209804
0.0214171
0.0218646
0.0223127
0.0227588
0.023231
0.023718
0.0242294
0.0247431
0.0252715
0.0258035
0.0263329
0.0268547
0.0274073
0.0279638
0.0285376
0.0291273
0.0297198
0.030318
0.0309264
0.0315618
0.0322016
0.0328705
0.0335358
0.034233
0.0349244
0.0356524
0.0363945
0.0371438
0.0379204
0.038703
0.0395167
0.040338
0.0411642
0.0420091
0.0428378
0.0437273
0.0446084
0.0454988
0.0464043
0.0472954
0.0481615
0.0490167
0.0497382
0.0501337
0.00779274
0.00828164
0.00912348
0.00969197
0.00962455
0.00931619
0.00912108
0.00890277
0.00878511
0.00890017
0.00885628
0.00852402
0.00833903
0.00855587
0.00895164
0.00917867
0.00916314
0.00917733
0.00943457
0.00981156
0.0100479
0.010083
0.0101418
0.0104247
0.0107978
0.0110176
0.0111237
0.0113393
0.0116832
0.0119808
0.0121749
0.012388
0.0126954
0.0130243
0.0133209
0.0136154
0.0139313
0.0142538
0.0145821
0.014934
0.0152935
0.0156186
0.0159197
0.016251
0.0166187
0.0169842
0.0173256
0.0176831
0.0180771
0.0184849
0.0188747
0.0192694
0.0196857
0.0201229
0.020558
0.0209808
0.0214184
0.0218671
0.0223158
0.0227627
0.0232354
0.0237218
0.0242322
0.0247447
0.0252722
0.0258032
0.0263331
0.0268568
0.0274095
0.0279654
0.0285399
0.0291293
0.0297211
0.0303199
0.0309292
0.0315647
0.0322044
0.0328729
0.0335382
0.0342354
0.034927
0.0356554
0.036397
0.0371459
0.0379226
0.0387049
0.039518
0.0403389
0.041165
0.0420099
0.0428396
0.043729
0.0446097
0.0455005
0.0464062
0.0472997
0.0481675
0.0490251
0.0497512
0.0501432
0.0076339
0.00818938
0.00906237
0.0096766
0.00967582
0.00936609
0.00921034
0.00907234
0.00891129
0.00897617
0.00899919
0.00867083
0.0083835
0.00856506
0.00900615
0.0092531
0.00920988
0.00919928
0.00946652
0.0098638
0.0101007
0.0101236
0.0101705
0.0104501
0.0108327
0.011056
0.0111466
0.0113531
0.0117074
0.0120112
0.0121969
0.0124032
0.0127125
0.0130443
0.0133395
0.0136306
0.0139436
0.0142633
0.0145896
0.0149408
0.0153004
0.0156251
0.0159243
0.0162549
0.0166257
0.0169935
0.0173329
0.0176877
0.0180826
0.0184919
0.0188797
0.0192716
0.0196888
0.0201277
0.0205607
0.0209814
0.0214199
0.0218697
0.0223189
0.0227666
0.0232398
0.0237258
0.024235
0.0247464
0.025273
0.0258031
0.0263334
0.026859
0.0274118
0.0279671
0.0285423
0.0291313
0.0297225
0.0303218
0.030932
0.0315677
0.0322072
0.0328754
0.0335407
0.0342379
0.0349297
0.0356586
0.0363996
0.0371481
0.037925
0.0387068
0.0395193
0.04034
0.0411659
0.0420108
0.0428416
0.0437308
0.044611
0.0455023
0.0464083
0.0473042
0.048174
0.0490337
0.0497646
0.0501533
0.00746022
0.00808097
0.00902104
0.00967448
0.00972744
0.00941048
0.00926499
0.00923079
0.00907167
0.00904583
0.00910272
0.00883147
0.00846359
0.00856923
0.00904406
0.00933355
0.00927013
0.00922002
0.00948895
0.00991669
0.0101599
0.0101645
0.010199
0.0104783
0.0108686
0.0110955
0.0111728
0.0113668
0.0117301
0.0120433
0.0122212
0.0124188
0.0127298
0.0130647
0.0133586
0.0136465
0.0139564
0.0142733
0.0145976
0.0149482
0.0153077
0.015632
0.0159293
0.016259
0.0166328
0.0170032
0.0173406
0.0176923
0.0180883
0.0184992
0.018885
0.0192739
0.019692
0.0201327
0.0205635
0.0209821
0.0214216
0.0218726
0.0223222
0.0227705
0.0232442
0.0237297
0.0242379
0.0247482
0.025274
0.0258031
0.0263338
0.0268612
0.027414
0.0279688
0.0285447
0.0291334
0.029724
0.0303239
0.0309348
0.0315708
0.0322101
0.0328781
0.0335433
0.0342405
0.0349326
0.0356619
0.0364023
0.0371504
0.0379274
0.0387088
0.0395207
0.0403412
0.0411669
0.0420118
0.0428436
0.0437328
0.0446123
0.0455044
0.0464106
0.0473088
0.0481808
0.0490425
0.0497782
0.050164
0.00728817
0.00794183
0.00898117
0.00969268
0.00978784
0.00946055
0.00928816
0.00935562
0.00926143
0.00913527
0.00916545
0.00898014
0.00858353
0.00858699
0.00906117
0.00940833
0.00934677
0.00924824
0.00950004
0.00996365
0.0102278
0.0102096
0.0102242
0.0105077
0.0109078
0.011136
0.0112012
0.011382
0.0117511
0.0120759
0.0122481
0.0124352
0.0127471
0.0130858
0.0133781
0.0136628
0.0139699
0.0142838
0.0146062
0.0149562
0.0153156
0.0156394
0.0159347
0.0162634
0.01664
0.0170131
0.0173487
0.0176971
0.0180939
0.0185069
0.0188907
0.0192763
0.0196953
0.0201379
0.0205666
0.020983
0.0214234
0.0218756
0.0223255
0.0227744
0.0232486
0.0237337
0.0242408
0.0247501
0.0252751
0.0258032
0.0263343
0.0268635
0.0274163
0.0279705
0.0285472
0.0291356
0.0297256
0.030326
0.0309378
0.031574
0.0322131
0.0328809
0.033546
0.0342433
0.0349355
0.0356653
0.0364051
0.0371528
0.03793
0.0387108
0.0395223
0.0403425
0.0411679
0.0420128
0.0428457
0.0437348
0.0446137
0.0455067
0.0464131
0.0473137
0.0481881
0.0490516
0.0497922
0.0501754
0.00713805
0.00777279
0.00891967
0.00972788
0.00986449
0.00952697
0.00929462
0.0094291
0.00945796
0.00926717
0.00920774
0.00909173
0.00872718
0.008637
0.00906794
0.00946536
0.00943261
0.00929355
0.00950531
0.00999643
0.0103016
0.0102651
0.0102457
0.0105339
0.0109517
0.0111796
0.0112304
0.0113988
0.0117716
0.0121078
0.0122773
0.0124532
0.0127643
0.0131074
0.0133984
0.0136793
0.013984
0.014295
0.0146151
0.0149648
0.0153243
0.0156475
0.0159406
0.016268
0.0166474
0.0170234
0.0173571
0.0177019
0.0180996
0.018515
0.0188968
0.0192787
0.0196985
0.0201434
0.02057
0.0209841
0.0214254
0.0218788
0.0223289
0.0227783
0.0232531
0.0237378
0.0242438
0.0247522
0.0252765
0.0258035
0.0263349
0.0268658
0.0274185
0.0279722
0.0285499
0.029138
0.0297272
0.0303282
0.0309409
0.0315773
0.0322162
0.0328837
0.0335488
0.0342461
0.0349385
0.0356688
0.0364079
0.0371552
0.0379326
0.0387129
0.0395238
0.0403439
0.041169
0.0420139
0.0428478
0.043737
0.0446152
0.0455091
0.0464158
0.0473188
0.0481959
0.0490609
0.0498063
0.0501874
0.00702426
0.00759214
0.00881729
0.00976435
0.00996224
0.00961717
0.00930433
0.00944667
0.00963024
0.00944841
0.00925966
0.00915699
0.00886817
0.0087256
0.00908364
0.00950135
0.00951364
0.00935877
0.00951667
0.010011
0.0103721
0.0103364
0.0102684
0.0105511
0.0109985
0.0112301
0.0112601
0.0114155
0.0117932
0.0121394
0.0123073
0.0124731
0.0127817
0.0131292
0.0134195
0.0136962
0.0139984
0.014307
0.0146247
0.0149737
0.0153335
0.0156564
0.0159471
0.0162728
0.0166549
0.0170341
0.017366
0.017707
0.0181052
0.0185232
0.0189033
0.0192813
0.0197018
0.0201492
0.0205737
0.0209853
0.0214275
0.0218822
0.0223324
0.0227822
0.0232577
0.023742
0.0242468
0.0247543
0.0252779
0.0258039
0.0263356
0.0268683
0.0274208
0.027974
0.0285526
0.0291404
0.029729
0.0303305
0.0309441
0.0315806
0.0322194
0.0328867
0.0335518
0.0342491
0.0349416
0.0356723
0.0364109
0.0371578
0.0379353
0.0387151
0.0395255
0.0403454
0.0411702
0.0420151
0.04285
0.0437393
0.0446167
0.0455118
0.0464188
0.047324
0.0482041
0.0490706
0.0498207
0.0502001
0.00695244
0.00742401
0.00867
0.00977793
0.0100792
0.009736
0.00933619
0.00942211
0.00974793
0.00966186
0.00935234
0.00919098
0.00897895
0.00883813
0.00912637
0.00952874
0.00957696
0.00943367
0.00954679
0.0100143
0.010427
0.0104219
0.010302
0.0105568
0.0110417
0.0112909
0.0112934
0.0114294
0.0118156
0.0121726
0.0123374
0.0124941
0.0128002
0.0131513
0.0134415
0.0137136
0.0140129
0.0143199
0.0146352
0.014983
0.015343
0.015666
0.0159542
0.0162777
0.0166624
0.0170452
0.0173754
0.0177122
0.0181108
0.0185317
0.0189104
0.0192842
0.019705
0.0201551
0.0205777
0.0209867
0.0214298
0.0218859
0.022336
0.0227861
0.0232622
0.0237462
0.02425
0.0247566
0.0252795
0.0258045
0.0263365
0.0268709
0.0274232
0.0279757
0.0285554
0.0291429
0.0297309
0.030333
0.0309473
0.0315841
0.0322227
0.0328898
0.0335548
0.0342522
0.0349448
0.035676
0.0364139
0.0371604
0.0379381
0.0387174
0.0395273
0.040347
0.0411714
0.0420164
0.0428522
0.0437418
0.0446184
0.0455146
0.0464221
0.0473294
0.0482128
0.0490805
0.0498353
0.0502134
0.00692213
0.00728797
0.00849329
0.00974358
0.0102005
0.00988624
0.00940484
0.00938218
0.00979269
0.00987309
0.00950482
0.00922311
0.00904612
0.00894995
0.00920019
0.00956755
0.00962208
0.00950095
0.00959862
0.0100221
0.0104588
0.0105096
0.010356
0.0105557
0.0110723
0.0113614
0.0113363
0.0114394
0.0118357
0.0122093
0.0123686
0.0125144
0.0128195
0.0131745
0.0134642
0.0137316
0.0140275
0.014333
0.0146469
0.0149931
0.0153529
0.0156763
0.0159622
0.0162828
0.0166697
0.0170566
0.0173855
0.0177176
0.0181164
0.0185404
0.0189179
0.0192873
0.0197083
0.0201612
0.0205821
0.0209884
0.0214322
0.0218897
0.0223398
0.02279
0.0232668
0.0237505
0.0242532
0.024759
0.0252813
0.0258052
0.0263376
0.0268736
0.0274255
0.0279775
0.0285583
0.0291455
0.0297329
0.0303355
0.0309506
0.0315877
0.0322261
0.0328931
0.033558
0.0342554
0.0349481
0.0356798
0.036417
0.0371631
0.037941
0.0387197
0.0395291
0.0403487
0.0411727
0.0420178
0.0428546
0.0437444
0.0446201
0.0455176
0.0464258
0.047335
0.0482219
0.0490908
0.04985
0.0502273
0.00693148
0.00719513
0.00831317
0.00965043
0.0103
0.0100633
0.00951886
0.00935584
0.00976904
0.0100435
0.00971044
0.00928693
0.0090795
0.00903531
0.00928898
0.00963405
0.00966587
0.00954638
0.00965786
0.0100512
0.0104755
0.0105834
0.0104315
0.0105604
0.0110836
0.0114339
0.0113953
0.0114484
0.0118491
0.0122493
0.0124039
0.0125331
0.012838
0.0131995
0.0134883
0.01375
0.0140421
0.0143463
0.0146593
0.0150043
0.0153632
0.0156871
0.0159712
0.0162884
0.0166769
0.0170683
0.0173963
0.0177234
0.0181219
0.0185492
0.0189258
0.0192906
0.0197116
0.0201675
0.0205868
0.0209904
0.0214348
0.0218938
0.0223437
0.0227939
0.0232715
0.0237549
0.0242565
0.0247616
0.0252833
0.025806
0.0263388
0.0268764
0.0274279
0.0279793
0.0285614
0.0291483
0.029735
0.0303381
0.030954
0.0315913
0.0322297
0.0328964
0.0335613
0.0342587
0.0349515
0.0356837
0.0364201
0.0371659
0.037944
0.0387221
0.0395311
0.0403506
0.041174
0.0420193
0.042857
0.0437472
0.044622
0.0455208
0.0464299
0.0473407
0.0482314
0.0491015
0.0498649
0.0502418
0.00697685
0.0071484
0.00815312
0.00951067
0.0103503
0.0102495
0.00967959
0.00936872
0.00970337
0.0101414
0.00993834
0.00940877
0.00910483
0.00908157
0.00936853
0.00972741
0.00973098
0.00957227
0.009702
0.0101045
0.0104974
0.0106329
0.0105154
0.0105845
0.0110785
0.0114962
0.0114725
0.0114641
0.0118525
0.0122892
0.0124464
0.0125517
0.0128533
0.0132258
0.013515
0.0137691
0.0140566
0.0143596
0.0146724
0.0150166
0.0153743
0.0156984
0.0159808
0.0162945
0.0166839
0.01708
0.0174077
0.0177297
0.0181274
0.0185583
0.0189342
0.0192942
0.0197149
0.020174
0.0205919
0.0209926
0.0214375
0.0218981
0.0223478
0.0227978
0.0232762
0.0237593
0.0242599
0.0247643
0.0252855
0.0258071
0.0263401
0.0268794
0.0274304
0.0279812
0.0285644
0.0291511
0.0297374
0.0303409
0.0309575
0.0315951
0.0322332
0.0328999
0.0335647
0.0342622
0.0349551
0.0356877
0.0364234
0.0371689
0.0379471
0.0387245
0.0395331
0.0403526
0.0411755
0.0420209
0.0428595
0.0437501
0.044624
0.0455241
0.0464344
0.0473466
0.0482413
0.0491126
0.0498799
0.0502569
0.00704939
0.00714683
0.00802818
0.00934959
0.0103384
0.0104184
0.00987774
0.00943682
0.00962994
0.0101574
0.0101486
0.00959256
0.00915329
0.00909694
0.00941628
0.00982777
0.00983425
0.00960165
0.00971316
0.0101626
0.0105452
0.0106666
0.0105881
0.0106326
0.0110713
0.0115374
0.011561
0.0114959
0.011847
0.0123228
0.0124971
0.0125739
0.012864
0.0132511
0.0135454
0.0137901
0.0140707
0.0143725
0.0146858
0.01503
0.0153864
0.0157103
0.0159912
0.016301
0.016691
0.0170919
0.0174197
0.0177364
0.0181328
0.0185674
0.0189432
0.019298
0.0197182
0.0201808
0.0205975
0.020995
0.0214403
0.0219026
0.022352
0.0228018
0.023281
0.0237638
0.0242633
0.0247672
0.0252879
0.0258083
0.0263417
0.0268825
0.027433
0.0279832
0.0285676
0.029154
0.0297398
0.0303438
0.0309611
0.0315991
0.032237
0.0329035
0.0335682
0.0342657
0.0349588
0.0356919
0.0364268
0.0371719
0.0379503
0.0387271
0.0395353
0.0403547
0.0411769
0.0420227
0.042862
0.0437531
0.0446262
0.0455275
0.0464393
0.0473527
0.0482515
0.0491241
0.0498949
0.0502724
0.00713479
0.00718782
0.00794455
0.0091897
0.0102724
0.0105451
0.010093
0.00956376
0.00958253
0.0101085
0.0103022
0.00981528
0.0092516
0.00910317
0.00942284
0.00990881
0.00997204
0.00966311
0.00969529
0.0101968
0.010623
0.0107092
0.0106359
0.0106912
0.0110788
0.0115574
0.011647
0.0115498
0.0118399
0.0123441
0.0125536
0.0126038
0.0128709
0.0132725
0.0135788
0.0138147
0.0140848
0.0143845
0.0146994
0.0150442
0.0153996
0.0157232
0.0160023
0.0163078
0.0166979
0.0171039
0.0174324
0.0177436
0.0181383
0.0185766
0.0189528
0.0193022
0.0197212
0.0201878
0.0206036
0.0209976
0.0214431
0.0219073
0.0223564
0.0228058
0.0232859
0.0237684
0.0242668
0.0247701
0.0252904
0.0258097
0.0263434
0.0268857
0.0274356
0.0279852
0.0285708
0.0291571
0.0297424
0.0303468
0.0309648
0.0316031
0.0322408
0.0329073
0.033572
0.0342694
0.0349626
0.035696
0.0364302
0.037175
0.0379536
0.0387298
0.0395375
0.040357
0.0411785
0.0420246
0.0428648
0.0437562
0.0446287
0.0455311
0.0464446
0.047359
0.048262
0.0491362
0.0499101
0.0502885
0.00721502
0.00726482
0.0079057
0.00904618
0.0101698
0.0106175
0.0103001
0.00974006
0.00958635
0.0100276
0.0103784
0.010041
0.00940954
0.00912758
0.00939728
0.00994697
0.0101194
0.00977741
0.00967619
0.0101837
0.0107077
0.0107859
0.010668
0.0107369
0.0111078
0.011571
0.011717
0.0116218
0.0118427
0.0123513
0.0126097
0.0126446
0.0128768
0.0132878
0.0136132
0.013844
0.0141003
0.0143953
0.0147126
0.0150591
0.0154138
0.0157372
0.0160144
0.0163149
0.0167046
0.0171162
0.0174457
0.0177513
0.0181436
0.0185858
0.0189631
0.0193068
0.019724
0.0201949
0.0206105
0.0210007
0.0214459
0.0219122
0.022361
0.0228098
0.0232909
0.0237731
0.0242704
0.0247732
0.0252932
0.0258112
0.0263452
0.0268891
0.0274383
0.0279874
0.028574
0.0291602
0.0297453
0.03035
0.0309685
0.0316072
0.0322447
0.0329111
0.0335757
0.0342733
0.0349666
0.0357003
0.0364337
0.0371782
0.0379569
0.0387325
0.0395399
0.0403595
0.0411801
0.0420267
0.0428676
0.0437594
0.0446315
0.0455348
0.0464504
0.0473656
0.0482727
0.0491487
0.0499254
0.0503049
0.00727193
0.00736498
0.00791461
0.0089305
0.0100466
0.0106372
0.0104759
0.00994412
0.00965112
0.00994974
0.0103822
0.0102316
0.00961304
0.00919592
0.0093617
0.00993422
0.0102455
0.00994205
0.00969011
0.0101252
0.0107643
0.0109039
0.010714
0.0107538
0.0111431
0.0115963
0.0117683
0.0116977
0.0118636
0.0123496
0.012658
0.0126965
0.0128864
0.0132962
0.0136461
0.0138779
0.014119
0.0144052
0.0147244
0.0150745
0.0154291
0.0157524
0.0160277
0.0163224
0.016711
0.0171286
0.01746
0.0177596
0.0181488
0.018595
0.0189741
0.0193119
0.0197266
0.020202
0.0206181
0.0210043
0.0214487
0.0219172
0.0223659
0.022814
0.023296
0.0237779
0.0242741
0.0247763
0.0252962
0.0258131
0.0263473
0.0268925
0.0274411
0.0279896
0.0285774
0.0291634
0.0297483
0.0303532
0.0309724
0.0316115
0.0322488
0.0329151
0.0335797
0.0342772
0.0349708
0.0357047
0.0364373
0.0371816
0.0379603
0.0387354
0.0395423
0.0403621
0.0411817
0.042029
0.0428707
0.0437627
0.0446345
0.0455387
0.0464566
0.0473726
0.0482837
0.0491617
0.0499408
0.0503217
0.0072918
0.00746962
0.00796808
0.00885568
0.00991849
0.0106132
0.0106076
0.0101509
0.00977076
0.00990406
0.0103372
0.0103615
0.00983199
0.00931932
0.00934247
0.00988101
0.0103236
0.0101306
0.00976449
0.0100507
0.0107624
0.0110371
0.0108052
0.0107525
0.0111586
0.0116416
0.0118166
0.0117628
0.0119008
0.0123496
0.0126936
0.0127552
0.0129045
0.0132984
0.0136749
0.0139157
0.0141418
0.0144157
0.0147346
0.0150894
0.0154454
0.0157689
0.0160424
0.0163305
0.0167168
0.0171408
0.0174751
0.0177688
0.0181537
0.0186041
0.018986
0.0193176
0.0197287
0.0202089
0.0206264
0.0210085
0.0214516
0.0219222
0.0223709
0.0228183
0.0233011
0.0237829
0.0242779
0.0247796
0.0252992
0.0258151
0.0263497
0.0268961
0.027444
0.027992
0.0285807
0.0291667
0.0297516
0.0303565
0.0309763
0.0316159
0.0322529
0.0329193
0.0335837
0.0342813
0.0349751
0.0357092
0.0364409
0.0371852
0.0379638
0.0387385
0.0395449
0.0403649
0.0411835
0.0420313
0.0428739
0.043766
0.0446379
0.0455428
0.0464632
0.0473799
0.0482948
0.0491752
0.0499564
0.0503387
0.00726895
0.00755858
0.00805105
0.00883092
0.00980424
0.0105567
0.0106938
0.0103382
0.00992677
0.0099065
0.0102722
0.0104264
0.0100336
0.00948798
0.00936352
0.0098106
0.0103423
0.0103098
0.00990408
0.0099987
0.0106973
0.0111449
0.0109511
0.0107664
0.0111349
0.0116894
0.0118827
0.0118149
0.0119409
0.0123609
0.0127188
0.0128132
0.0129341
0.0132973
0.0136966
0.0139564
0.0141693
0.0144278
0.014744
0.015103
0.015462
0.0157867
0.0160587
0.0163394
0.0167221
0.0171528
0.0174912
0.0177788
0.0181583
0.0186128
0.0189988
0.0193244
0.0197305
0.0202155
0.0206354
0.0210133
0.0214545
0.0219273
0.0223761
0.0228228
0.0233064
0.023788
0.0242818
0.0247829
0.0253025
0.0258174
0.0263522
0.0268998
0.027447
0.0279944
0.0285841
0.0291702
0.0297551
0.0303599
0.0309802
0.0316205
0.0322571
0.0329235
0.0335879
0.0342855
0.0349795
0.0357138
0.0364446
0.0371889
0.0379674
0.0387416
0.0395476
0.0403677
0.0411853
0.0420338
0.0428774
0.0437693
0.0446416
0.045547
0.04647
0.0473876
0.0483059
0.0491891
0.0499722
0.050356
0.00720775
0.00761781
0.00814257
0.00885214
0.00972232
0.0104823
0.0107389
0.0104936
0.0100965
0.00995864
0.0102141
0.0104384
0.010194
0.00967772
0.00943467
0.00974913
0.0103078
0.0104486
0.010088
0.0100036
0.0105982
0.0111909
0.0111257
0.0108324
0.0110816
0.0117076
0.0119747
0.0118716
0.0119691
0.012383
0.0127432
0.012864
0.0129743
0.0132985
0.0137085
0.0139976
0.0142023
0.0144411
0.0147535
0.015116
0.015478
0.0158058
0.016077
0.0163493
0.0167267
0.0171641
0.0175085
0.0177901
0.0181624
0.0186207
0.0190126
0.0193322
0.019732
0.0202215
0.0206451
0.0210189
0.0214575
0.0219324
0.0223815
0.0228273
0.0233118
0.0237932
0.0242859
0.0247863
0.025306
0.0258198
0.026355
0.0269037
0.0274502
0.027997
0.0285874
0.0291738
0.0297589
0.0303634
0.0309842
0.0316252
0.0322615
0.0329279
0.0335922
0.0342899
0.0349841
0.0357185
0.0364484
0.0371927
0.037971
0.0387449
0.0395505
0.0403707
0.0411873
0.0420364
0.0428813
0.0437726
0.0446457
0.0455516
0.0464771
0.0473959
0.0483172
0.0492035
0.0499882
0.0503735
0.00712036
0.00764406
0.00822449
0.00890183
0.00968151
0.0104079
0.0107502
0.0106133
0.0102596
0.0100498
0.0101836
0.0104175
0.0103058
0.00986363
0.00954863
0.00971952
0.0102404
0.0105281
0.0102824
0.0100775
0.010505
0.0111648
0.011286
0.0109675
0.0110372
0.0116714
0.0120724
0.0119565
0.011983
0.0124016
0.0127764
0.0129078
0.0130193
0.0133084
0.0137113
0.014035
0.0142431
0.0144561
0.0147615
0.0151295
0.015493
0.0158247
0.0160978
0.0163611
0.0167307
0.0171743
0.0175266
0.017803
0.0181662
0.0186278
0.0190273
0.0193416
0.0197333
0.0202269
0.0206554
0.0210251
0.0214605
0.0219375
0.0223871
0.0228321
0.0233171
0.0237987
0.0242902
0.0247897
0.0253096
0.0258225
0.0263578
0.0269078
0.0274536
0.0279997
0.0285906
0.0291776
0.0297631
0.030367
0.0309882
0.0316301
0.0322659
0.0329325
0.0335966
0.0342943
0.0349888
0.0357233
0.0364522
0.0371967
0.0379746
0.0387484
0.0395537
0.0403737
0.0411896
0.0420391
0.0428853
0.0437759
0.04465
0.0455565
0.0464844
0.0474046
0.0483287
0.0492181
0.0500044
0.0503911
0.00701938
0.00764168
0.00828905
0.00896244
0.00967719
0.0103494
0.0107379
0.0106983
0.0104024
0.0101608
0.0101886
0.0103844
0.0103726
0.0100283
0.00968825
0.00973372
0.0101673
0.0105474
0.0104542
0.0102065
0.0104534
0.011089
0.0113907
0.0111488
0.0110447
0.011588
0.0121392
0.0120813
0.0120026
0.0124002
0.0128172
0.0129522
0.013061
0.0133291
0.0137099
0.0140626
0.0142916
0.0144769
0.0147661
0.0151434
0.0155089
0.0158418
0.01612
0.0163758
0.0167344
0.017183
0.0175455
0.0178181
0.0181698
0.0186333
0.0190427
0.0193527
0.0197344
0.0202316
0.0206664
0.0210321
0.0214636
0.0219426
0.022393
0.022837
0.0233225
0.0238042
0.0242946
0.0247932
0.0253135
0.0258255
0.0263608
0.0269118
0.0274573
0.0280026
0.0285936
0.0291815
0.0297676
0.0303707
0.0309923
0.0316351
0.0322704
0.0329373
0.0336011
0.034299
0.0349937
0.0357282
0.036456
0.0372009
0.0379783
0.0387519
0.0395569
0.0403767
0.041192
0.0420418
0.0428897
0.0437794
0.0446545
0.0455618
0.0464918
0.0474137
0.0483403
0.0492329
0.0500209
0.0504089
0.00691477
0.00761497
0.00833502
0.00902329
0.00969822
0.0103162
0.010716
0.010754
0.01052
0.0102737
0.0102241
0.0103568
0.0104024
0.0101622
0.00983554
0.00978794
0.0101129
0.0105218
0.0105807
0.0103636
0.0104601
0.0110013
0.0114233
0.0113313
0.0111275
0.0114964
0.0121425
0.0122269
0.0120569
0.0123758
0.0128519
0.0130076
0.0130975
0.0133559
0.0137126
0.0140766
0.0143419
0.0145093
0.0147674
0.0151544
0.0155285
0.0158574
0.0161413
0.0163941
0.0167387
0.0171894
0.0175647
0.0178356
0.0181738
0.0186371
0.0190584
0.0193657
0.0197356
0.0202353
0.020678
0.0210401
0.0214665
0.0219478
0.0223994
0.0228421
0.0233277
0.02381
0.0242993
0.0247966
0.0253175
0.0258288
0.026364
0.026916
0.0274612
0.0280056
0.0285966
0.0291855
0.0297724
0.0303744
0.0309964
0.0316402
0.032275
0.0329421
0.0336056
0.0343037
0.0349987
0.0357332
0.03646
0.0372053
0.0379821
0.0387555
0.0395606
0.0403797
0.0411947
0.0420446
0.0428943
0.0437829
0.0446593
0.0455676
0.0464992
0.0474233
0.0483521
0.0492479
0.0500376
0.0504267
0.00681893
0.00756902
0.00835968
0.00907775
0.00973297
0.0103077
0.0106972
0.0107877
0.0106136
0.0103777
0.0102776
0.010345
0.0104074
0.0102609
0.00997675
0.00986925
0.0100901
0.0104741
0.0106533
0.0105207
0.0105197
0.010936
0.0114014
0.0114731
0.0112713
0.0114427
0.0120796
0.012353
0.0121633
0.0123477
0.0128613
0.013075
0.013136
0.0133808
0.0137244
0.0140804
0.0143844
0.014556
0.0147712
0.0151569
0.0155519
0.0158758
0.0161594
0.016415
0.0167456
0.0171933
0.017583
0.0178554
0.0181785
0.0186392
0.019074
0.019381
0.0197373
0.0202378
0.0206901
0.021049
0.0214693
0.0219527
0.0224064
0.0228477
0.0233329
0.0238158
0.0243041
0.0248001
0.0253218
0.0258324
0.0263672
0.0269201
0.0274655
0.0280088
0.0285993
0.0291898
0.0297776
0.0303783
0.0310005
0.0316456
0.0322796
0.0329472
0.0336103
0.0343086
0.0350038
0.0357383
0.0364639
0.0372098
0.037986
0.0387591
0.0395645
0.0403827
0.0411977
0.0420477
0.0428991
0.0437867
0.0446641
0.0455739
0.0465067
0.0474333
0.0483642
0.049263
0.0500545
0.0504443
0.00674522
0.00751484
0.00836285
0.00912062
0.00977239
0.0103174
0.0106888
0.0108082
0.010686
0.0104687
0.0103376
0.0103503
0.0104023
0.0103255
0.0101025
0.00996576
0.0100998
0.0104271
0.0106772
0.0106534
0.0106131
0.010909
0.0113555
0.011554
0.0114355
0.0114583
0.0119845
0.0124217
0.0123096
0.012347
0.0128378
0.0131411
0.0131878
0.0134004
0.0137437
0.0140835
0.0144118
0.0146115
0.0147862
0.0151485
0.0155724
0.0159017
0.0161754
0.0164347
0.0167568
0.0171965
0.0175996
0.0178777
0.0181845
0.0186396
0.0190889
0.0193981
0.0197396
0.0202391
0.0207025
0.0210593
0.021472
0.0219571
0.0224139
0.0228538
0.0233378
0.0238216
0.0243091
0.0248036
0.0253264
0.0258365
0.0263706
0.0269242
0.02747
0.0280122
0.028602
0.0291943
0.029783
0.030382
0.0310057
0.0316511
0.0322842
0.0329525
0.033615
0.0343137
0.035009
0.0357434
0.0364681
0.0372143
0.03799
0.0387628
0.0395688
0.0403855
0.0412009
0.0420509
0.0429039
0.0437909
0.044669
0.0455808
0.0465144
0.0474435
0.0483767
0.0492781
0.0500714
0.0504622
0.00670212
0.00746753
0.00835205
0.00914921
0.00981033
0.0103373
0.0106921
0.0108232
0.0107402
0.0105454
0.0103953
0.0103661
0.0103964
0.0103617
0.0102046
0.0100671
0.0101359
0.0103981
0.0106702
0.0107491
0.0107217
0.0109201
0.0113135
0.0115833
0.0115798
0.0115397
0.0119025
0.012419
0.0124587
0.0123972
0.0127957
0.0131855
0.013256
0.0134197
0.0137627
0.0140942
0.0144266
0.0146662
0.0148194
0.0151354
0.0155804
0.015935
0.0161958
0.0164496
0.0167693
0.017201
0.0176138
0.0179014
0.0181927
0.0186385
0.0191032
0.0194174
0.0197428
0.020239
0.020715
0.0210709
0.0214747
0.0219609
0.0224218
0.0228606
0.0233427
0.0238273
0.0243143
0.0248072
0.0253311
0.0258408
0.026374
0.0269284
0.0274749
0.0280155
0.0286043
0.0291991
0.0297888
0.0303858
0.03101
0.0316568
0.0322888
0.0329579
0.0336197
0.0343189
0.0350144
0.0357486
0.0364725
0.0372189
0.0379943
0.0387665
0.0395734
0.0403883
0.0412043
0.0420544
0.0429086
0.0437952
0.044674
0.0455881
0.0465223
0.0474538
0.0483896
0.0492932
0.0500884
0.0504803
0.00668688
0.00743704
0.0083376
0.00916391
0.00984107
0.0103601
0.0107033
0.0108384
0.0107815
0.0106093
0.0104482
0.0103862
0.0103927
0.0103786
0.0102784
0.0101627
0.0101888
0.0103916
0.0106525
0.0108055
0.0108269
0.0109613
0.0112903
0.0115849
0.0116805
0.011656
0.0118688
0.012365
0.0125705
0.0124962
0.0127632
0.0131963
0.0133304
0.0134482
0.0137742
0.0141105
0.0144358
0.0147107
0.0148698
0.0151306
0.0155717
0.0159671
0.0162281
0.0164626
0.0167779
0.017208
0.0176275
0.0179249
0.0182029
0.0186361
0.019116
0.019439
0.0197472
0.0202373
0.0207274
0.021084
0.0214777
0.021964
0.0224298
0.0228681
0.0233479
0.0238329
0.0243194
0.0248106
0.0253361
0.0258456
0.0263775
0.0269325
0.0274802
0.0280191
0.0286064
0.0292043
0.0297948
0.0303895
0.0310145
0.0316626
0.0322935
0.0329633
0.0336245
0.034324
0.03502
0.0357536
0.036477
0.0372233
0.0379986
0.0387702
0.0395783
0.0403911
0.0412077
0.0420585
0.0429133
0.0438002
0.0446792
0.0455957
0.0465303
0.0474641
0.0484028
0.0493084
0.0501053
0.0504982
0.00669172
0.00742602
0.00832857
0.00917038
0.00986141
0.0103797
0.0107159
0.0108542
0.0108136
0.0106617
0.0104958
0.0104067
0.0103899
0.010383
0.0103253
0.0102417
0.0102478
0.0104024
0.0106376
0.010831
0.0109128
0.0110207
0.0112881
0.0115798
0.0117398
0.0117721
0.0118938
0.0122988
0.0126232
0.0126176
0.0127653
0.0131807
0.0133957
0.0134934
0.0137825
0.0141259
0.0144462
0.0147417
0.0149256
0.0151438
0.015552
0.0159855
0.0162735
0.0164837
0.0167792
0.0172135
0.0176438
0.0179487
0.0182145
0.0186328
0.0191267
0.0194626
0.0197534
0.0202337
0.020739
0.0210989
0.0214813
0.0219662
0.0224378
0.0228762
0.0233532
0.0238387
0.0243246
0.0248141
0.0253413
0.0258508
0.0263809
0.0269366
0.0274857
0.0280225
0.0286081
0.0292101
0.0298012
0.030393
0.0310193
0.0316685
0.0322985
0.032969
0.0336295
0.0343292
0.0350258
0.0357585
0.0364819
0.0372278
0.0380032
0.0387739
0.0395832
0.040394
0.0412111
0.042063
0.0429176
0.0438053
0.0446846
0.0456035
0.0465389
0.0474745
0.0484163
0.0493236
0.050122
0.0505162
0.00670831
0.00743023
0.0083279
0.00917468
0.00987255
0.0103925
0.0107246
0.0108665
0.0108369
0.0107011
0.0105362
0.0104253
0.0103869
0.010379
0.0103513
0.0103003
0.0103046
0.0104257
0.0106323
0.0108401
0.0109734
0.0110867
0.0113045
0.0115793
0.011774
0.0118646
0.0119591
0.0122559
0.0126228
0.0127277
0.0128081
0.0131574
0.0134389
0.0135508
0.0137962
0.014137
0.0144598
0.0147653
0.0149761
0.0151741
0.0155344
0.0159813
0.0163193
0.0165225
0.0167777
0.0172102
0.0176628
0.0179761
0.0182272
0.0186289
0.0191353
0.0194882
0.0197627
0.020228
0.0207489
0.0211155
0.0214861
0.0219676
0.0224454
0.0228847
0.0233588
0.0238445
0.0243297
0.0248174
0.0253465
0.0258566
0.0263844
0.0269406
0.0274918
0.0280262
0.0286092
0.029216
0.0298077
0.0303962
0.0310253
0.0316741
0.0323034
0.0329746
0.0336347
0.0343346
0.0350319
0.0357635
0.0364871
0.0372323
0.0380079
0.0387781
0.0395883
0.0403972
0.0412145
0.0420679
0.0429219
0.0438106
0.0446903
0.0456112
0.0465475
0.0474848
0.04843
0.0493389
0.0501385
0.0505342
0.00673312
0.00744535
0.00833542
0.00918115
0.00987881
0.0103985
0.0107277
0.0108723
0.0108515
0.010727
0.0105673
0.0104419
0.0103838
0.0103696
0.0103621
0.0103409
0.0103529
0.0104557
0.0106363
0.0108434
0.0110111
0.0111467
0.0113344
0.0115841
0.0117961
0.0119274
0.0120352
0.0122523
0.0125955
0.0128023
0.0128784
0.0131459
0.0134598
0.0136092
0.0138198
0.0141447
0.0144724
0.014787
0.01502
0.0152145
0.015532
0.0159622
0.0163491
0.0165781
0.0167861
0.0171922
0.017676
0.0180103
0.0182426
0.0186223
0.0191403
0.0195157
0.0197763
0.0202208
0.020756
0.0211342
0.021493
0.0219686
0.0224525
0.0228934
0.0233646
0.0238507
0.0243351
0.0248205
0.0253515
0.0258628
0.0263878
0.0269444
0.0274982
0.0280301
0.0286103
0.0292224
0.0298146
0.0303987
0.0310173
0.0316791
0.0323085
0.03298
0.0336399
0.0343395
0.0350379
0.0357681
0.0364923
0.0372367
0.0380124
0.0387826
0.0395932
0.0404007
0.0412181
0.0420735
0.0429263
0.0438161
0.0446967
0.0456191
0.0465566
0.0474952
0.0484437
0.0493542
0.0501547
0.0505505
0.00676727
0.00747078
0.00835131
0.00919116
0.00988366
0.0103982
0.0107232
0.0108677
0.0108538
0.010737
0.0105831
0.0104498
0.0103758
0.0103536
0.0103582
0.0103647
0.0103897
0.0104857
0.0106478
0.0108474
0.0110343
0.0111935
0.0113716
0.0115953
0.0118134
0.0119704
0.0121006
0.0122799
0.0125688
0.012836
0.0129543
0.013156
0.0134677
0.0136607
0.0138529
0.0141552
0.014482
0.0148054
0.0150583
0.0152553
0.0155452
0.0159441
0.0163563
0.0166372
0.0168193
0.0171688
0.0176729
0.0180505
0.0182676
0.0186122
0.0191386
0.0195444
0.019795
0.0202119
0.0207586
0.0211536
0.0215021
0.0219692
0.0224587
0.0229024
0.0233704
0.0238569
0.024341
0.0248239
0.0253563
0.0258698
0.0263915
0.0269478
0.027505
0.0280338
0.0286109
0.0292288
0.0298217
0.030402
0.031025
0.0316847
0.0323141
0.0329856
0.0336456
0.0343449
0.0350443
0.035773
0.0364977
0.0372413
0.0380169
0.0387873
0.0395977
0.040404
0.0412215
0.042079
0.0429305
0.0438216
0.0447035
0.0456269
0.0465658
0.0475059
0.0484576
0.0493696
0.0501707
0.0505687
0.00681013
0.00750702
0.0083758
0.0092041
0.00988559
0.0103896
0.0107068
0.0108486
0.0108395
0.0107286
0.0105791
0.0104431
0.0103586
0.0103302
0.0103413
0.0103726
0.0104156
0.0105117
0.0106648
0.0108559
0.0110511
0.011227
0.0114083
0.0116132
0.011828
0.0120034
0.0121498
0.0123201
0.0125595
0.0128401
0.0130152
0.0131844
0.0134717
0.0137009
0.0138896
0.0141703
0.0144914
0.0148186
0.0150931
0.0152961
0.0155659
0.0159366
0.0163466
0.0166796
0.0168762
0.0171578
0.0176473
0.0180864
0.0183104
0.0186046
0.0191267
0.0195738
0.0198218
0.0202032
0.0207562
0.0211734
0.0215144
0.0219698
0.0224636
0.022911
0.0233758
0.0238628
0.0243473
0.0248271
0.0253603
0.0258768
0.0263952
0.0269509
0.0275123
0.0280381
0.0286116
0.0292352
0.0298288
0.0304056
0.031028
0.0316898
0.0323196
0.0329907
0.033651
0.0343501
0.0350502
0.0357777
0.036503
0.0372459
0.0380212
0.0387924
0.0396024
0.0404077
0.0412253
0.0420846
0.0429346
0.0438269
0.0447105
0.0456343
0.0465748
0.0475162
0.0484707
0.0493846
0.0501861
0.050585
0.00684772
0.00754584
0.00840316
0.00921575
0.00988081
0.0103691
0.0106743
0.0108102
0.0108037
0.0106978
0.0105523
0.0104177
0.0103292
0.0102987
0.0103146
0.0103659
0.010431
0.0105331
0.0106834
0.0108687
0.0110658
0.0112507
0.0114379
0.0116342
0.011841
0.0120298
0.0121877
0.0123587
0.0125689
0.0128332
0.0130536
0.0132241
0.0134802
0.0137311
0.013927
0.0141886
0.0145015
0.0148254
0.0151194
0.0153376
0.0155898
0.0159389
0.0163356
0.0166974
0.0169393
0.0171733
0.0176054
0.0181002
0.0183685
0.0186077
0.0191012
0.0195984
0.0198584
0.0201972
0.0207478
0.0211929
0.0215313
0.0219721
0.0224682
0.0229205
0.0233815
0.0238688
0.0243552
0.0248313
0.0253641
0.0258843
0.0263993
0.0269535
0.0275198
0.0280424
0.0286123
0.0292414
0.0298361
0.0304095
0.031035
0.0316958
0.032326
0.0329963
0.0336572
0.0343561
0.0350565
0.0357829
0.0365086
0.0372511
0.0380258
0.038798
0.0396068
0.0404116
0.0412297
0.0420907
0.0429395
0.0438327
0.0447185
0.0456425
0.0465844
0.0475275
0.0484846
0.0493999
0.0502017
0.0506022
0.00691791
0.007606
0.00844612
0.00923564
0.00987692
0.0103403
0.0106231
0.0107437
0.0107336
0.0106298
0.0104893
0.0103616
0.0102775
0.0102525
0.0102764
0.0103453
0.0104351
0.0105507
0.010703
0.0108851
0.0110809
0.0112681
0.0114582
0.011653
0.011853
0.0120497
0.0122179
0.01239
0.0125871
0.0128273
0.013071
0.0132643
0.0134977
0.0137543
0.0139645
0.0142119
0.0145149
0.0148317
0.0151367
0.015378
0.0156173
0.015943
0.0163286
0.0166983
0.0169896
0.0172174
0.0175683
0.0180822
0.0184309
0.0186316
0.0190635
0.0196088
0.0199025
0.0201946
0.0207303
0.0212072
0.0215502
0.021974
0.0224694
0.0229283
0.0233859
0.0238727
0.0243629
0.0248355
0.0253666
0.0258913
0.0264033
0.0269557
0.0275277
0.0280472
0.0286129
0.0292469
0.029843
0.0304142
0.0310383
0.0317002
0.0323312
0.0330009
0.0336624
0.0343616
0.0350616
0.0357874
0.0365133
0.0372555
0.0380298
0.0388031
0.0396106
0.0404146
0.0412337
0.0420955
0.0429432
0.0438376
0.0447257
0.0456495
0.0465927
0.0475375
0.0484969
0.0494143
0.0502163
0.0506172
0.00699116
0.00766504
0.00848803
0.00925815
0.0098786
0.0103198
0.0105664
0.0106625
0.0106408
0.0105361
0.0104007
0.0102846
0.0102121
0.0102003
0.0102373
0.0103232
0.010438
0.0105724
0.0107309
0.0109093
0.0111006
0.0112856
0.0114738
0.0116692
0.0118659
0.0120663
0.0122442
0.0124181
0.0126094
0.0128292
0.0130776
0.0132989
0.0135249
0.0137754
0.0140001
0.0142399
0.0145298
0.0148409
0.0151493
0.0154165
0.0156556
0.015953
0.0163288
0.0166979
0.0170205
0.0172777
0.0175606
0.0180398
0.0184825
0.0186891
0.0190309
0.0196036
0.0199574
0.0202072
0.02071
0.0212192
0.0215762
0.0219813
0.0224721
0.0229376
0.0233917
0.0238771
0.0243725
0.024842
0.0253697
0.0258983
0.0264076
0.0269571
0.0275354
0.0280527
0.0286143
0.0292518
0.0298499
0.0304192
0.0310446
0.0317061
0.0323379
0.0330066
0.033669
0.0343687
0.0350675
0.0357931
0.0365194
0.0372612
0.038035
0.0388093
0.0396153
0.040419
0.0412397
0.042102
0.0429485
0.043844
0.0447344
0.0456578
0.0466022
0.0475492
0.0485103
0.0494288
0.0502312
0.0506333
0.00712515
0.00774613
0.00850743
0.00920638
0.00975975
0.0101338
0.0103577
0.0104495
0.0104264
0.0103355
0.0102192
0.0101285
0.0100842
0.0101037
0.0101698
0.010279
0.0104197
0.0105741
0.0107424
0.010917
0.0111028
0.0112857
0.0114701
0.0116669
0.0118642
0.0120676
0.0122549
0.0124344
0.0126242
0.0128306
0.0130751
0.0133171
0.0135498
0.0137928
0.0140265
0.0142661
0.01454
0.0148446
0.0151529
0.0154381
0.015692
0.0159648
0.0163241
0.0166975
0.0170299
0.0173254
0.017583
0.0179851
0.0184895
0.01876
0.01901
0.0195672
0.0200027
0.0202318
0.0206818
0.0212181
0.0216012
0.0219886
0.022471
0.0229441
0.0233952
0.0238784
0.0243807
0.0248482
0.0253719
0.0259043
0.0264115
0.0269586
0.0275427
0.028059
0.0286156
0.029255
0.0298556
0.0304259
0.0310483
0.0317102
0.0323432
0.0330109
0.0336744
0.0343754
0.0350719
0.0357972
0.0365241
0.0372654
0.0380389
0.038814
0.0396184
0.0404214
0.0412439
0.042106
0.0429517
0.0438489
0.0447417
0.0456648
0.0466098
0.047559
0.0485221
0.0494422
0.0502449
0.0506473
0.00736414
0.00795394
0.00866642
0.00930109
0.00978216
0.0100866
0.0102242
0.0102189
0.0101625
0.010094
0.010021
0.00997742
0.00997923
0.0100391
0.0101407
0.0102689
0.0104229
0.0105855
0.0107582
0.0109289
0.0111062
0.0112874
0.0114668
0.0116634
0.0118622
0.0120683
0.0122661
0.0124542
0.0126465
0.0128448
0.0130814
0.0133318
0.0135744
0.0138169
0.0140539
0.014297
0.0145596
0.014854
0.0151644
0.0154578
0.01573
0.0159939
0.0163228
0.0167014
0.0170372
0.0173542
0.0176347
0.0179641
0.0184644
0.0188327
0.0190343
0.0195217
0.0200335
0.0202798
0.0206616
0.0212078
0.0216289
0.0220027
0.0224724
0.0229518
0.0234001
0.0238798
0.0243898
0.0248565
0.0253755
0.0259105
0.026415
0.0269591
0.02755
0.0280668
0.0286187
0.029257
0.0298612
0.0304334
0.0310532
0.0317145
0.0323496
0.0330157
0.03368
0.0343826
0.035077
0.035802
0.0365299
0.0372708
0.0380443
0.0388197
0.0396229
0.0404261
0.0412504
0.042112
0.0429563
0.0438551
0.0447496
0.0456722
0.0466184
0.0475699
0.0485344
0.0494553
0.0502586
0.0506619
0.00746868
0.00787562
0.008389
0.00885487
0.00922224
0.0094846
0.00965433
0.00975395
0.00976823
0.00976933
0.00979452
0.00984695
0.00992325
0.0100245
0.0101493
0.010282
0.0104311
0.0105883
0.0107549
0.0109229
0.0110916
0.0112719
0.0114495
0.0116458
0.0118469
0.0120554
0.0122655
0.0124633
0.0126623
0.0128594
0.0130882
0.0133388
0.0135873
0.013836
0.0140749
0.0143181
0.0145753
0.0148568
0.0151683
0.0154679
0.0157519
0.0160268
0.0163273
0.0166989
0.0170453
0.0173601
0.0176766
0.0179748
0.0184169
0.0188641
0.019086
0.019482
0.0200307
0.0203356
0.0206561
0.0211856
0.0216509
0.0220202
0.0224736
0.0229582
0.0234048
0.0238797
0.0243964
0.0248647
0.0253789
0.0259162
0.0264193
0.0269585
0.0275549
0.0280762
0.0286216
0.0292554
0.0298641
0.0304418
0.0310573
0.0317177
0.0323563
0.0330216
0.033687
0.0343906
0.035082
0.0358068
0.0365355
0.0372756
0.0380492
0.0388245
0.0396258
0.0404289
0.0412553
0.0421161
0.04296
0.0438615
0.0447576
0.0456796
0.0466261
0.0475797
0.0485457
0.0494674
0.0502713
0.0506747
0.00914117
0.00896027
0.00868273
0.00847004
0.00837284
0.00840366
0.00852554
0.00871293
0.00897574
0.00926838
0.00952894
0.00973679
0.00990454
0.0100455
0.0101796
0.0103073
0.0104405
0.0105859
0.0107411
0.0109066
0.011071
0.0112488
0.0114285
0.0116231
0.0118276
0.012037
0.0122572
0.0124644
0.0126701
0.0128733
0.0130956
0.0133446
0.0135954
0.0138513
0.0140968
0.0143383
0.0145954
0.0148667
0.0151737
0.0154792
0.0157665
0.016056
0.016341
0.0166891
0.0170488
0.0173618
0.0177016
0.0180109
0.0183835
0.0188578
0.0191467
0.0194677
0.0199998
0.0203809
0.0206688
0.0211557
0.0216597
0.0220392
0.0224748
0.0229623
0.0234097
0.0238786
0.0244007
0.0248736
0.0253831
0.0259214
0.0264244
0.0269567
0.0275563
0.0280887
0.0286283
0.029252
0.029868
0.0304531
0.0310616
0.0317188
0.0323608
0.0330245
0.0336912
0.0343962
0.0350846
0.0358098
0.0365403
0.0372794
0.0380532
0.0388289
0.0396289
0.0404329
0.041261
0.0421204
0.0429628
0.0438662
0.0447638
0.0456851
0.0466329
0.0475888
0.0485559
0.0494785
0.050283
0.0506874
0.00885664
0.00851946
0.00810203
0.00778208
0.0076298
0.00767371
0.00789499
0.00824681
0.00864445
0.00901789
0.00934517
0.00962096
0.00984341
0.0100204
0.0101737
0.0103145
0.0104493
0.0105912
0.0107405
0.0109034
0.011069
0.0112422
0.0114241
0.0116142
0.0118177
0.012026
0.0122462
0.0124618
0.0126724
0.0128865
0.0131053
0.0133531
0.0136062
0.0138627
0.0141166
0.0143554
0.0146141
0.0148796
0.0151785
0.015491
0.0157809
0.0160837
0.0163682
0.0166878
0.0170513
0.0173712
0.0177151
0.0180525
0.0183809
0.0188296
0.0191968
0.0194924
0.0199657
0.0204124
0.0207092
0.0211389
0.0216606
0.022064
0.0224822
0.0229673
0.0234197
0.0238785
0.0244022
0.0248829
0.0253871
0.025926
0.0264327
0.0269541
0.0275533
0.028102
0.0286371
0.0292432
0.029868
0.0304672
0.031068
0.0317211
0.0323691
0.0330325
0.0337006
0.0344065
0.0350905
0.0358156
0.036548
0.0372858
0.0380586
0.038834
0.0396325
0.0404364
0.0412664
0.0421248
0.0429673
0.0438736
0.0447719
0.0456928
0.0466406
0.0475984
0.0485664
0.049489
0.0502944
0.0506988
0.00965984
0.00929568
0.00879862
0.00835579
0.00805197
0.00792066
0.00795457
0.00811398
0.0083457
0.00862252
0.00892259
0.00922316
0.00950487
0.00975617
0.00997948
0.0101831
0.0103706
0.0105474
0.0107199
0.0108945
0.0110692
0.0112429
0.0114233
0.0116083
0.0118046
0.0120105
0.0122204
0.0124391
0.012655
0.01288
0.0131058
0.0133526
0.0136121
0.0138634
0.0141233
0.0143659
0.0146252
0.0148934
0.0151793
0.0154948
0.0157871
0.0160933
0.0163868
0.016683
0.0170396
0.0173736
0.0177154
0.0180773
0.0183952
0.0187938
0.0192082
0.0195271
0.0199315
0.0204029
0.020747
0.0211282
0.0216386
0.0220793
0.0224868
0.0229639
0.023431
0.0238768
0.0243978
0.0248939
0.0253895
0.0259294
0.0264446
0.0269494
0.0275458
0.0281191
0.0286503
0.0292342
0.0298674
0.030481
0.0310726
0.0317187
0.0323708
0.0330339
0.0337037
0.0344107
0.0350905
0.0358162
0.0365517
0.037289
0.0380609
0.0388365
0.0396348
0.0404398
0.0412706
0.0421275
0.0429689
0.043877
0.0447763
0.0456963
0.0466453
0.0476051
0.0485741
0.0494973
0.0503035
0.0507087
0.00762119
0.00786567
0.00818644
0.00845919
0.00865077
0.00874668
0.00875165
0.00873049
0.0087311
0.00878274
0.00890821
0.00910342
0.00934521
0.00960309
0.00986047
0.0101036
0.010327
0.0105315
0.0107223
0.0109072
0.0110873
0.0112654
0.0114426
0.0116239
0.0118113
0.0120098
0.0122089
0.0124224
0.0126456
0.0128774
0.0131184
0.0133654
0.0136261
0.0138735
0.0141285
0.0143808
0.014637
0.0149126
0.0151909
0.0155
0.0158031
0.0161032
0.0164101
0.0166965
0.0170333
0.0173828
0.0177191
0.0180931
0.0184234
0.0187805
0.0192043
0.0195677
0.0199347
0.0203856
0.020785
0.0211522
0.0216182
0.0220926
0.0225043
0.0229569
0.0234464
0.0238817
0.0243863
0.0249068
0.0253934
0.0259256
0.0264621
0.0269458
0.0275291
0.028135
0.0286672
0.0292197
0.0298636
0.0304973
0.0310814
0.0317218
0.0323792
0.0330429
0.0337149
0.0344228
0.0350969
0.0358222
0.0365598
0.0372961
0.0380663
0.0388406
0.0396378
0.0404433
0.0412757
0.0421313
0.0429732
0.0438841
0.0447837
0.0457035
0.0466519
0.0476133
0.0485829
0.0495059
0.0503127
0.050718
0.00962423
0.00920685
0.00863748
0.00810767
0.00769989
0.00746129
0.00742886
0.00756087
0.00781312
0.00813768
0.00849482
0.00885375
0.00919968
0.00952092
0.00980916
0.0100678
0.0102987
0.0105093
0.0107018
0.0108869
0.0110673
0.0112482
0.0114269
0.0116078
0.0117944
0.0119874
0.0121863
0.0123973
0.0126261
0.0128649
0.0131179
0.0133716
0.0136255
0.013875
0.0141231
0.0143832
0.0146419
0.0149181
0.0152017
0.0154967
0.0158096
0.0161053
0.0164131
0.0167087
0.0170239
0.0173846
0.0177227
0.018093
0.0184432
0.0187786
0.0191894
0.0195814
0.0199455
0.0203642
0.0207867
0.0211779
0.0216018
0.0220848
0.0225238
0.0229481
0.0234522
0.0238958
0.0243714
0.0249141
0.0254037
0.0259152
0.0264772
0.0269536
0.0275063
0.0281442
0.0286899
0.0292103
0.0298555
0.0305108
0.0310867
0.0317182
0.0323798
0.0330425
0.0337157
0.0344266
0.0350967
0.0358211
0.0365619
0.0372984
0.038068
0.0388424
0.0396391
0.0404451
0.0412787
0.0421331
0.0429734
0.0438857
0.0447862
0.0457052
0.0466544
0.0476171
0.0485876
0.0495111
0.0503187
0.0507244
0.00899095
0.00847848
0.00783693
0.00729546
0.00695061
0.00682421
0.0069033
0.0071538
0.00752448
0.00795432
0.00839229
0.0088084
0.00918979
0.00953226
0.00982843
0.0100851
0.0103087
0.0105117
0.0106988
0.0108801
0.0110591
0.0112388
0.0114183
0.0115986
0.0117852
0.0119754
0.0121744
0.0123864
0.0126157
0.0128595
0.0131165
0.0133757
0.0136252
0.013874
0.0141215
0.0143803
0.0146444
0.0149174
0.0152063
0.0154977
0.0158098
0.0161103
0.0164112
0.016714
0.0170221
0.0173789
0.0177243
0.0180877
0.0184471
0.0187841
0.0191841
0.0195853
0.0199576
0.0203659
0.0207844
0.0211938
0.0216078
0.0220774
0.0225345
0.0229505
0.0234492
0.023908
0.0243683
0.0249115
0.0254151
0.0259121
0.0264818
0.0269726
0.0274969
0.0281305
0.0287055
0.0292169
0.0298486
0.0305186
0.0310991
0.0317241
0.0323886
0.0330532
0.0337252
0.0344383
0.0351062
0.035828
0.0365688
0.0373049
0.0380731
0.0388464
0.0396426
0.0404475
0.0412825
0.0421374
0.0429778
0.0438912
0.0447921
0.0457117
0.0466593
0.0476227
0.0485934
0.0495171
0.0503256
0.0507317
)
;

boundaryField
{
    zeroGradientPlanes
    {
        type            zeroGradient;
    }
    inlet
    {
        type            zeroGradient;
    }
    plate
    {
        type            zeroGradient;
    }
    frontAndBack
    {
        type            empty;
    }
}


// ************************************************************************* //
