/*--------------------------------*- C++ -*----------------------------------*\
| =========                 |                                                 |
| \\      /  F ield         | OpenFOAM: The Open Source CFD Toolbox           |
|  \\    /   O peration     | Version:  v1906                                 |
|   \\  /    A nd           | Web:      www.OpenFOAM.com                      |
|    \\/     M anipulation  |                                                 |
\*---------------------------------------------------------------------------*/
FoamFile
{
    version     2.0;
    format      ascii;
    class       volScalarField;
    location    "9.5";
    object      p;
}
// * * * * * * * * * * * * * * * * * * * * * * * * * * * * * * * * * * * * * //

dimensions      [0 2 -2 0 0 0 0];


internalField   nonuniform List<scalar> 
9600
(
-8.36678e-11
0.00195202
-0.00446994
0.00212163
0.00847507
0.00451814
0.00235632
0.00862418
0.00660997
0.00554484
0.00607712
0.00595262
0.00743165
0.00740276
0.00666162
0.00722022
0.00844786
0.00964072
0.00983692
0.0129956
-6.35783e-07
0.00191569
-0.00444992
0.00214711
0.00841533
0.0045041
0.00236946
0.00861936
0.0066118
0.00554763
0.0060733
0.00596328
0.00743182
0.00739195
0.00666729
0.00721504
0.00846967
0.00959734
0.00989547
0.012763
-3.67067e-06
0.00187652
-0.00443015
0.00217167
0.00834981
0.00449072
0.00237953
0.00860224
0.00661868
0.00554692
0.0060704
0.00598404
0.00742493
0.0073832
0.0066748
0.00721374
0.0084962
0.00953495
0.00993041
0.0124566
-7.85714e-06
0.00183224
-0.0044088
0.00220783
0.00827931
0.0044803
0.00238934
0.00857585
0.00663014
0.00554034
0.00606716
0.00601178
0.00741339
0.00737983
0.00668092
0.00721659
0.00851789
0.0094787
0.00993705
0.0121562
-1.28956e-05
0.00178399
-0.0043787
0.00225263
0.00819382
0.00448373
0.00240791
0.00853922
0.00664461
0.00552586
0.0060613
0.0060462
0.00739893
0.00737787
0.00668799
0.00721938
0.00853739
0.00942313
0.00991747
0.0118662
-1.80902e-05
0.001737
-0.00433231
0.00229151
0.00809149
0.00450587
0.00244225
0.00849089
0.00666095
0.00550229
0.00605367
0.00608568
0.0073836
0.00737573
0.00669729
0.00722095
0.00855642
0.00936719
0.00987507
0.011589
-2.24098e-05
0.00169675
-0.00426448
0.00231198
0.00797669
0.00454633
0.00249485
0.00843261
0.006679
0.00547135
0.00604596
0.00612883
0.00736983
0.00737262
0.00670819
0.00722114
0.00857303
0.00930079
0.00981383
0.0113258
-2.50013e-05
0.00166712
-0.0041732
0.00231023
0.00785731
0.00459797
0.00256371
0.00836899
0.00669919
0.00543633
0.00603909
0.00617465
0.0073585
0.00736742
0.00671951
0.00721982
0.00858519
0.00924894
0.00973664
0.0110746
-2.54852e-05
0.0016499
-0.0040593
0.00229065
0.00774125
0.00465228
0.00264421
0.00830376
0.00672196
0.00540042
0.0060331
0.00622168
0.00734921
0.00735938
0.00673018
0.0072169
0.00859138
0.00920095
0.00964458
0.0108316
-2.39402e-05
0.00164527
-0.00392524
0.00226257
0.0076334
0.00470249
0.00273106
0.00823863
0.0067475
0.00536601
0.00602755
0.00626806
0.00734125
0.00734831
0.00673923
0.00721283
0.00859056
0.00915573
0.00953803
0.0105944
-2.06448e-05
0.00165247
-0.00377411
0.00223455
0.00753457
0.0047452
0.00281956
0.0081741
0.00677567
0.00533455
0.00602204
0.00631216
0.00733397
0.00733436
0.00674581
0.0072082
0.00858204
0.00911126
0.00941895
0.0103611
-1.57819e-05
0.00167009
-0.00360932
0.00221138
0.00744259
0.00477966
0.00290622
0.00810992
0.00680591
0.00530666
0.0060164
0.00635305
0.00732681
0.00731797
0.00674934
0.0072034
0.00856513
0.00906602
0.00929046
0.0101291
-9.26846e-06
0.00169613
-0.00343451
0.00219417
0.00735427
0.00480638
0.00298895
0.00804592
0.00683747
0.00528207
0.00601048
0.0063906
0.00731937
0.00729999
0.00674938
0.00719857
0.00854013
0.00901827
0.00915494
0.00989524
-8.30205e-07
0.00172826
-0.00325301
0.00218205
0.00726681
0.00482622
0.00306711
0.00798211
0.00686954
0.00525976
0.00600403
0.00642546
0.0073115
0.00728138
0.00674552
0.00719366
0.00850816
0.00896566
0.00901397
0.00965809
9.84894e-06
0.00176426
-0.00306732
0.00217378
0.0071785
0.00484001
0.00314106
0.00791863
0.00690146
0.0052385
0.00599676
0.00645874
0.00730306
0.00726287
0.00673752
0.00718822
0.00847059
0.00890606
0.00886897
0.00941844
2.30584e-05
0.00180232
-0.00287897
0.00216844
0.00708867
0.00484856
0.00321161
0.0078557
0.00693281
0.00521738
0.00598838
0.00649151
0.00729386
0.00724496
0.00672554
0.00718121
0.00842872
0.00883848
0.0087212
0.0091779
3.90304e-05
0.0018411
-0.00268872
0.00216545
0.00699732
0.00485279
0.00327966
0.00779349
0.00696339
0.00519602
0.00597862
0.00652464
0.00728367
0.00722777
0.00671015
0.00717129
0.00838345
0.00876257
0.0085713
0.00893811
5.79429e-05
0.00187969
-0.00249672
0.00216456
0.00690483
0.00485356
0.0033459
0.00773211
0.00699314
0.00517445
0.00596724
0.00655873
0.00727236
0.00721096
0.00669221
0.00715733
0.00833509
0.00867866
0.00841915
0.0087008
7.99575e-05
0.00191747
-0.00230287
0.00216569
0.00681154
0.00485151
0.00341079
0.0076716
0.00702204
0.00515302
0.00595398
0.00659407
0.00725993
0.00719386
0.00667249
0.00713857
0.00828364
0.00858759
0.00826426
0.00846776
0.000105229
0.00195404
-0.00210706
0.00216894
0.00671773
0.0048472
0.00347452
0.00761198
0.00705009
0.00513221
0.00593846
0.0066307
0.00724661
0.00717571
0.00665143
0.00711438
0.00822904
0.00849049
0.00810634
0.0082406
0.000133911
0.00198914
-0.00190928
0.00217441
0.0066237
0.00484107
0.00353711
0.00755331
0.00707733
0.00511244
0.00592038
0.00666858
0.00723266
0.00715584
0.00662926
0.00708433
0.0081713
0.00838858
0.00794495
0.00802037
0.000166162
0.00202261
-0.00170961
0.00218233
0.00652961
0.00483345
0.00359843
0.00749564
0.00710382
0.0050939
0.00589948
0.00670774
0.00721833
0.00713366
0.00660624
0.00704795
0.00811031
0.00828372
0.00777924
0.00780671
0.000202143
0.0020544
-0.00150828
0.00219287
0.00643558
0.00482467
0.00365831
0.00743901
0.00712968
0.00507666
0.00587546
0.00674826
0.00720395
0.00710867
0.00658265
0.00700454
0.00804548
0.0081787
0.00760872
0.00759693
0.000241984
0.00208459
-0.00130565
0.0022062
0.00634167
0.00481499
0.0037166
0.00738336
0.00715507
0.00506072
0.00584781
0.00679018
0.00718998
0.00708031
0.00655891
0.00695373
0.00797545
0.00807642
0.00743455
0.00738578
0.000285784
0.00211335
-0.00110213
0.00222246
0.00624792
0.00480466
0.00377316
0.00732852
0.00718028
0.00504623
0.00581582
0.00683349
0.00717701
0.0070476
0.00653546
0.00689622
0.00789826
0.00797882
0.00726057
0.00716682
0.000333648
0.00214098
-0.000898295
0.00224179
0.00615445
0.00479392
0.00382778
0.00727413
0.00720566
0.00503351
0.00577866
0.00687815
0.00716588
0.00700898
0.00651249
0.00683371
0.00781175
0.00788619
0.00709347
0.00693537
0.00038561
0.00216786
-0.000694701
0.0022643
0.0060614
0.0047831
0.00388045
0.00721957
0.00723148
0.0050233
0.00573531
0.00692385
0.00715803
0.00696286
0.00648953
0.00676865
0.0077141
0.00779656
0.00694073
0.00669268
0.000441614
0.00219453
-0.000491865
0.00229002
0.00596892
0.00477239
0.00393139
0.00716411
0.00725763
0.0050167
0.00568463
0.00696961
0.00715558
0.00690828
0.00646515
0.00670381
0.00760434
0.00770492
0.00680837
0.00644884
0.000501549
0.00222165
-0.000290289
0.00231895
0.00587736
0.00476171
0.00398102
0.00710724
0.00728362
0.00501496
0.00562573
0.00701378
0.00716088
0.00684503
0.00643687
0.00664245
0.00748379
0.00760429
0.00669767
0.00622036
0.000565262
0.0022499
-9.0435e-05
0.00235105
0.00578708
0.00475095
0.00402986
0.00704879
0.0073088
0.00501916
0.00555818
0.00705397
0.00717603
0.00677406
0.00640125
0.00658716
0.00735729
0.0074895
0.00660168
0.00602107
0.000632556
0.00227999
0.000107336
0.00238618
0.00569845
0.00474019
0.00407846
0.00698872
0.00733226
0.00503042
0.00548232
0.00708689
0.00720207
0.0066978
0.00635481
0.00653812
0.00723089
0.00736035
0.00650907
0.00585618
0.000703163
0.00231261
0.000302758
0.00242411
0.00561201
0.00472925
0.00412704
0.00692705
0.0073529
0.00504985
0.00539961
0.00710898
0.00723876
0.0066193
0.00629496
0.00649384
0.00710881
0.00722053
0.00641232
0.0057197
0.000776839
0.00234841
0.000495619
0.00246468
0.0055284
0.00471759
0.00417542
0.00686482
0.00736947
0.00507783
0.00531188
0.00711739
0.00728546
0.00654149
0.00621958
0.00645341
0.00699441
0.00707284
0.00630969
0.00560246
0.000853362
0.00238798
0.000685918
0.00250755
0.00544827
0.00470513
0.00422321
0.00680326
0.00738093
0.00511377
0.00522083
0.0071098
0.00734134
0.00646747
0.00612596
0.00641566
0.0068932
0.00691794
0.00619989
0.00549977
0.000932486
0.00243169
0.000873994
0.00255214
0.00537236
0.00469238
0.00426945
0.00674341
0.00738706
0.00515688
0.00512803
0.00708408
0.00740488
0.00640138
0.00601149
0.00637625
0.00681276
0.00675863
0.00607729
0.00540939
0.00101394
0.00247968
0.00106059
0.00259789
0.00530102
0.00467983
0.00431311
0.00668617
0.00738815
0.00520622
0.00503505
0.00703833
0.00747335
0.00634854
0.00587561
0.00632642
0.00675883
0.00660519
0.00593459
0.00532431
0.00109761
0.0025318
0.00124672
0.00264421
0.00523397
0.0046685
0.00435307
0.0066318
0.0073849
0.00526079
0.00494357
0.00697137
0.00754272
0.00631437
0.00572127
0.00625564
0.00673058
0.00647416
0.00576999
0.00523039
0.00118352
0.00258755
0.00143364
0.0026908
0.00517058
0.00465982
0.00438828
0.00657974
0.00737854
0.00531951
0.00485481
0.00688278
0.00760855
0.00630348
0.00555482
0.00615467
0.00671916
0.00638001
0.00559388
0.00511328
0.00127173
0.00264614
0.00162281
0.00273787
0.0051095
0.00465523
0.0044183
0.00652959
0.00737047
0.00538219
0.00476974
0.00677205
0.00766581
0.00631943
0.00538521
0.00601719
0.00671071
0.00633032
0.00542577
0.00496567
0.00136252
0.00270664
0.00181545
0.00278624
0.00504863
0.00465652
0.00444381
0.00647881
0.00736122
0.00545
0.00468977
0.00663827
0.00770811
0.00636403
0.00522384
0.00584053
0.00668924
0.006325
0.00528586
0.00479129
0.00145639
0.00276785
0.00201198
0.00283732
0.00498578
0.00466487
0.00446609
0.00642409
0.00734954
0.00552377
0.00461768
0.00648182
0.00772788
0.00643596
0.00508405
0.00562692
0.0066376
0.00635732
0.00519268
0.00460298
0.00155406
0.00282845
0.00221182
0.00289367
0.00491912
0.00467973
0.00448859
0.00636401
0.00733341
0.00560389
0.00455769
0.00630524
0.00771672
0.00652895
0.00497958
0.005386
0.00653939
0.0064121
0.0051625
0.00442217
0.00165636
0.00288729
0.00241363
0.0029586
0.00484745
0.00469947
0.00451494
0.00629827
0.00731046
0.00568967
0.0045144
0.00611358
0.0076666
0.00663191
0.00492166
0.00513513
0.00638438
0.0064655
0.00520236
0.00427849
0.00176408
0.00294351
0.00261523
0.00303594
0.00477112
0.00472073
0.00454833
0.00622771
0.00727683
0.00577822
0.00449264
0.00591448
0.00757249
0.00673168
0.00491441
0.00489419
0.00617448
0.00649116
0.00530121
0.0042013
0.0018779
0.00299684
0.00281344
0.00312928
0.00469203
0.0047384
0.00459174
0.00615542
0.007228
0.00586491
0.00449541
0.00571592
0.00743514
0.0068157
0.00495363
0.00468058
0.00592254
0.00647062
0.00543357
0.00420718
0.00199833
0.00304736
0.00300468
0.00324122
0.00461295
0.00474683
0.00464559
0.00608485
0.00716168
0.00594443
0.00452257
0.00552602
0.00726083
0.00687383
0.00503015
0.00450686
0.00564462
0.00639787
0.00557249
0.00429019
0.00212586
0.00309571
0.00318508
0.00337257
0.00453835
0.00474098
0.00470643
0.00602308
0.00708017
0.00600955
0.00457076
0.00535399
0.00705871
0.00689838
0.00513186
0.00438166
0.00535723
0.00627325
0.00569741
0.00442932
0.00226067
0.00314357
0.00335103
0.00352136
0.00447389
0.00471865
0.00476976
0.00597652
0.00698802
0.00605305
0.00463306
0.00520806
0.00684137
0.00688667
0.00524484
0.00430879
0.0050789
0.00609838
0.00579249
0.00460262
0.0024027
0.00319283
0.00349986
0.00368389
0.00443342
0.00468042
0.00482733
0.00594841
0.00689223
0.00607343
0.00470051
0.00508896
0.00662193
0.00684313
0.00535734
0.00428494
0.00482711
0.00587985
0.00584269
0.00479196
0.00255155
0.00324598
0.0036297
0.00385459
0.00442059
0.00462896
0.00486788
0.00593561
0.00680465
0.00607594
0.0047632
0.00499202
0.00640893
0.00677538
0.00546353
0.00430027
0.00461172
0.00563171
0.00583689
0.00498047
0.00270633
0.00330599
0.00373986
0.00402637
0.00443849
0.004569
0.00488269
0.00593371
0.00673519
0.00606691
0.00481611
0.00491334
0.00620518
0.00668913
0.00556157
0.00434638
0.0044361
0.00537131
0.00577287
0.00515034
0.00286599
0.00337531
0.00383093
0.00419186
0.00448865
0.00451029
0.00486802
0.00593245
0.00668739
0.00605671
0.00485969
0.00484732
0.00601191
0.00658626
0.00564755
0.00441898
0.0043036
0.00511504
0.00565682
0.00528399
0.00302889
0.003456
0.00390616
0.00434373
0.00456858
0.00446518
0.00482499
0.00591468
0.00665674
0.00605917
0.00489947
0.00478858
0.00582865
0.00646874
0.00571657
0.00451242
0.00421744
0.004877
0.00549926
0.00536661
0.00319362
0.00354852
0.00396993
0.00447645
0.0046724
0.0044467
0.00475852
0.00586645
0.00663614
0.00608345
0.0049451
0.00473736
0.00565199
0.00633864
0.00576728
0.0046189
0.00417658
0.00467023
0.00531559
0.00539094
0.00335935
0.00365473
0.00402721
0.00458492
0.00479079
0.00444102
0.00467688
0.00578121
0.00661338
0.00612984
0.00500798
0.00469962
0.00548085
0.00619516
0.00579932
0.00473222
0.00417503
0.00450295
0.00512537
0.00536097
0.00352264
0.0037719
0.00408771
0.00467083
0.00491238
0.00448902
0.00459534
0.00566073
0.00657168
0.00619402
0.00509533
0.00468201
0.00532142
0.00603764
0.00580865
0.0048483
0.004207
0.00437598
0.00494499
0.00529112
0.00368467
0.00389549
0.00415155
0.00473199
0.00503063
0.00458235
0.004537
0.00551098
0.00649659
0.00626709
0.00520826
0.00469025
0.00518055
0.00587166
0.00579001
0.00496008
0.0042697
0.00428798
0.00478244
0.00519905
0.00384804
0.00404508
0.00421951
0.00475331
0.00507664
0.0046961
0.00452138
0.0053497
0.00638151
0.00632911
0.00534402
0.00472904
0.0050627
0.00570542
0.00574448
0.00505797
0.00435829
0.00423984
0.00464023
0.00509677
0.00400463
0.00418521
0.00430168
0.00476965
0.00516343
0.00482998
0.0045482
0.0052029
0.00623311
0.00635982
0.00549361
0.00480195
0.00497352
0.00554464
0.00567816
0.00513551
0.00446304
0.00423359
0.00452344
0.00499037
0.00415632
0.00433242
0.0043967
0.00478107
0.00520924
0.00495769
0.00461309
0.00508603
0.00606178
0.00634762
0.00563878
0.00490692
0.00492044
0.00539451
0.00559432
0.00519111
0.00457317
0.00426768
0.00444156
0.00488567
0.00430325
0.0044748
0.00450182
0.00479788
0.00523566
0.00507104
0.00470661
0.0050083
0.00588445
0.0062944
0.00576387
0.00503633
0.004909
0.00526468
0.00549564
0.00522367
0.00468059
0.00433354
0.0044018
0.00479234
0.00444246
0.00461181
0.00461904
0.00482592
0.00523951
0.00516357
0.00481702
0.00497217
0.00572162
0.00620762
0.00585824
0.00517761
0.00493567
0.00516659
0.00539162
0.00523115
0.00477843
0.00441847
0.00440318
0.00472285
0.00457563
0.00473814
0.00474358
0.00486597
0.0052399
0.00523515
0.00493199
0.00497338
0.00558635
0.00609874
0.00591651
0.00531892
0.00499403
0.00510487
0.00529716
0.00521659
0.0048607
0.00451301
0.00443933
0.00468962
0.00470934
0.00486766
0.00485801
0.00490971
0.00519028
0.00528793
0.00504366
0.00500677
0.0054856
0.005984
0.00594073
0.0054518
0.00508209
0.00508149
0.00522306
0.00519008
0.0049239
0.00461004
0.00449916
0.00469217
0.00483682
0.00498105
0.00497253
0.00497054
0.00519919
0.00532517
0.00514633
0.00506428
0.00542144
0.00587683
0.00593686
0.00556675
0.00519271
0.00509614
0.00517223
0.00516112
0.00496919
0.00470257
0.00457214
0.00471974
0.00495967
0.00509416
0.0050817
0.00503795
0.00520791
0.00535033
0.00523548
0.00513676
0.00539229
0.00578822
0.00591557
0.00565758
0.0053105
0.00514566
0.00515205
0.00514054
0.00500436
0.00479006
0.00465779
0.00476889
0.00507518
0.00519467
0.00518677
0.00511563
0.00523566
0.00536766
0.00530972
0.0052158
0.00539354
0.00572546
0.00589044
0.00572873
0.00542535
0.00522338
0.00516957
0.00513839
0.0050354
0.00487068
0.00475289
0.0048379
0.00518814
0.00529312
0.00527764
0.00519117
0.00525879
0.00538169
0.00536966
0.00529552
0.00541901
0.00568842
0.00586946
0.00578804
0.00553819
0.00532186
0.00522424
0.00516567
0.00507232
0.00494526
0.00485127
0.00492295
0.00529306
0.00538453
0.00536125
0.00526582
0.00529356
0.00539445
0.00541597
0.00537183
0.00546341
0.00567768
0.00585904
0.00584118
0.00565049
0.0054373
0.00531148
0.00523111
0.00513234
0.00502363
0.00495221
0.00502171
0.0053838
0.00546308
0.0054454
0.00534378
0.00533774
0.00540925
0.0054523
0.00544022
0.0055187
0.00569311
0.00586678
0.00589318
0.00576424
0.00557252
0.0054294
0.00533595
0.00523076
0.00512417
0.00506556
0.00513563
0.00547439
0.00554313
0.00550545
0.00540121
0.00537959
0.00542836
0.00548304
0.00550029
0.00557613
0.00572739
0.00589672
0.00595297
0.00588174
0.00572947
0.005581
0.00547846
0.0053739
0.00526613
0.00521018
0.00527541
0.00554852
0.00561069
0.00556561
0.00545623
0.00542335
0.00544917
0.0055081
0.00555323
0.00563493
0.00577253
0.00594479
0.00602778
0.00600543
0.00590601
0.00577219
0.00566378
0.00556517
0.00546294
0.00540926
0.00546961
0.00560785
0.00566416
0.00561878
0.0055193
0.00546433
0.00546956
0.00552429
0.00558987
0.00569136
0.00582675
0.00600716
0.00612449
0.00614876
0.00610672
0.00600602
0.00589034
0.0057895
0.00570191
0.005658
0.00572542
0.0056561
0.00573197
0.00568056
0.00556233
0.00550886
0.00549863
0.00554167
0.00560356
0.00572331
0.00589227
0.00610682
0.00628651
0.00638625
0.006424
0.00640772
0.00633597
0.00623396
0.00608747
0.00594203
0.00587918
0.00568245
0.00569223
0.00562313
0.00556041
0.00553637
0.00554808
0.00558188
0.00559766
0.00562034
0.00571395
0.00596028
0.00626251
0.00649756
0.00662696
0.00671724
0.00682785
0.0070306
0.00732923
0.00765211
0.00790628
0.00575055
0.00584458
0.00574479
0.00558657
0.00551238
0.00549609
0.00560652
0.00576578
0.00594659
0.00612051
0.00629994
0.00645567
0.006608
0.00675671
0.00692105
0.00710015
0.00727684
0.00745629
0.00760817
0.0076784
0.00557842
0.00558871
0.005649
0.00570999
0.00576093
0.00579254
0.00583162
0.00588281
0.00597041
0.00607901
0.00622612
0.0063658
0.0065194
0.00669112
0.00688935
0.00714287
0.00745197
0.00779942
0.00813029
0.00835611
0.00578601
0.00593724
0.00591202
0.00581141
0.00579794
0.00581687
0.00587263
0.00593281
0.00604782
0.00621747
0.0064203
0.00661474
0.00678331
0.00692573
0.00700301
0.00698688
0.0068748
0.00667114
0.00642392
0.00620245
0.00559072
0.00564451
0.00575353
0.00583817
0.0059134
0.00595152
0.00599173
0.00601895
0.00610674
0.00623221
0.00637659
0.00653649
0.00670057
0.00688935
0.00713055
0.00741606
0.00774585
0.00808061
0.00836743
0.00851504
0.00570034
0.00589647
0.00601152
0.00603772
0.00607401
0.00608622
0.00610691
0.00610083
0.00614822
0.00626872
0.00642457
0.00661567
0.00681523
0.00701022
0.00722103
0.00742425
0.00761312
0.007768
0.00786271
0.00783835
0.0161237
0.0113118
0.00442766
-0.000628914
-0.00168026
-0.000407459
0.00114892
0.00232994
0.00306266
0.00350603
0.00390737
0.0043346
0.00472087
0.00505167
0.0053293
0.00554781
0.0057476
0.00604998
0.00652512
0.00703755
0.00742045
0.00769885
0.00798405
0.00833342
0.00872604
0.00909508
0.00941152
0.00972673
0.0100609
0.010377
0.0107004
0.0110975
0.0115369
0.011973
0.012403
0.0128307
0.0132472
0.0136499
0.014038
0.0144072
0.0147791
0.0151561
0.0155024
0.0158211
0.0161755
0.0165857
0.0170099
0.0174105
0.0178296
0.0183099
0.0187988
0.0192724
0.0197895
0.0203671
0.0208946
0.0213043
0.0216441
0.0220502
0.0225919
0.023224
0.0238489
0.0244487
0.025017
0.0255553
0.0261237
0.0267022
0.0272774
0.0278856
0.0285314
0.0291538
0.029816
0.0304956
0.0311761
0.0318581
0.032577
0.033306
0.0340557
0.0348224
0.0356099
0.0364166
0.0372398
0.0381064
0.0389335
0.0397913
0.0406634
0.0415944
0.0425275
0.0434485
0.0443813
0.0453088
0.0462851
0.0472964
0.0482906
0.0493344
0.0503521
0.0514076
0.052431
0.0534402
0.0543691
0.0551172
0.0155289
0.011179
0.00451631
-0.000479158
-0.00159152
-0.000364565
0.00117634
0.00234897
0.00307611
0.00351594
0.00391526
0.00434144
0.004727
0.00505726
0.0053344
0.00555229
0.00575129
0.00605291
0.00652771
0.00704014
0.0074229
0.00770095
0.00798581
0.00833493
0.00872745
0.00909646
0.00941279
0.00972788
0.010062
0.0103781
0.0107014
0.0110984
0.0115379
0.0119739
0.0124039
0.0128315
0.0132481
0.0136507
0.0140388
0.014408
0.0147798
0.0151569
0.0155031
0.0158218
0.0161762
0.0165863
0.0170105
0.0174111
0.0178301
0.0183104
0.0187993
0.0192729
0.0197899
0.0203675
0.020895
0.0213048
0.0216445
0.0220505
0.0225922
0.0232243
0.0238492
0.0244489
0.0250173
0.0255556
0.0261239
0.0267024
0.0272776
0.0278858
0.0285316
0.029154
0.0298162
0.0304957
0.0311763
0.0318583
0.0325772
0.0333062
0.0340559
0.0348226
0.0356101
0.0364168
0.03724
0.0381065
0.0389336
0.0397914
0.0406636
0.0415945
0.0425276
0.0434486
0.0443814
0.0453089
0.0462852
0.0472965
0.0482907
0.0493345
0.0503521
0.0514077
0.0524311
0.0534403
0.0543692
0.0551173
0.0149187
0.0110115
0.00467991
-0.000205737
-0.00143918
-0.000311461
0.00120256
0.00237073
0.00309417
0.0035299
0.00392588
0.00434963
0.00473347
0.00506268
0.0053393
0.00555683
0.00575528
0.0060562
0.00653056
0.00704281
0.00742533
0.00770306
0.00798761
0.00833648
0.00872886
0.00909777
0.00941396
0.00972893
0.010063
0.010379
0.0107021
0.0110991
0.0115387
0.0119748
0.0124047
0.0128323
0.0132488
0.0136515
0.0140396
0.0144087
0.0147805
0.0151575
0.0155038
0.0158224
0.0161767
0.0165869
0.017011
0.0174116
0.0178305
0.0183109
0.0187998
0.0192733
0.0197902
0.0203679
0.0208955
0.0213052
0.0216448
0.0220507
0.0225924
0.0232245
0.0238494
0.0244492
0.0250175
0.0255558
0.0261242
0.0267026
0.0272778
0.027886
0.0285318
0.0291541
0.0298163
0.0304959
0.0311765
0.0318584
0.0325773
0.0333063
0.034056
0.0348227
0.0356102
0.0364169
0.0372401
0.0381066
0.0389337
0.0397915
0.0406637
0.0415946
0.0425277
0.0434487
0.0443815
0.045309
0.0462853
0.0472966
0.0482907
0.0493346
0.0503522
0.0514078
0.0524312
0.0534404
0.0543693
0.0551173
0.0143352
0.0108464
0.00489702
0.000147668
-0.00122709
-0.000236609
0.00124009
0.00240319
0.00312125
0.00355085
0.00394194
0.00436179
0.00474252
0.00506957
0.00534512
0.00556261
0.00576124
0.00606162
0.00653483
0.00704613
0.00742828
0.00770599
0.00799038
0.00833882
0.00873078
0.00909944
0.00941542
0.00973022
0.0100642
0.01038
0.0107028
0.0110998
0.0115395
0.0119756
0.0124055
0.0128331
0.0132496
0.0136522
0.0140403
0.0144094
0.0147812
0.0151582
0.0155044
0.015823
0.0161772
0.0165874
0.0170115
0.0174121
0.017831
0.0183113
0.0188002
0.0192737
0.0197906
0.0203683
0.020896
0.0213057
0.0216451
0.0220509
0.0225925
0.0232248
0.0238498
0.0244495
0.0250178
0.025556
0.0261244
0.0267028
0.027278
0.0278861
0.028532
0.0291543
0.0298165
0.0304961
0.0311766
0.0318586
0.0325774
0.0333065
0.0340561
0.0348228
0.0356103
0.036417
0.0372402
0.0381068
0.0389339
0.0397916
0.0406638
0.0415947
0.0425278
0.0434488
0.0443816
0.0453091
0.0462854
0.0472967
0.0482908
0.0493346
0.0503523
0.0514078
0.0524313
0.0534405
0.0543695
0.0551174
0.0137717
0.0106799
0.00513077
0.000527099
-0.000988752
-0.000149668
0.00128397
0.00244325
0.00315636
0.00357913
0.00396434
0.00437909
0.00475557
0.00507925
0.00535281
0.00557045
0.0057703
0.00607046
0.00654137
0.00705035
0.00743191
0.00771022
0.00799485
0.00834262
0.00873371
0.00910191
0.00941769
0.00973223
0.0100658
0.0103812
0.0107037
0.0111005
0.0115402
0.0119764
0.0124064
0.0128339
0.0132503
0.0136529
0.0140412
0.0144103
0.0147819
0.0151589
0.0155051
0.0158237
0.0161779
0.016588
0.0170121
0.0174126
0.0178315
0.0183118
0.0188007
0.0192741
0.019791
0.0203688
0.0208966
0.0213062
0.0216454
0.0220511
0.0225927
0.0232252
0.0238501
0.0244498
0.0250181
0.0255563
0.0261246
0.0267031
0.0272782
0.0278863
0.0285322
0.0291545
0.0298167
0.0304962
0.0311768
0.0318587
0.0325776
0.0333066
0.0340563
0.034823
0.0356105
0.0364171
0.0372403
0.0381069
0.038934
0.0397918
0.0406639
0.0415948
0.042528
0.043449
0.0443817
0.0453092
0.0462855
0.0472968
0.0482909
0.0493347
0.0503524
0.0514079
0.0524314
0.0534406
0.0543698
0.0551175
0.0132293
0.0104996
0.00535533
0.000910418
-0.000736358
-5.58471e-05
0.00132917
0.00248599
0.0031957
0.00361174
0.00399076
0.00440007
0.00477197
0.0050918
0.00536285
0.00558081
0.00578283
0.0060831
0.00655047
0.00705551
0.00743613
0.0077158
0.00800124
0.00834814
0.00873783
0.0091054
0.00942114
0.00973543
0.0100684
0.0103831
0.0107049
0.0111013
0.0115408
0.0119771
0.0124072
0.0128346
0.0132508
0.0136535
0.014042
0.0144114
0.0147828
0.0151596
0.0155058
0.0158245
0.0161787
0.0165886
0.0170127
0.0174133
0.0178322
0.0183124
0.0188013
0.0192746
0.0197915
0.0203694
0.0208973
0.0213068
0.0216458
0.0220512
0.022593
0.0232256
0.0238506
0.0244502
0.0250185
0.0255567
0.0261249
0.0267034
0.0272785
0.0278865
0.0285325
0.0291547
0.0298169
0.0304964
0.031177
0.0318589
0.0325778
0.0333068
0.0340564
0.0348231
0.0356106
0.0364173
0.0372405
0.0381071
0.0389341
0.0397919
0.040664
0.0415949
0.0425281
0.0434491
0.0443818
0.0453093
0.0462856
0.0472969
0.048291
0.0493348
0.0503525
0.051408
0.0524316
0.0534408
0.0543701
0.0551177
0.0127097
0.0102995
0.00556163
0.00129399
-0.000469488
4.59364e-05
0.00137497
0.00252978
0.00323782
0.00364711
0.00401935
0.00442291
0.00479027
0.00510633
0.0053749
0.0055935
0.00579837
0.00609891
0.0065617
0.00706148
0.00744083
0.00772251
0.00800934
0.00835521
0.00874297
0.00910978
0.00942579
0.00974002
0.0100723
0.010386
0.010707
0.0111024
0.0115415
0.0119779
0.012408
0.0128351
0.0132509
0.0136537
0.0140429
0.0144126
0.0147839
0.0151603
0.0155066
0.0158256
0.0161798
0.0165894
0.0170133
0.017414
0.0178329
0.018313
0.0188018
0.0192752
0.0197922
0.0203701
0.020898
0.0213076
0.0216463
0.0220515
0.0225932
0.023226
0.0238511
0.0244507
0.025019
0.0255571
0.0261252
0.0267037
0.0272788
0.0278868
0.0285327
0.0291549
0.0298171
0.0304967
0.0311772
0.0318591
0.0325779
0.033307
0.0340566
0.0348233
0.0356108
0.0364174
0.0372406
0.0381073
0.0389343
0.039792
0.0406641
0.041595
0.0425283
0.0434492
0.044382
0.0453094
0.0462857
0.047297
0.0482911
0.0493349
0.0503526
0.0514081
0.0524317
0.0534411
0.0543706
0.055118
0.0122151
0.010082
0.00574924
0.00167772
-0.000187045
0.000157352
0.00142157
0.00257401
0.00328234
0.00368504
0.00404976
0.00444702
0.00480967
0.00512204
0.00538831
0.00560785
0.00581598
0.00611685
0.00657446
0.00706811
0.00744593
0.00773001
0.00801865
0.00836341
0.00874883
0.00911472
0.00943128
0.00974576
0.0100773
0.0103902
0.0107101
0.0111042
0.0115425
0.0119788
0.012409
0.0128355
0.0132506
0.0136534
0.0140434
0.0144138
0.014785
0.015161
0.0155074
0.015827
0.0161813
0.0165905
0.0170141
0.017415
0.017834
0.0183137
0.0188022
0.0192758
0.0197929
0.0203708
0.0208989
0.0213084
0.0216469
0.0220518
0.0225935
0.0232266
0.0238517
0.0244512
0.0250196
0.0255576
0.0261257
0.0267042
0.0272792
0.0278872
0.0285331
0.0291553
0.0298174
0.030497
0.0311774
0.0318593
0.0325781
0.0333071
0.0340568
0.0348234
0.0356109
0.0364176
0.0372407
0.0381074
0.0389344
0.0397921
0.0406642
0.0415952
0.0425284
0.0434494
0.0443821
0.0453095
0.0462858
0.0472971
0.0482912
0.0493351
0.0503528
0.0514082
0.052432
0.0534414
0.0543713
0.0551183
0.0117496
0.00985494
0.00591802
0.002058
0.000109244
0.000279434
0.00146947
0.00261822
0.00332897
0.0037256
0.00408208
0.00447235
0.00482996
0.00513855
0.00540256
0.00562319
0.00583482
0.00613616
0.00658832
0.00707539
0.00745143
0.00773805
0.00802874
0.00837238
0.00875518
0.00911996
0.00943717
0.00975213
0.0100833
0.0103955
0.0107143
0.0111069
0.011544
0.0119801
0.0124101
0.0128359
0.0132501
0.0136526
0.0140435
0.0144149
0.014786
0.0151615
0.0155082
0.0158287
0.0161832
0.0165918
0.0170151
0.0174163
0.0178354
0.0183145
0.0188026
0.0192763
0.0197935
0.0203715
0.0208997
0.0213094
0.0216477
0.0220522
0.022594
0.0232272
0.0238523
0.0244518
0.0250202
0.0255582
0.0261262
0.0267047
0.0272797
0.0278876
0.0285335
0.0291557
0.0298178
0.0304973
0.0311777
0.0318596
0.0325784
0.0333074
0.034057
0.0348236
0.0356111
0.0364177
0.0372409
0.0381076
0.0389346
0.0397923
0.0406644
0.0415953
0.0425286
0.0434495
0.0443823
0.0453096
0.0462859
0.0472973
0.0482914
0.0493352
0.050353
0.0514084
0.0524323
0.0534419
0.054372
0.0551187
0.0113182
0.00962433
0.00606482
0.00242912
0.000417214
0.000413772
0.00151963
0.0026618
0.00337699
0.00376863
0.00411643
0.00449904
0.0048512
0.00515576
0.00541737
0.00563912
0.00585448
0.00615653
0.00660319
0.00708335
0.00745735
0.00774649
0.00803937
0.0083819
0.00876192
0.00912541
0.00944321
0.00975875
0.0100898
0.0104016
0.0107196
0.0111104
0.011546
0.0119817
0.0124116
0.0128365
0.0132493
0.0136514
0.0140432
0.0144157
0.0147868
0.0151617
0.0155089
0.0158306
0.0161856
0.0165935
0.0170164
0.0174181
0.0178373
0.0183157
0.0188031
0.0192768
0.019794
0.0203717
0.0209002
0.0213104
0.0216487
0.022053
0.0225946
0.0232279
0.0238529
0.0244523
0.0250208
0.0255589
0.0261269
0.0267054
0.0272804
0.0278882
0.0285341
0.0291563
0.0298184
0.0304978
0.0311781
0.03186
0.0325788
0.0333077
0.0340572
0.0348239
0.0356113
0.0364179
0.0372411
0.0381078
0.0389348
0.0397924
0.0406645
0.0415955
0.0425288
0.0434497
0.0443824
0.0453098
0.0462861
0.0472975
0.0482915
0.0493354
0.0503532
0.0514085
0.0524326
0.0534425
0.054373
0.0551193
0.0109215
0.00939259
0.00618662
0.00278722
0.000735605
0.000561981
0.00157281
0.00270386
0.0034254
0.00381389
0.00415303
0.0045274
0.00487358
0.00517373
0.00543269
0.00565557
0.00587495
0.006178
0.00661913
0.00709201
0.00746366
0.0077553
0.00805045
0.00839191
0.00876905
0.00913108
0.00944939
0.0097655
0.0100964
0.0104081
0.0107255
0.0111147
0.0115486
0.0119836
0.0124133
0.0128373
0.0132486
0.0136499
0.0140425
0.0144162
0.0147873
0.0151617
0.0155094
0.0158326
0.0161882
0.0165954
0.0170179
0.0174202
0.0178397
0.0183173
0.018804
0.0192774
0.0197943
0.0203715
0.0209002
0.0213111
0.0216498
0.022054
0.0225956
0.0232289
0.0238536
0.0244527
0.0250213
0.0255596
0.0261275
0.0267061
0.0272812
0.0278889
0.0285348
0.0291569
0.029819
0.0304984
0.0311787
0.0318605
0.0325792
0.0333081
0.0340576
0.0348242
0.0356115
0.0364182
0.0372413
0.038108
0.0389349
0.0397926
0.0406647
0.0415956
0.0425291
0.0434499
0.0443826
0.0453099
0.0462862
0.0472976
0.0482917
0.0493355
0.0503534
0.0514086
0.052433
0.0534432
0.0543741
0.0551199
0.0105562
0.00916178
0.00628396
0.00313033
0.00106229
0.000724655
0.00162987
0.00274405
0.00347358
0.00386134
0.0041922
0.00455774
0.0048973
0.00519258
0.00544863
0.0056727
0.0058964
0.00620073
0.00663624
0.00710142
0.00747037
0.00776447
0.00806201
0.00840242
0.00877654
0.00913699
0.00945576
0.00977239
0.0101032
0.0104149
0.0107319
0.0111195
0.0115516
0.0119858
0.0124152
0.0128383
0.013248
0.0136483
0.0140415
0.0144164
0.0147876
0.0151613
0.0155096
0.0158345
0.0161909
0.0165975
0.0170195
0.0174227
0.0178426
0.0183194
0.0188052
0.0192784
0.0197946
0.0203707
0.0208994
0.0213112
0.0216505
0.0220551
0.022597
0.0232304
0.0238546
0.024453
0.0250217
0.0255601
0.0261281
0.0267068
0.0272821
0.0278898
0.0285355
0.0291577
0.0298199
0.0304991
0.0311794
0.0318612
0.0325799
0.0333086
0.034058
0.0348245
0.0356119
0.0364184
0.0372416
0.0381083
0.0389351
0.0397927
0.0406648
0.0415958
0.0425293
0.0434501
0.0443827
0.0453101
0.0462864
0.0472978
0.0482918
0.0493357
0.0503537
0.0514087
0.0524335
0.0534441
0.0543754
0.0551207
0.0102179
0.0089359
0.00635937
0.00345564
0.00139365
0.000902306
0.00169295
0.0027831
0.00352121
0.00391075
0.00423399
0.00459017
0.00492247
0.00521245
0.00546542
0.00569072
0.00591898
0.00622483
0.00665461
0.00711167
0.00747756
0.00777405
0.00807407
0.00841343
0.00878442
0.00914315
0.00946235
0.00977948
0.0101101
0.0104219
0.0107388
0.0111249
0.011555
0.0119883
0.0124173
0.0128395
0.0132476
0.0136467
0.0140404
0.0144163
0.0147876
0.0151607
0.0155096
0.0158364
0.0161937
0.0165997
0.0170213
0.0174253
0.0178458
0.0183218
0.0188068
0.0192797
0.0197949
0.0203695
0.0208978
0.0213104
0.0216506
0.022056
0.0225986
0.0232324
0.023856
0.0244535
0.0250219
0.0255605
0.0261285
0.0267074
0.0272829
0.0278906
0.0285363
0.0291587
0.0298208
0.0304999
0.0311802
0.0318622
0.0325808
0.0333094
0.0340586
0.034825
0.0356123
0.0364188
0.0372419
0.0381086
0.0389354
0.0397929
0.0406649
0.0415959
0.0425296
0.0434504
0.0443829
0.0453103
0.0462866
0.047298
0.048292
0.0493358
0.0503541
0.0514087
0.0524341
0.0534453
0.0543769
0.0551217
0.00990348
0.00871896
0.00641432
0.00375924
0.00172653
0.00109651
0.00176519
0.00282212
0.00356767
0.0039614
0.00427824
0.00462482
0.0049493
0.00523362
0.00548332
0.00570985
0.00594285
0.00625041
0.00667435
0.00712286
0.00748528
0.00778407
0.00808665
0.00842497
0.00879269
0.00914959
0.0094692
0.00978681
0.0101172
0.0104292
0.0107462
0.0111309
0.011559
0.0119911
0.0124196
0.0128408
0.0132472
0.0136452
0.0140391
0.0144162
0.0147875
0.0151599
0.0155095
0.0158382
0.0161965
0.0166019
0.017023
0.017428
0.0178492
0.0183244
0.0188087
0.0192812
0.0197953
0.0203679
0.0208954
0.0213087
0.02165
0.0220563
0.0226001
0.0232348
0.0238579
0.0244542
0.025022
0.0255607
0.0261287
0.0267078
0.0272838
0.0278915
0.0285371
0.0291597
0.0298218
0.0305008
0.0311811
0.0318633
0.0325819
0.0333103
0.0340594
0.0348257
0.0356128
0.0364192
0.0372423
0.038109
0.0389357
0.0397931
0.040665
0.041596
0.0425298
0.0434506
0.0443832
0.0453105
0.0462867
0.0472981
0.0482922
0.049336
0.0503545
0.0514088
0.0524347
0.0534466
0.0543786
0.0551228
0.00960953
0.00851252
0.00644974
0.00403885
0.00205914
0.00130878
0.00184927
0.00286212
0.00361229
0.00401247
0.00432475
0.00466195
0.00497815
0.00525643
0.00550265
0.00573034
0.00596818
0.00627758
0.00669553
0.00713503
0.00749358
0.00779456
0.00809979
0.00843706
0.00880139
0.00915634
0.00947636
0.00979441
0.0101245
0.0104369
0.0107543
0.0111377
0.0115635
0.0119941
0.012422
0.0128423
0.0132471
0.0136438
0.014038
0.0144161
0.0147874
0.0151591
0.0155093
0.01584
0.0161994
0.0166041
0.0170248
0.0174308
0.0178527
0.0183272
0.0188107
0.019283
0.0197957
0.0203659
0.0208923
0.0213062
0.0216486
0.0220559
0.0226013
0.0232373
0.0238601
0.0244551
0.0250221
0.0255606
0.0261286
0.026708
0.0272845
0.0278923
0.028538
0.0291607
0.0298228
0.0305016
0.031182
0.0318645
0.0325832
0.0333115
0.0340604
0.0348265
0.0356134
0.0364196
0.0372427
0.0381095
0.0389362
0.0397934
0.0406652
0.0415959
0.0425299
0.0434508
0.0443834
0.0453107
0.0462869
0.0472982
0.0482923
0.049336
0.0503549
0.0514088
0.0524354
0.0534481
0.0543804
0.0551241
0.00933195
0.00831647
0.00646845
0.00429454
0.00238933
0.00153879
0.00194729
0.00290463
0.00365489
0.00406314
0.00437322
0.00470178
0.00500947
0.00528126
0.00552371
0.00575243
0.00599513
0.00630644
0.00671821
0.00714819
0.00750246
0.00780557
0.00811353
0.00844975
0.00881054
0.00916344
0.00948387
0.00980235
0.0101322
0.0104451
0.0107632
0.0111454
0.0115686
0.0119974
0.0124246
0.0128438
0.013247
0.0136424
0.0140368
0.014416
0.0147873
0.0151582
0.0155091
0.0158418
0.0162025
0.0166065
0.0170266
0.0174336
0.0178563
0.0183301
0.0188128
0.0192849
0.0197961
0.0203636
0.0208886
0.021303
0.0216469
0.0220553
0.0226021
0.0232396
0.0238624
0.0244561
0.0250221
0.0255605
0.0261285
0.0267082
0.0272852
0.0278931
0.0285388
0.0291618
0.0298239
0.0305023
0.0311828
0.0318657
0.0325847
0.0333129
0.0340616
0.0348275
0.0356142
0.0364202
0.0372432
0.03811
0.0389367
0.0397939
0.0406654
0.0415958
0.0425299
0.043451
0.0443837
0.0453111
0.0462872
0.0472984
0.0482925
0.0493361
0.0503553
0.0514088
0.0524361
0.0534498
0.0543824
0.0551255
0.00906744
0.00813109
0.00647482
0.00452685
0.00271344
0.00178448
0.00206133
0.0029521
0.00369582
0.00411256
0.00442306
0.00474442
0.00504368
0.00530855
0.0055468
0.00577628
0.00602379
0.00633702
0.00674238
0.00716235
0.00751196
0.00781717
0.00812794
0.00846306
0.00882016
0.00917093
0.00949177
0.00981068
0.0101403
0.010454
0.010773
0.011154
0.0115744
0.0120011
0.0124273
0.0128455
0.013247
0.0136411
0.0140357
0.0144159
0.0147872
0.0151573
0.0155089
0.0158438
0.0162057
0.016609
0.0170285
0.0174365
0.01786
0.018333
0.018815
0.0192869
0.0197965
0.020361
0.0208843
0.0212995
0.0216452
0.0220547
0.0226027
0.0232415
0.0238644
0.0244571
0.025022
0.0255602
0.0261284
0.0267084
0.0272859
0.0278939
0.0285396
0.0291629
0.029825
0.0305031
0.0311836
0.0318668
0.0325862
0.0333144
0.0340629
0.0348287
0.0356152
0.036421
0.0372437
0.0381104
0.0389373
0.0397945
0.0406657
0.0415957
0.0425298
0.043451
0.0443839
0.0453115
0.0462876
0.0472985
0.0482927
0.049336
0.0503557
0.0514087
0.0524369
0.0534517
0.0543844
0.0551269
0.00881455
0.00795689
0.0064726
0.00473616
0.00302751
0.00204287
0.00219331
0.00300728
0.0037358
0.00415987
0.00447345
0.0047898
0.00508119
0.00533871
0.00557209
0.0058019
0.00605411
0.00636929
0.00676805
0.00717756
0.00752216
0.00782941
0.00814306
0.00847702
0.00883028
0.00917883
0.00950012
0.00981945
0.0101489
0.0104635
0.0107837
0.0111635
0.0115807
0.0120051
0.0124302
0.0128473
0.0132471
0.0136399
0.0140347
0.014416
0.0147872
0.0151565
0.0155087
0.0158458
0.0162091
0.0166117
0.0170304
0.0174394
0.0178638
0.0183361
0.0188171
0.0192889
0.0197971
0.0203583
0.0208796
0.0212959
0.0216441
0.0220549
0.0226036
0.023243
0.023866
0.0244579
0.0250217
0.0255599
0.0261283
0.0267087
0.0272867
0.0278948
0.0285405
0.029164
0.0298262
0.0305039
0.0311843
0.0318679
0.0325876
0.033316
0.0340643
0.0348299
0.0356163
0.0364218
0.0372442
0.0381107
0.0389379
0.0397953
0.0406662
0.0415956
0.0425295
0.0434509
0.0443841
0.045312
0.046288
0.0472987
0.0482928
0.049336
0.0503561
0.0514086
0.0524377
0.0534537
0.0543866
0.0551285
0.00857303
0.00779349
0.0064642
0.00492366
0.0033285
0.00231022
0.00234425
0.00307282
0.00377599
0.00420447
0.00452342
0.00483765
0.00512229
0.00537211
0.0055997
0.00582918
0.00608597
0.00640317
0.00679519
0.00719384
0.00753311
0.00784234
0.00815891
0.00849164
0.00884092
0.00918719
0.00950893
0.00982869
0.0101579
0.0104737
0.0107952
0.0111736
0.0115875
0.0120094
0.0124334
0.0128493
0.0132473
0.0136387
0.0140338
0.0144161
0.0147873
0.0151556
0.0155085
0.0158481
0.0162127
0.0166146
0.0170325
0.0174424
0.0178677
0.0183391
0.0188193
0.0192911
0.0197977
0.0203557
0.0208747
0.0212924
0.021644
0.0220566
0.0226053
0.0232443
0.023867
0.0244582
0.0250213
0.0255596
0.0261283
0.0267092
0.0272877
0.0278958
0.0285415
0.0291653
0.0298274
0.0305047
0.031185
0.031869
0.0325891
0.0333176
0.0340658
0.0348312
0.0356175
0.0364228
0.0372447
0.038111
0.0389385
0.0397962
0.0406668
0.0415956
0.0425292
0.0434507
0.0443843
0.0453125
0.0462885
0.0472989
0.048293
0.0493359
0.0503565
0.0514085
0.0524386
0.053456
0.0543889
0.05513
0.00834286
0.00763947
0.0064513
0.00509183
0.00361418
0.002582
0.00251391
0.00315128
0.00381821
0.00424617
0.00457194
0.00488741
0.0051671
0.00540905
0.00562975
0.00585797
0.00611912
0.00643851
0.00682374
0.00721122
0.00754487
0.00785602
0.00817553
0.00850695
0.00885211
0.00919601
0.00951822
0.00983842
0.0101675
0.0104845
0.0108074
0.0111843
0.0115946
0.012014
0.0124368
0.0128514
0.0132475
0.0136375
0.0140329
0.0144164
0.0147875
0.0151548
0.0155083
0.0158504
0.0162167
0.0166177
0.0170348
0.0174456
0.0178717
0.0183423
0.0188216
0.0192933
0.0197985
0.0203531
0.0208697
0.0212892
0.0216451
0.0220601
0.0226083
0.0232457
0.0238675
0.0244582
0.0250207
0.0255594
0.0261286
0.0267099
0.0272889
0.0278971
0.0285426
0.0291666
0.0298287
0.0305056
0.0311859
0.0318701
0.0325905
0.0333192
0.0340673
0.0348326
0.0356188
0.0364238
0.0372453
0.0381112
0.038939
0.0397971
0.0406675
0.0415956
0.0425288
0.0434503
0.0443843
0.045313
0.046289
0.0472991
0.0482932
0.0493358
0.050357
0.0514084
0.0524395
0.0534584
0.0543913
0.0551317
0.00812462
0.00749307
0.00643471
0.00524372
0.00388309
0.0028535
0.00270088
0.00324505
0.00386486
0.00428533
0.00461806
0.00493829
0.00521554
0.00544972
0.00566232
0.00588814
0.00615338
0.0064752
0.00685367
0.0072297
0.00755749
0.00787052
0.00819297
0.00852299
0.00886387
0.00920532
0.00952801
0.00984868
0.0101775
0.0104957
0.0108201
0.0111955
0.0116021
0.0120188
0.0124405
0.0128538
0.0132478
0.0136364
0.0140321
0.0144168
0.0147878
0.015154
0.0155082
0.015853
0.0162209
0.0166211
0.0170373
0.0174488
0.0178759
0.0183455
0.0188238
0.0192955
0.0197994
0.0203506
0.0208648
0.0212864
0.0216476
0.0220655
0.0226126
0.0232473
0.0238677
0.0244578
0.02502
0.0255594
0.0261291
0.0267107
0.0272903
0.0278986
0.0285439
0.029168
0.0298301
0.0305066
0.0311869
0.0318714
0.0325919
0.0333208
0.0340689
0.034834
0.0356201
0.036425
0.037246
0.0381114
0.0389395
0.039798
0.0406684
0.0415957
0.0425284
0.0434499
0.0443844
0.0453134
0.0462896
0.0472994
0.0482934
0.0493357
0.0503574
0.0514083
0.0524404
0.0534609
0.0543939
0.0551335
0.0079204
0.00735323
0.00641357
0.00538199
0.00413522
0.00312057
0.00290263
0.00335607
0.00391856
0.00432283
0.00466109
0.0049893
0.00526728
0.00549417
0.00569748
0.0059197
0.00618866
0.00651315
0.00688498
0.0072493
0.00757103
0.0078859
0.00821128
0.00853978
0.00887623
0.00921515
0.00953834
0.00985952
0.0101881
0.0105074
0.0108332
0.0112069
0.0116099
0.0120239
0.0124445
0.0128563
0.0132482
0.0136352
0.0140313
0.0144174
0.0147882
0.0151532
0.0155082
0.0158558
0.0162255
0.0166248
0.0170399
0.0174522
0.0178801
0.0183489
0.0188261
0.0192978
0.0198004
0.0203483
0.0208599
0.0212839
0.0216511
0.0220726
0.0226184
0.0232494
0.0238677
0.0244571
0.0250192
0.0255595
0.0261298
0.0267117
0.0272919
0.0279003
0.0285453
0.0291695
0.0298315
0.0305077
0.031188
0.0318728
0.0325935
0.0333224
0.0340706
0.0348355
0.0356215
0.0364262
0.0372468
0.0381115
0.03894
0.039799
0.0406693
0.0415958
0.042528
0.0434494
0.0443844
0.0453139
0.0462903
0.0472997
0.0482937
0.0493356
0.0503578
0.0514082
0.0524414
0.0534635
0.0543966
0.0551354
0.00773321
0.00722116
0.00638557
0.00550811
0.00437249
0.00338
0.00311546
0.00348562
0.00398208
0.00436014
0.00470068
0.00503932
0.00532162
0.00554242
0.00573543
0.00595281
0.00622499
0.00655227
0.00691759
0.00727001
0.00758549
0.00790223
0.00823052
0.00855738
0.00888922
0.00922551
0.00954926
0.00987097
0.0101991
0.0105195
0.0108466
0.0112186
0.0116178
0.0120293
0.0124488
0.0128592
0.0132487
0.0136341
0.0140306
0.0144182
0.0147888
0.0151525
0.0155082
0.0158588
0.0162304
0.0166288
0.0170428
0.0174558
0.0178846
0.0183524
0.0188284
0.0193
0.0198016
0.0203461
0.0208552
0.0212818
0.0216554
0.0220811
0.0226252
0.0232517
0.0238676
0.0244561
0.0250185
0.0255597
0.0261307
0.0267129
0.0272936
0.0279021
0.0285467
0.0291711
0.029833
0.0305088
0.0311893
0.0318743
0.0325951
0.0333241
0.0340723
0.034837
0.035623
0.0364275
0.0372477
0.0381117
0.0389404
0.0398
0.0406704
0.0415961
0.0425276
0.043449
0.0443845
0.0453145
0.0462909
0.0473
0.048294
0.0493355
0.0503583
0.0514081
0.0524424
0.0534663
0.0543995
0.0551374
0.00756416
0.00710188
0.00634856
0.00562146
0.00459855
0.00362989
0.00333422
0.00363394
0.00405837
0.00439915
0.00473683
0.00508726
0.00537764
0.00559438
0.00577643
0.00598767
0.00626247
0.00659253
0.00695144
0.00729183
0.00760087
0.00791952
0.00825077
0.00857585
0.00890288
0.00923646
0.00956081
0.00988307
0.0102107
0.010532
0.0108603
0.0112305
0.011626
0.012035
0.0124534
0.0128624
0.0132494
0.013633
0.0140299
0.0144191
0.0147896
0.0151519
0.0155083
0.0158621
0.0162357
0.0166331
0.0170458
0.0174595
0.0178892
0.0183559
0.0188307
0.0193023
0.0198028
0.020344
0.0208506
0.0212799
0.0216603
0.0220905
0.0226327
0.0232544
0.0238674
0.0244551
0.0250177
0.0255601
0.0261317
0.0267141
0.0272954
0.0279041
0.0285483
0.0291728
0.0298346
0.03051
0.0311907
0.031876
0.0325968
0.0333258
0.0340741
0.0348387
0.0356245
0.036429
0.0372487
0.0381119
0.0389409
0.039801
0.0406715
0.0415964
0.0425273
0.0434486
0.0443846
0.045315
0.0462915
0.0473003
0.0482942
0.0493355
0.0503588
0.0514082
0.0524435
0.0534691
0.0544025
0.0551395
0.00740936
0.00700346
0.00630348
0.00571817
0.00481702
0.00387054
0.00355314
0.00379988
0.00415028
0.00444196
0.00476999
0.00513249
0.00543444
0.00564979
0.00582065
0.00602438
0.00630122
0.00663409
0.00698658
0.00731479
0.00761722
0.00793777
0.00827208
0.00859527
0.00891727
0.00924802
0.00957301
0.00989587
0.0102229
0.0105448
0.0108742
0.0112427
0.0116344
0.012041
0.0124584
0.0128658
0.0132502
0.013632
0.0140294
0.0144202
0.0147906
0.0151514
0.0155085
0.0158656
0.0162412
0.0166377
0.017049
0.0174633
0.017894
0.0183597
0.0188331
0.0193046
0.0198042
0.020342
0.020846
0.0212781
0.0216656
0.0221003
0.0226406
0.0232572
0.0238673
0.0244539
0.025017
0.0255605
0.0261328
0.0267153
0.0272973
0.0279061
0.0285499
0.0291745
0.0298363
0.0305113
0.0311922
0.0318778
0.0325985
0.0333276
0.034076
0.0348404
0.0356261
0.0364305
0.0372498
0.0381122
0.0389414
0.0398021
0.0406727
0.0415968
0.042527
0.0434482
0.0443848
0.0453156
0.0462922
0.0473006
0.0482946
0.0493354
0.0503593
0.0514083
0.0524446
0.0534721
0.0544058
0.0551418
0.00725887
0.00693375
0.0062575
0.00579209
0.0050288
0.00410487
0.0037673
0.00398046
0.00426038
0.00449077
0.00480094
0.00517479
0.00549122
0.00570802
0.00586809
0.00606307
0.00634137
0.00667719
0.00702318
0.00733887
0.0076345
0.00795701
0.00829449
0.00861571
0.00893244
0.00926024
0.00958591
0.00990939
0.0102356
0.010558
0.0108885
0.0112551
0.0116431
0.0120473
0.0124638
0.0128695
0.0132512
0.013631
0.014029
0.0144215
0.0147917
0.0151509
0.0155087
0.0158692
0.0162471
0.0166424
0.0170523
0.0174672
0.017899
0.0183635
0.0188354
0.0193068
0.0198056
0.0203401
0.0208416
0.0212764
0.0216709
0.0221104
0.0226488
0.0232602
0.0238671
0.0244528
0.0250162
0.025561
0.026134
0.0267166
0.0272993
0.0279082
0.0285515
0.0291764
0.0298381
0.0305127
0.0311938
0.0318796
0.0326004
0.0333295
0.034078
0.0348421
0.0356277
0.0364321
0.037251
0.0381126
0.038942
0.0398033
0.040674
0.0415973
0.0425267
0.0434479
0.044385
0.0453162
0.0462929
0.0473008
0.0482949
0.0493353
0.0503598
0.0514085
0.0524458
0.0534753
0.0544093
0.0551443
0.00709865
0.006894
0.00622353
0.00583897
0.00522985
0.00433819
0.0039739
0.00417023
0.0043907
0.00454857
0.00483064
0.00521426
0.00554741
0.00576822
0.00591851
0.00610395
0.00638309
0.00672207
0.00706148
0.00736406
0.00765262
0.00797723
0.00831805
0.00863727
0.00894846
0.00927314
0.00959953
0.00992368
0.0102491
0.0105717
0.010903
0.0112678
0.0116521
0.0120539
0.0124695
0.0128736
0.0132524
0.0136301
0.0140287
0.0144231
0.0147931
0.0151505
0.015509
0.015873
0.0162532
0.0166474
0.0170557
0.0174713
0.0179041
0.0183675
0.0188379
0.0193091
0.0198071
0.0203383
0.0208374
0.0212749
0.0216763
0.0221205
0.0226569
0.0232633
0.023867
0.0244517
0.0250155
0.0255616
0.0261352
0.026718
0.0273013
0.0279104
0.0285532
0.0291783
0.02984
0.0305141
0.0311955
0.0318816
0.0326023
0.0333315
0.0340801
0.034844
0.0356295
0.0364338
0.0372523
0.0381131
0.0389427
0.0398045
0.0406752
0.0415977
0.0425264
0.0434476
0.0443853
0.0453168
0.0462936
0.0473011
0.0482952
0.0493352
0.0503603
0.0514088
0.0524471
0.0534786
0.0544129
0.0551468
0.00691482
0.00687306
0.00621661
0.00586169
0.00541115
0.00457579
0.00417399
0.00436142
0.00454164
0.00461949
0.00486001
0.00525093
0.00560278
0.00582966
0.00597146
0.00614709
0.00642652
0.00676888
0.00710181
0.00739058
0.0076715
0.00799837
0.0083428
0.00866002
0.0089654
0.00928674
0.00961391
0.00993877
0.0102631
0.0105859
0.010918
0.0112808
0.0116614
0.0120609
0.0124756
0.012878
0.0132537
0.0136293
0.0140286
0.0144249
0.0147946
0.0151502
0.0155092
0.015877
0.0162595
0.0166526
0.0170592
0.0174755
0.0179095
0.0183716
0.0188403
0.0193115
0.0198087
0.0203366
0.0208332
0.0212734
0.0216817
0.0221306
0.0226651
0.0232665
0.023867
0.0244506
0.0250148
0.0255622
0.0261364
0.0267193
0.0273034
0.0279127
0.028555
0.0291802
0.029842
0.0305157
0.0311973
0.0318837
0.0326044
0.0333336
0.0340822
0.0348459
0.0356312
0.0364356
0.0372536
0.0381137
0.0389434
0.0398058
0.0406765
0.0415982
0.0425261
0.0434474
0.0443856
0.0453175
0.0462943
0.0473014
0.0482956
0.0493351
0.0503608
0.0514092
0.0524484
0.0534821
0.0544169
0.0551495
0.00670167
0.00685076
0.00624713
0.00587291
0.00556207
0.00481835
0.00437336
0.00454647
0.00471041
0.00470836
0.00489041
0.00528446
0.0056576
0.00589209
0.00602626
0.00619221
0.00647175
0.00681779
0.00714443
0.00741878
0.00769119
0.00802029
0.00836877
0.00868403
0.00898332
0.00930107
0.00962906
0.00995474
0.0102779
0.0106005
0.0109334
0.0112943
0.0116711
0.0120683
0.0124822
0.0128829
0.0132553
0.0136287
0.0140286
0.0144269
0.0147965
0.01515
0.0155095
0.0158811
0.016266
0.016658
0.0170628
0.0174798
0.0179151
0.0183759
0.0188428
0.0193138
0.0198103
0.020335
0.0208292
0.0212721
0.0216871
0.0221405
0.0226731
0.0232697
0.0238671
0.0244496
0.0250141
0.0255628
0.0261377
0.0267208
0.0273056
0.027915
0.0285568
0.0291823
0.029844
0.0305173
0.0311991
0.0318858
0.0326065
0.0333357
0.0340844
0.0348479
0.0356331
0.0364374
0.0372549
0.0381144
0.0389441
0.0398071
0.0406778
0.0415987
0.0425259
0.0434472
0.044386
0.0453182
0.0462951
0.0473017
0.048296
0.0493351
0.0503614
0.0514097
0.0524497
0.0534858
0.054421
0.0551524
0.00646889
0.00680452
0.00631208
0.00589171
0.00567594
0.00505802
0.00458034
0.00472181
0.00489003
0.00481941
0.004925
0.00531395
0.00571221
0.00595585
0.00608216
0.00623865
0.00651863
0.00686899
0.00718959
0.00744899
0.00771188
0.00804281
0.00839584
0.00870938
0.00900234
0.00931619
0.00964496
0.00997161
0.0102934
0.0106156
0.0109492
0.0113081
0.0116811
0.0120761
0.0124892
0.012888
0.0132571
0.0136282
0.0140288
0.0144292
0.0147986
0.0151499
0.0155099
0.0158853
0.0162728
0.0166635
0.0170664
0.0174842
0.0179209
0.0183803
0.0188454
0.0193162
0.0198121
0.0203335
0.0208253
0.021271
0.0216925
0.0221503
0.0226811
0.023273
0.0238673
0.0244487
0.0250135
0.0255635
0.026139
0.0267222
0.0273079
0.0279174
0.0285587
0.0291844
0.0298462
0.030519
0.0312011
0.0318881
0.0326087
0.0333379
0.0340867
0.0348499
0.035635
0.0364393
0.0372564
0.0381151
0.038945
0.0398084
0.0406791
0.0415992
0.0425256
0.0434471
0.0443863
0.0453189
0.0462958
0.047302
0.0482965
0.0493351
0.0503619
0.0514102
0.0524511
0.0534896
0.0544255
0.0551554
0.00623676
0.00672041
0.00639375
0.00593765
0.00575704
0.00527974
0.00480137
0.00489082
0.00507039
0.00495387
0.00496968
0.00533863
0.00576603
0.00602185
0.00613883
0.00628551
0.00656669
0.00692264
0.00723769
0.00748148
0.00773386
0.00806595
0.00842384
0.00873616
0.00902257
0.00933216
0.00966164
0.00998938
0.0103098
0.0106312
0.0109653
0.0113223
0.0116915
0.0120842
0.0124966
0.0128936
0.0132592
0.0136278
0.0140291
0.0144318
0.014801
0.01515
0.0155103
0.0158896
0.0162798
0.0166692
0.0170701
0.0174888
0.0179269
0.0183849
0.018848
0.0193186
0.0198139
0.0203322
0.0208216
0.02127
0.0216979
0.0221599
0.022689
0.0232763
0.0238676
0.0244478
0.0250129
0.0255642
0.0261404
0.0267237
0.0273102
0.0279199
0.0285606
0.0291866
0.0298485
0.0305208
0.0312031
0.0318904
0.0326109
0.0333402
0.034089
0.034852
0.035637
0.0364412
0.0372579
0.0381159
0.0389458
0.0398098
0.0406804
0.0415997
0.0425254
0.043447
0.0443867
0.0453197
0.0462967
0.0473022
0.0482969
0.0493351
0.0503625
0.0514109
0.0524525
0.0534937
0.0544302
0.0551586
0.00602316
0.00660204
0.00646877
0.00602047
0.00582224
0.00546922
0.00503428
0.00506313
0.00524268
0.00510759
0.00503176
0.00535952
0.005817
0.00609118
0.00619684
0.00633183
0.00661513
0.00697865
0.00728927
0.00751651
0.00775732
0.00808996
0.00845262
0.00876425
0.00904411
0.00934905
0.00967914
0.010008
0.010327
0.0106475
0.0109819
0.0113369
0.0117024
0.0120928
0.0125045
0.0128997
0.0132617
0.0136276
0.0140297
0.0144346
0.0148036
0.0151502
0.0155107
0.015894
0.016287
0.0166751
0.0170739
0.0174934
0.0179331
0.0183898
0.0188506
0.0193211
0.0198159
0.020331
0.0208181
0.0212691
0.0217033
0.0221693
0.0226968
0.0232798
0.0238681
0.0244471
0.0250124
0.025565
0.0261417
0.0267253
0.0273126
0.0279224
0.0285626
0.0291889
0.0298508
0.0305226
0.0312051
0.0318928
0.0326133
0.0333425
0.0340915
0.0348542
0.035639
0.0364432
0.0372594
0.0381167
0.0389467
0.0398113
0.0406818
0.0416002
0.0425252
0.0434469
0.044387
0.0453205
0.0462975
0.0473025
0.0482974
0.0493351
0.0503631
0.0514117
0.052454
0.0534979
0.0544352
0.055162
0.00583725
0.006466
0.00651616
0.00613132
0.00589487
0.0056213
0.00526499
0.00524872
0.00540547
0.00527116
0.00511665
0.00538119
0.00586212
0.00616411
0.00625774
0.00637696
0.00666287
0.00703645
0.00734464
0.00755463
0.00778227
0.0081151
0.00848235
0.0087934
0.00906694
0.00936694
0.00969753
0.0100277
0.0103451
0.0106644
0.0109989
0.011352
0.0117137
0.0121019
0.0125128
0.0129062
0.0132644
0.0136277
0.0140305
0.0144379
0.0148067
0.0151506
0.0155112
0.0158986
0.0162945
0.0166812
0.0170777
0.0174981
0.0179396
0.0183948
0.0188533
0.0193235
0.0198179
0.02033
0.0208148
0.0212684
0.0217087
0.0221786
0.0227045
0.0232833
0.0238687
0.0244465
0.025012
0.0255658
0.0261432
0.0267269
0.0273151
0.027925
0.0285647
0.0291913
0.0298533
0.0305246
0.0312073
0.0318953
0.0326158
0.033345
0.034094
0.0348565
0.0356411
0.0364453
0.037261
0.0381176
0.0389476
0.0398128
0.0406832
0.0416008
0.042525
0.0434468
0.0443874
0.0453213
0.0462984
0.0473028
0.0482979
0.0493352
0.0503637
0.0514126
0.0524555
0.0535023
0.0544405
0.0551656
0.00567934
0.00632959
0.00652808
0.00624809
0.00599392
0.00574736
0.00547508
0.00545078
0.00556722
0.0054335
0.0052238
0.00541153
0.00589984
0.00623885
0.00632373
0.00642114
0.00670858
0.00709507
0.00740369
0.00759667
0.00780891
0.00814131
0.00851345
0.00882359
0.00909087
0.00938594
0.00971689
0.0100483
0.010364
0.0106819
0.0110164
0.0113674
0.0117254
0.0121115
0.0125216
0.0129131
0.0132676
0.013628
0.0140315
0.0144414
0.0148101
0.0151512
0.0155117
0.0159033
0.0163022
0.0166875
0.0170816
0.0175028
0.0179463
0.0184
0.0188561
0.019326
0.0198201
0.0203292
0.0208117
0.021268
0.0217141
0.0221878
0.022712
0.0232868
0.0238694
0.0244459
0.0250117
0.0255667
0.0261446
0.0267285
0.0273176
0.0279277
0.0285668
0.0291938
0.0298559
0.0305266
0.0312095
0.0318978
0.0326183
0.0333475
0.0340966
0.0348589
0.0356433
0.0364474
0.0372627
0.0381186
0.0389486
0.0398143
0.0406846
0.0416014
0.0425248
0.0434468
0.0443878
0.0453221
0.0462994
0.0473032
0.0482984
0.0493353
0.0503644
0.0514137
0.052457
0.0535068
0.0544461
0.0551693
0.0055477
0.0062056
0.00651275
0.00634747
0.0061205
0.00586983
0.00565251
0.00565847
0.00573978
0.00558933
0.00534579
0.00545816
0.00593245
0.00631183
0.00639648
0.00646577
0.00675093
0.00715346
0.00746598
0.00764323
0.0078379
0.00816825
0.00854619
0.00885521
0.00911554
0.00940591
0.00973733
0.0100701
0.0103839
0.0106999
0.0110345
0.0113834
0.0117376
0.0121215
0.012531
0.0129205
0.0132711
0.0136286
0.0140327
0.0144454
0.0148139
0.015152
0.0155123
0.0159081
0.0163102
0.016694
0.0170855
0.0175077
0.0179532
0.0184055
0.0188589
0.0193285
0.0198225
0.0203287
0.0208089
0.0212677
0.0217195
0.0221967
0.0227195
0.0232905
0.0238703
0.0244455
0.0250115
0.0255677
0.0261461
0.0267302
0.0273202
0.0279305
0.028569
0.0291964
0.0298586
0.0305288
0.0312119
0.0319005
0.032621
0.0333502
0.0340993
0.0348613
0.0356456
0.0364496
0.0372645
0.0381196
0.0389496
0.0398159
0.040686
0.041602
0.0425247
0.0434468
0.0443881
0.0453229
0.0463004
0.0473035
0.048299
0.0493355
0.050365
0.0514149
0.0524586
0.0535115
0.0544521
0.0551733
0.00544292
0.00610176
0.00648596
0.00641412
0.00625533
0.00601191
0.00580302
0.00585186
0.00592954
0.00574531
0.00547203
0.00552317
0.00596616
0.00637984
0.00647575
0.00651322
0.00678917
0.00721046
0.00753087
0.00769426
0.00787015
0.00819588
0.00858032
0.00888903
0.00914099
0.00942637
0.0097589
0.0100931
0.0104048
0.0107186
0.011053
0.0114
0.0117502
0.012132
0.012541
0.0129285
0.0132751
0.0136295
0.0140343
0.0144497
0.0148181
0.015153
0.0155129
0.015913
0.0163185
0.0167008
0.0170895
0.0175126
0.0179603
0.0184112
0.0188617
0.0193311
0.019825
0.0203284
0.0208062
0.0212676
0.0217249
0.0222054
0.0227268
0.0232942
0.0238713
0.0244453
0.0250114
0.0255688
0.0261477
0.0267319
0.0273229
0.0279334
0.0285713
0.0291991
0.0298614
0.030531
0.0312143
0.0319033
0.0326237
0.0333529
0.0341021
0.0348639
0.035648
0.0364518
0.0372663
0.0381207
0.0389507
0.0398175
0.0406874
0.0416026
0.0425246
0.0434468
0.0443885
0.0453237
0.0463014
0.0473038
0.0482996
0.0493357
0.0503656
0.0514162
0.0524603
0.0535163
0.0544584
0.0551776
0.00536404
0.00602344
0.00646309
0.00644896
0.00637278
0.00618215
0.0059492
0.00601408
0.00612767
0.00591472
0.00559652
0.00560095
0.00600798
0.00644286
0.0065593
0.00656616
0.00682359
0.00726461
0.00759793
0.00774915
0.00790616
0.00822487
0.00861524
0.00892545
0.00916795
0.00944678
0.00978132
0.0101177
0.0104269
0.010738
0.011072
0.0114172
0.0117635
0.0121429
0.0125515
0.0129371
0.0132795
0.0136307
0.0140361
0.0144544
0.0148228
0.0151543
0.0155136
0.015918
0.0163271
0.0167078
0.0170936
0.0175176
0.0179676
0.0184171
0.0188647
0.0193337
0.0198278
0.0203283
0.0208039
0.0212677
0.0217303
0.022214
0.0227341
0.023298
0.0238725
0.0244452
0.0250114
0.02557
0.0261493
0.0267337
0.0273257
0.0279364
0.0285736
0.0292018
0.0298644
0.0305333
0.0312168
0.0319061
0.0326266
0.0333558
0.034105
0.0348665
0.0356504
0.0364541
0.0372682
0.0381219
0.0389518
0.0398192
0.0406889
0.0416033
0.0425246
0.0434469
0.0443889
0.0453246
0.0463025
0.0473042
0.0483002
0.049336
0.0503663
0.0514177
0.0524621
0.0535213
0.054465
0.0551821
0.00530166
0.00597391
0.00645654
0.00646695
0.00645205
0.00636515
0.00611764
0.00614535
0.00631217
0.00610606
0.00572584
0.00568238
0.00606016
0.00650457
0.00664474
0.0066264
0.00685531
0.00731408
0.00766701
0.00780765
0.00794546
0.00825619
0.00865083
0.00896409
0.0091975
0.00946715
0.00980374
0.0101439
0.0104505
0.0107581
0.0110913
0.0114349
0.0117775
0.0121544
0.0125625
0.0129464
0.0132845
0.0136321
0.0140381
0.0144596
0.014828
0.015156
0.0155144
0.015923
0.0163359
0.0167152
0.0170977
0.0175226
0.0179752
0.0184233
0.0188677
0.0193363
0.0198307
0.0203285
0.0208018
0.0212681
0.0217357
0.0222223
0.0227411
0.0233018
0.0238739
0.0244452
0.0250115
0.0255713
0.0261509
0.0267356
0.0273286
0.0279394
0.028576
0.0292047
0.0298674
0.0305358
0.0312194
0.0319091
0.0326296
0.0333587
0.0341079
0.0348692
0.0356529
0.0364565
0.0372702
0.0381231
0.038953
0.0398209
0.0406904
0.041604
0.0425246
0.043447
0.0443893
0.0453255
0.0463036
0.0473046
0.0483009
0.0493364
0.050367
0.0514194
0.052464
0.0535263
0.054472
0.0551868
0.00523973
0.00595203
0.00647442
0.00648685
0.00648744
0.00653195
0.00632469
0.00626873
0.00646081
0.0063118
0.00587533
0.00576241
0.0061177
0.00656924
0.00673148
0.0066947
0.00688621
0.00735678
0.00773758
0.00787061
0.00798704
0.00828998
0.00868797
0.00900423
0.00923014
0.00948846
0.00982529
0.0101713
0.0104761
0.0107791
0.0111111
0.011453
0.0117921
0.0121665
0.0125739
0.0129562
0.0132902
0.013634
0.0140404
0.0144652
0.0148338
0.0151581
0.0155152
0.0159282
0.016345
0.0167228
0.017102
0.0175276
0.017983
0.0184297
0.0188708
0.0193389
0.0198338
0.0203291
0.0208
0.0212687
0.0217412
0.0222305
0.0227481
0.0233057
0.0238755
0.0244454
0.0250118
0.0255727
0.0261527
0.0267375
0.0273316
0.0279426
0.0285785
0.0292077
0.0298706
0.0305383
0.0312221
0.0319121
0.0326327
0.0333618
0.034111
0.034872
0.0356555
0.0364589
0.0372723
0.0381244
0.0389542
0.0398227
0.0406919
0.0416048
0.0425247
0.0434472
0.0443897
0.0453263
0.0463048
0.047305
0.0483015
0.0493369
0.0503676
0.0514212
0.052466
0.0535315
0.0544793
0.0551919
0.00516141
0.0059498
0.0065205
0.00652571
0.00649086
0.00665461
0.00656177
0.00641555
0.00656695
0.00650758
0.00605643
0.00584915
0.0061724
0.00663687
0.00682085
0.00677177
0.0069192
0.00739082
0.00780758
0.00793986
0.00803041
0.0083248
0.00872784
0.00904603
0.00926537
0.00951197
0.00984599
0.0101986
0.010504
0.0108016
0.0111312
0.0114715
0.0118073
0.0121793
0.0125859
0.0129666
0.0132967
0.0136364
0.0140428
0.0144711
0.0148403
0.0151606
0.0155162
0.0159334
0.0163544
0.0167308
0.0171064
0.0175326
0.0179909
0.0184365
0.018874
0.0193416
0.0198372
0.02033
0.0207986
0.0212695
0.0217466
0.0222385
0.0227549
0.0233096
0.0238772
0.0244458
0.0250123
0.0255742
0.0261544
0.0267395
0.0273347
0.0279459
0.028581
0.0292107
0.0298739
0.030541
0.0312249
0.0319153
0.0326359
0.033365
0.0341142
0.0348748
0.0356582
0.0364615
0.0372745
0.0381259
0.0389555
0.0398245
0.0406935
0.0416056
0.0425248
0.0434474
0.0443902
0.0453272
0.0463061
0.0473055
0.0483022
0.0493375
0.0503683
0.0514232
0.0524682
0.0535368
0.0544869
0.0551973
0.00505226
0.00595296
0.00659388
0.00659654
0.00648448
0.00671613
0.00679822
0.00661215
0.0066516
0.00666518
0.0062633
0.00596035
0.00622107
0.00670167
0.00691342
0.0068589
0.00695843
0.00741555
0.00787289
0.00801694
0.00807716
0.00835827
0.00877042
0.00909113
0.00930236
0.00953793
0.009867
0.0102251
0.0105335
0.0108262
0.0111518
0.0114904
0.011823
0.0121928
0.0125986
0.0129776
0.0133038
0.0136395
0.0140456
0.0144773
0.0148473
0.0151636
0.0155173
0.0159387
0.0163641
0.0167392
0.017111
0.0175376
0.0179991
0.0184436
0.0188773
0.0193442
0.0198408
0.0203313
0.0207974
0.0212705
0.0217521
0.0222463
0.0227616
0.0233137
0.0238792
0.0244464
0.0250129
0.0255758
0.0261563
0.0267415
0.0273379
0.0279493
0.0285836
0.0292139
0.0298774
0.0305437
0.0312279
0.0319186
0.0326392
0.0333682
0.0341174
0.0348778
0.0356609
0.0364641
0.0372767
0.0381274
0.0389568
0.0398263
0.0406951
0.0416064
0.042525
0.0434477
0.0443906
0.0453281
0.0463074
0.047306
0.0483029
0.0493383
0.0503691
0.0514253
0.0524707
0.0535421
0.0544949
0.055203
0.00490336
0.00594187
0.00668774
0.00670729
0.00649309
0.00671811
0.00699801
0.00686227
0.00675088
0.00676888
0.00646926
0.00611093
0.00627415
0.00675575
0.00700532
0.00695666
0.00700935
0.00743331
0.00792783
0.00810125
0.00813138
0.00838865
0.00881318
0.00914156
0.00934166
0.0095652
0.00988955
0.0102507
0.0105634
0.0108532
0.0111736
0.0115093
0.0118394
0.0122068
0.012612
0.0129895
0.0133116
0.0136431
0.0140488
0.0144839
0.0148549
0.0151672
0.0155185
0.015944
0.0163741
0.0167478
0.0171156
0.0175427
0.0180074
0.018451
0.0188807
0.0193469
0.0198446
0.0203329
0.0207966
0.0212717
0.0217575
0.022254
0.0227681
0.0233177
0.0238813
0.0244472
0.0250136
0.0255776
0.0261582
0.0267436
0.0273411
0.0279528
0.0285864
0.0292172
0.0298809
0.0305466
0.0312309
0.0319219
0.0326427
0.0333716
0.0341208
0.0348809
0.0356638
0.0364667
0.0372791
0.038129
0.0389581
0.0398282
0.0406967
0.0416073
0.0425253
0.043448
0.0443911
0.0453291
0.0463087
0.0473065
0.0483036
0.0493392
0.0503698
0.0514276
0.0524733
0.0535476
0.0545032
0.055209
0.00471642
0.0058938
0.0067882
0.00685951
0.00654061
0.00668071
0.0071298
0.00714096
0.0069015
0.0068336
0.00664063
0.00629764
0.0063517
0.00679795
0.00708818
0.00706205
0.00707741
0.00745055
0.0079672
0.00818796
0.00819777
0.0084171
0.00885174
0.00919778
0.00938601
0.00959261
0.0099134
0.0102772
0.0105927
0.0108819
0.0111975
0.0115287
0.011856
0.0122214
0.0126259
0.0130021
0.0133203
0.0136473
0.0140524
0.0144909
0.0148631
0.0151714
0.01552
0.0159493
0.0163844
0.016757
0.0171204
0.0175477
0.018016
0.0184587
0.0188843
0.0193496
0.0198487
0.0203349
0.0207962
0.0212732
0.021763
0.0222614
0.0227746
0.0233219
0.0238836
0.0244482
0.0250146
0.0255795
0.0261603
0.0267458
0.0273445
0.0279564
0.0285892
0.0292205
0.0298847
0.0305497
0.0312341
0.0319254
0.0326463
0.0333752
0.0341243
0.0348841
0.0356667
0.0364695
0.0372815
0.0381307
0.0389596
0.0398302
0.0406983
0.0416082
0.0425256
0.0434483
0.0443916
0.04533
0.0463101
0.0473071
0.0483043
0.0493402
0.0503706
0.0514301
0.0524762
0.0535531
0.0545118
0.0552155
0.00451067
0.00578962
0.00687476
0.00704647
0.00664542
0.00663532
0.00717785
0.00740752
0.00712282
0.00689734
0.00675312
0.00649296
0.0064714
0.0068418
0.00715382
0.00716637
0.00716463
0.00747737
0.00799006
0.00826825
0.00827907
0.00844911
0.00888199
0.00925682
0.00943908
0.00962085
0.00993635
0.0103057
0.0106221
0.0109106
0.0112237
0.0115493
0.0118726
0.0122365
0.0126404
0.0130155
0.01333
0.0136522
0.0140563
0.0144983
0.014872
0.0151762
0.0155217
0.0159547
0.016395
0.0167666
0.0171253
0.0175526
0.0180247
0.0184668
0.018888
0.0193523
0.019853
0.0203374
0.0207961
0.021275
0.0217685
0.0222688
0.0227808
0.0233261
0.0238861
0.0244494
0.0250157
0.0255815
0.0261624
0.026748
0.027348
0.0279601
0.028592
0.029224
0.0298885
0.0305528
0.0312373
0.031929
0.0326501
0.0333788
0.0341278
0.0348873
0.0356698
0.0364723
0.037284
0.0381325
0.0389611
0.0398322
0.0407
0.0416092
0.042526
0.0434487
0.0443921
0.045331
0.0463115
0.0473077
0.048305
0.0493414
0.0503715
0.0514326
0.0524793
0.0535587
0.0545207
0.0552224
0.00432082
0.00562419
0.00692163
0.00725247
0.00681519
0.0066167
0.00714968
0.00761974
0.00740274
0.00700303
0.00681326
0.00665959
0.00663155
0.00690964
0.00720365
0.00725718
0.00726529
0.00752476
0.00800348
0.00833196
0.00837218
0.00849268
0.00890294
0.00931263
0.00950288
0.00965361
0.00995612
0.0103354
0.010654
0.0109385
0.0112507
0.0115724
0.0118897
0.0122515
0.0126555
0.0130298
0.0133407
0.0136578
0.0140605
0.0145063
0.0148817
0.0151816
0.0155235
0.01596
0.0164058
0.0167769
0.0171305
0.0175573
0.0180336
0.0184755
0.0188918
0.0193549
0.0198576
0.0203404
0.0207964
0.0212769
0.021774
0.022276
0.022787
0.0233304
0.0238888
0.0244508
0.0250171
0.0255837
0.0261646
0.0267503
0.0273516
0.027964
0.028595
0.0292276
0.0298926
0.0305561
0.0312407
0.0319327
0.032654
0.0333826
0.0341315
0.0348907
0.0356729
0.0364753
0.0372866
0.0381345
0.0389626
0.0398342
0.0407017
0.0416102
0.0425265
0.0434492
0.0443926
0.0453321
0.046313
0.0473084
0.0483057
0.0493428
0.0503725
0.0514353
0.0524828
0.0535644
0.0545298
0.0552296
0.00418148
0.00541444
0.00690461
0.00745448
0.00704475
0.0066557
0.00707504
0.00774476
0.00770376
0.00718294
0.00685694
0.0067671
0.00680424
0.00702089
0.00725508
0.0073249
0.00736548
0.00759857
0.00802164
0.00837275
0.00846645
0.00855497
0.00891962
0.00935814
0.00957522
0.00969612
0.00997277
0.010363
0.0106901
0.0109672
0.0112767
0.0115978
0.0119086
0.0122662
0.0126709
0.0130449
0.0133525
0.0136644
0.0140649
0.0145145
0.0148924
0.0151879
0.0155254
0.0159653
0.016417
0.0167877
0.017136
0.0175618
0.0180425
0.0184847
0.018896
0.0193575
0.0198624
0.0203439
0.0207971
0.0212791
0.0217796
0.0222831
0.0227931
0.0233348
0.0238918
0.0244525
0.0250186
0.0255861
0.026167
0.0267527
0.0273553
0.0279681
0.0285981
0.0292313
0.0298968
0.0305595
0.0312442
0.0319366
0.032658
0.0333865
0.0341352
0.0348942
0.0356761
0.0364783
0.0372894
0.0381365
0.0389642
0.0398364
0.0407035
0.0416113
0.0425271
0.0434497
0.0443932
0.0453331
0.0463145
0.0473093
0.0483064
0.0493443
0.0503735
0.0514381
0.0524866
0.0535702
0.0545391
0.0552373
0.00411433
0.00519472
0.00681239
0.00762387
0.00731747
0.00677203
0.00699419
0.00777114
0.00798014
0.00744061
0.00692906
0.00681547
0.00695031
0.00717339
0.00733367
0.00737347
0.00744715
0.00769205
0.00806156
0.00839519
0.00854711
0.00863713
0.0089424
0.00938872
0.0096495
0.00975288
0.00999017
0.0103849
0.0107293
0.0109999
0.0113008
0.0116235
0.0119306
0.0122814
0.0126857
0.0130608
0.0133655
0.0136719
0.0140697
0.0145229
0.0149041
0.0151951
0.0155274
0.0159703
0.0164284
0.0167992
0.0171419
0.0175661
0.0180513
0.0184944
0.0189006
0.0193599
0.0198674
0.0203479
0.0207982
0.0212814
0.0217853
0.0222901
0.0227991
0.0233391
0.0238949
0.0244545
0.0250203
0.0255885
0.0261694
0.0267552
0.0273592
0.0279722
0.0286012
0.0292351
0.0299011
0.0305631
0.0312479
0.0319405
0.0326622
0.0333905
0.034139
0.0348978
0.0356795
0.0364814
0.0372922
0.0381386
0.0389659
0.0398385
0.0407053
0.0416124
0.0425278
0.0434502
0.0443937
0.0453343
0.0463161
0.0473101
0.0483071
0.049346
0.0503747
0.051441
0.0524908
0.0535761
0.0545486
0.0552454
0.00412184
0.00500158
0.00665473
0.00773109
0.00760777
0.00697052
0.00694892
0.00771394
0.00818715
0.00774897
0.00706959
0.00683702
0.0070366
0.0073374
0.00746061
0.00742525
0.00749724
0.00778597
0.00813481
0.00841634
0.00860164
0.00872913
0.00898277
0.00940651
0.00971649
0.00982423
0.0100144
0.0103995
0.0107676
0.0110388
0.0113252
0.0116469
0.0119554
0.012299
0.0126998
0.0130769
0.01338
0.0136806
0.0140749
0.0145314
0.0149166
0.0152037
0.0155297
0.015975
0.0164401
0.0168116
0.0171483
0.0175702
0.0180601
0.0185045
0.0189055
0.0193625
0.0198725
0.0203525
0.0207999
0.0212839
0.0217909
0.0222971
0.022805
0.0233436
0.0238982
0.0244567
0.0250223
0.0255912
0.026172
0.0267578
0.0273631
0.0279765
0.0286045
0.029239
0.0299056
0.0305669
0.0312517
0.0319446
0.0326666
0.0333947
0.0341429
0.0349014
0.0356829
0.0364847
0.0372951
0.0381408
0.0389677
0.0398407
0.0407071
0.0416136
0.0425286
0.0434508
0.0443943
0.0453355
0.0463176
0.0473111
0.0483079
0.0493479
0.0503761
0.0514439
0.0524953
0.0535821
0.0545583
0.055254
0.00419444
0.00486264
0.00646107
0.0077559
0.00788308
0.00724096
0.00697383
0.00761029
0.00829445
0.00806434
0.00729419
0.00687476
0.00705925
0.00747222
0.00763259
0.00751059
0.00752075
0.00785567
0.0082362
0.00845926
0.00863012
0.00881299
0.00904747
0.00942223
0.00976768
0.00990498
0.0100519
0.0104096
0.0108005
0.0110836
0.0113536
0.0116671
0.0119803
0.0123205
0.0127142
0.0130919
0.0133958
0.0136908
0.0140805
0.0145401
0.01493
0.0152136
0.0155324
0.0159791
0.0164518
0.0168249
0.0171553
0.0175741
0.0180687
0.018515
0.0189109
0.0193652
0.0198779
0.0203576
0.0208021
0.0212866
0.0217965
0.0223041
0.0228109
0.0233481
0.0239017
0.0244593
0.0250245
0.025594
0.0261747
0.0267606
0.0273672
0.027981
0.0286079
0.0292429
0.0299102
0.0305708
0.0312556
0.0319487
0.0326712
0.033399
0.034147
0.0349052
0.0356864
0.036488
0.0372982
0.0381432
0.0389695
0.039843
0.040709
0.0416149
0.0425295
0.0434515
0.044395
0.0453368
0.0463192
0.0473123
0.0483087
0.0493499
0.0503777
0.0514469
0.0525002
0.0535883
0.054568
0.0552629
0.00431992
0.0047893
0.00626651
0.00769885
0.00810799
0.00755796
0.00708886
0.00750712
0.00829881
0.00833823
0.00758856
0.0069703
0.00704664
0.00754327
0.0078174
0.007654
0.00754463
0.00788156
0.00834164
0.00854233
0.0086503
0.00887023
0.00912987
0.00945051
0.00980054
0.00998556
0.0101066
0.0104205
0.010825
0.0111306
0.0113889
0.0116861
0.0120025
0.0123456
0.0127312
0.0131054
0.0134118
0.0137031
0.0140865
0.0145487
0.0149442
0.0152248
0.0155358
0.0159827
0.0164632
0.0168392
0.0171631
0.0175778
0.0180773
0.0185261
0.0189166
0.0193678
0.0198834
0.0203632
0.0208047
0.0212895
0.0218021
0.0223111
0.0228169
0.0233527
0.0239054
0.024462
0.025027
0.025597
0.0261776
0.0267633
0.0273715
0.0279857
0.0286114
0.029247
0.029915
0.0305749
0.0312597
0.031953
0.0326759
0.0334034
0.0341511
0.0349091
0.0356901
0.0364914
0.0373013
0.0381456
0.0389714
0.0398453
0.040711
0.0416162
0.0425304
0.0434523
0.0443956
0.0453382
0.0463207
0.0473135
0.0483096
0.049352
0.0503796
0.0514499
0.0525055
0.0535947
0.0545778
0.0552723
0.00448646
0.00477986
0.00609946
0.00758294
0.00825504
0.00788451
0.00729398
0.00745044
0.00822599
0.00852888
0.00791543
0.00714746
0.0070393
0.0075448
0.00797276
0.00785372
0.00760571
0.00786693
0.00841954
0.00866485
0.00868969
0.00889454
0.00921045
0.00950324
0.00982308
0.0100546
0.010177
0.0104389
0.0108409
0.0111755
0.0114312
0.0117075
0.0120207
0.0123714
0.0127527
0.0131189
0.0134267
0.0137173
0.0140938
0.0145569
0.0149593
0.0152377
0.0155401
0.0159858
0.0164742
0.0168544
0.0171718
0.0175812
0.0180856
0.0185378
0.0189226
0.0193704
0.0198892
0.0203695
0.0208078
0.0212926
0.0218078
0.022318
0.0228228
0.0233574
0.0239092
0.024465
0.0250296
0.0256002
0.0261807
0.0267662
0.0273759
0.0279905
0.028615
0.0292511
0.02992
0.0305792
0.0312639
0.0319575
0.0326808
0.033408
0.0341552
0.0349131
0.0356939
0.0364949
0.0373046
0.0381481
0.0389734
0.0398476
0.040713
0.0416177
0.0425315
0.0434531
0.0443962
0.0453398
0.0463223
0.0473147
0.0483106
0.0493543
0.0503817
0.051453
0.0525111
0.0536014
0.0545877
0.0552821
0.00468102
0.00482929
0.00597523
0.00744087
0.00831774
0.00818065
0.00756831
0.00747226
0.00811963
0.00861646
0.00822734
0.00740256
0.0070777
0.00750145
0.00806137
0.00807536
0.00773474
0.0078418
0.00844275
0.00880133
0.00877415
0.00890172
0.00926674
0.00957956
0.00985146
0.0101049
0.0102557
0.0104718
0.010851
0.0112151
0.0114792
0.0117337
0.0120364
0.0123952
0.0127785
0.0131349
0.0134397
0.013732
0.0141031
0.014565
0.0149747
0.0152524
0.0155452
0.0159885
0.0164847
0.0168704
0.0171817
0.0175846
0.0180936
0.0185501
0.0189293
0.0193727
0.0198952
0.0203766
0.0208115
0.0212956
0.0218135
0.0223251
0.0228287
0.0233622
0.0239134
0.0244683
0.0250324
0.0256036
0.026184
0.0267692
0.0273803
0.0279955
0.0286188
0.0292554
0.029925
0.0305837
0.0312683
0.0319619
0.0326859
0.0334128
0.0341595
0.0349173
0.0356978
0.0364985
0.037308
0.0381508
0.0389755
0.0398501
0.0407151
0.0416192
0.0425326
0.043454
0.0443969
0.0453415
0.0463239
0.0473161
0.0483117
0.0493566
0.0503842
0.0514562
0.0525172
0.0536084
0.0545975
0.0552921
0.00488584
0.00493369
0.00589908
0.00729909
0.00831151
0.00841646
0.00787712
0.0075838
0.00802801
0.008613
0.0084783
0.00770665
0.0071896
0.00745174
0.00807347
0.00827353
0.00793412
0.00784771
0.00840805
0.00891439
0.00890911
0.00892101
0.00928527
0.00966087
0.00990121
0.0101393
0.0103303
0.0105221
0.01086
0.0112462
0.0115311
0.0117661
0.0120512
0.0124158
0.0128063
0.0131552
0.0134523
0.0137454
0.0141142
0.014574
0.01499
0.0152689
0.0155518
0.0159906
0.0164948
0.0168872
0.0171926
0.0175878
0.0181011
0.0185631
0.0189368
0.0193747
0.0199009
0.0203846
0.0208159
0.0212986
0.0218191
0.0223323
0.0228347
0.0233671
0.0239177
0.0244718
0.0250354
0.0256071
0.0261875
0.0267723
0.0273849
0.0280006
0.0286228
0.0292597
0.0299303
0.0305885
0.0312728
0.0319666
0.0326911
0.0334176
0.0341638
0.0349215
0.0357018
0.0365023
0.0373115
0.0381535
0.0389777
0.0398526
0.0407173
0.0416209
0.0425338
0.043455
0.0443976
0.0453433
0.0463255
0.0473175
0.0483131
0.049359
0.050387
0.0514594
0.0525234
0.0536156
0.0546073
0.0553025
0.00507909
0.00508684
0.00587475
0.00717209
0.00825904
0.00857947
0.00818245
0.00777402
0.00798988
0.00855361
0.00864044
0.00801693
0.00737938
0.00743572
0.00803028
0.00840926
0.00817187
0.00792298
0.00834545
0.00896999
0.00907205
0.0089837
0.0092768
0.00972263
0.00997748
0.010173
0.0103901
0.0105873
0.0108756
0.0112665
0.0115844
0.0118059
0.012066
0.0124333
0.0128347
0.0131799
0.0134667
0.0137569
0.0141255
0.0145844
0.0150054
0.0152868
0.0155601
0.0159923
0.0165041
0.0169048
0.0172045
0.017591
0.0181081
0.0185766
0.0189453
0.0193767
0.0199063
0.0203933
0.0208212
0.0213016
0.0218246
0.0223396
0.0228407
0.0233721
0.0239224
0.0244756
0.0250386
0.0256108
0.0261913
0.0267757
0.0273896
0.0280058
0.0286269
0.0292641
0.0299356
0.0305934
0.0312775
0.0319713
0.0326966
0.0334227
0.0341683
0.0349259
0.0357059
0.0365061
0.0373151
0.0381564
0.0389799
0.0398551
0.0407195
0.0416227
0.0425351
0.0434561
0.0443983
0.0453452
0.0463272
0.047319
0.0483147
0.0493613
0.0503901
0.0514628
0.0525298
0.0536232
0.0546172
0.0553131
0.00523825
0.00527355
0.00590781
0.00706985
0.00817965
0.00867341
0.00845275
0.00801605
0.00802434
0.00848047
0.00871462
0.00828928
0.00762544
0.00748052
0.00796661
0.00846682
0.00840191
0.00807754
0.00829913
0.00895672
0.00922417
0.00910326
0.0092698
0.00974579
0.0100656
0.0102235
0.010433
0.0106574
0.0109058
0.0112765
0.0116341
0.0118558
0.0120816
0.0124466
0.0128634
0.0132083
0.013484
0.0137676
0.0141355
0.0145961
0.0150219
0.0153054
0.01557
0.0159939
0.0165127
0.0169235
0.0172176
0.017594
0.0181146
0.0185906
0.0189547
0.0193788
0.0199113
0.0204027
0.0208277
0.0213047
0.0218298
0.0223472
0.0228469
0.023377
0.0239273
0.0244799
0.025042
0.0256146
0.0261952
0.0267792
0.0273945
0.0280113
0.0286311
0.0292686
0.0299411
0.0305986
0.0312823
0.031976
0.0327023
0.0334278
0.0341728
0.0349303
0.0357101
0.0365101
0.0373189
0.0381593
0.0389822
0.0398578
0.0407217
0.0416247
0.0425364
0.0434573
0.044399
0.0453473
0.0463289
0.0473204
0.0483166
0.0493638
0.0503935
0.0514665
0.0525364
0.0536312
0.0546271
0.055324
0.00534846
0.00546846
0.00599877
0.00700602
0.00808954
0.00871022
0.00866846
0.00827656
0.00813037
0.00843115
0.0087255
0.00849636
0.00789327
0.00759449
0.00791938
0.00845947
0.00858207
0.0082855
0.00831
0.00889829
0.00932693
0.00926374
0.00929704
0.00973361
0.010141
0.0102995
0.0104686
0.010719
0.0109537
0.0112827
0.0116728
0.0119172
0.0121026
0.0124524
0.0128913
0.0132411
0.0135042
0.0137789
0.014144
0.0146074
0.0150404
0.0153257
0.0155806
0.0159953
0.0165205
0.0169431
0.0172324
0.0175968
0.0181202
0.0186054
0.0189654
0.0193808
0.0199158
0.0204124
0.020835
0.0213081
0.0218348
0.0223547
0.0228534
0.0233821
0.0239322
0.0244844
0.0250456
0.0256186
0.0261994
0.0267829
0.0273995
0.028017
0.0286354
0.029273
0.0299468
0.0306041
0.0312872
0.0319808
0.0327082
0.0334331
0.0341774
0.0349349
0.0357145
0.0365141
0.0373228
0.0381624
0.0389846
0.0398605
0.0407239
0.0416268
0.0425378
0.0434587
0.0443998
0.0453495
0.0463309
0.0473217
0.0483188
0.0493662
0.0503971
0.0514704
0.0525432
0.0536394
0.0546369
0.055335
0.00540952
0.00564552
0.00613485
0.00699433
0.00800673
0.00870537
0.00882306
0.0085235
0.0082898
0.00842777
0.00870376
0.00863227
0.00814722
0.00776554
0.00791806
0.00841816
0.00869251
0.00850502
0.00839473
0.00883609
0.00936258
0.00942972
0.00937923
0.00971159
0.0101833
0.0103942
0.0105146
0.0107654
0.0110138
0.011295
0.0116943
0.0119849
0.0121374
0.01245
0.0129135
0.0132804
0.0135282
0.0137903
0.0141517
0.0146169
0.0150601
0.0153492
0.0155923
0.0159961
0.0165276
0.0169632
0.0172491
0.0175994
0.0181243
0.0186208
0.0189779
0.0193831
0.0199198
0.0204227
0.0208432
0.0213117
0.0218397
0.0223623
0.0228601
0.0233874
0.0239373
0.0244892
0.0250495
0.0256227
0.0262038
0.0267866
0.0274047
0.0280229
0.0286399
0.0292774
0.0299526
0.03061
0.0312924
0.0319857
0.0327142
0.0334385
0.0341821
0.0349397
0.0357189
0.0365183
0.0373268
0.0381656
0.038987
0.0398634
0.0407263
0.0416292
0.0425391
0.0434601
0.0444008
0.0453517
0.0463329
0.047323
0.0483214
0.0493688
0.0504009
0.0514746
0.05255
0.053648
0.0546469
0.055346
0.00543176
0.00578887
0.00629235
0.00703835
0.00795094
0.0086781
0.00892337
0.00873569
0.00847763
0.00847699
0.00867892
0.00870672
0.00835959
0.00796573
0.00797277
0.0083768
0.00873993
0.00869785
0.00853837
0.00880936
0.00934391
0.0095614
0.0095073
0.00970894
0.0101862
0.0104855
0.0105833
0.0108012
0.0110749
0.0113227
0.0117002
0.0120471
0.0121928
0.0124454
0.0129218
0.0133256
0.0135605
0.0138013
0.0141585
0.0146248
0.0150793
0.0153763
0.015606
0.0159955
0.0165337
0.0169845
0.0172682
0.0176025
0.0181263
0.0186362
0.0189922
0.0193854
0.0199229
0.0204334
0.0208523
0.0213155
0.0218449
0.02237
0.022867
0.0233928
0.0239425
0.0244941
0.0250536
0.0256272
0.0262085
0.0267903
0.0274099
0.0280292
0.0286447
0.0292817
0.0299584
0.030616
0.0312977
0.0319907
0.0327204
0.0334442
0.0341869
0.0349446
0.0357235
0.0365226
0.0373309
0.038169
0.0389894
0.0398664
0.0407286
0.0416317
0.0425406
0.0434615
0.044402
0.0453539
0.0463352
0.0473243
0.0483243
0.0493715
0.0504048
0.0514794
0.0525569
0.0536587
0.0546571
0.0553572
0.00542576
0.00589511
0.0064472
0.00712515
0.00793361
0.00864626
0.00898213
0.00890417
0.00866825
0.00857307
0.00867562
0.00874012
0.00851892
0.00816456
0.00807261
0.00835998
0.0087447
0.00884191
0.00871018
0.0088408
0.00930682
0.00963882
0.0096544
0.00974979
0.0101671
0.0105515
0.0106728
0.0108394
0.0111266
0.0113677
0.011701
0.012092
0.0122675
0.0124517
0.0129107
0.0133677
0.0136062
0.0138142
0.0141622
0.0146319
0.0150976
0.0154063
0.0156238
0.0159932
0.0165369
0.0170066
0.0172899
0.0176064
0.0181264
0.0186513
0.0190092
0.0193886
0.019925
0.0204445
0.0208622
0.0213191
0.0218499
0.0223781
0.0228739
0.0233983
0.0239482
0.0244993
0.0250577
0.025632
0.0262137
0.0267942
0.027415
0.0280356
0.0286497
0.029286
0.0299643
0.0306225
0.0313031
0.0319955
0.0327267
0.0334498
0.0341917
0.0349497
0.0357282
0.0365271
0.037335
0.0381725
0.0389919
0.0398695
0.040731
0.0416343
0.0425421
0.043463
0.0444034
0.045356
0.0463377
0.0473255
0.0483274
0.0493744
0.0504087
0.0514845
0.0525638
0.0536677
0.0546673
0.0553684
0.00539817
0.00596847
0.00658492
0.00723525
0.00795409
0.00862238
0.00901139
0.00902841
0.00884016
0.00869859
0.00870901
0.00875934
0.00863223
0.00834406
0.00819932
0.00837777
0.00873093
0.00893149
0.00887696
0.00892333
0.00928518
0.00966668
0.00978676
0.00983598
0.0101525
0.010582
0.0107679
0.0108921
0.0111662
0.0114212
0.011708
0.0121131
0.0123487
0.0124832
0.0128863
0.0133943
0.0136657
0.0138368
0.0141602
0.0146355
0.0151154
0.015438
0.0156468
0.0159916
0.016536
0.0170292
0.0173155
0.017611
0.018124
0.0186651
0.0190281
0.0193932
0.0199261
0.0204556
0.0208734
0.0213229
0.0218547
0.0223867
0.0228811
0.0234052
0.023954
0.0245049
0.0250618
0.0256368
0.0262192
0.0267982
0.0274202
0.0280423
0.0286551
0.0292902
0.0299701
0.0306293
0.0313087
0.0320005
0.0327333
0.0334555
0.0341966
0.0349548
0.0357328
0.0365317
0.0373393
0.0381762
0.0389945
0.0398727
0.0407334
0.0416371
0.0425437
0.0434643
0.0444052
0.045358
0.0463404
0.0473268
0.0483307
0.0493777
0.0504125
0.0514902
0.0525709
0.0536767
0.0546777
0.0553797
0.00535356
0.00601387
0.00670229
0.00735586
0.00800783
0.00861667
0.00902376
0.00911462
0.00898044
0.00882838
0.00877397
0.00878339
0.00871057
0.00849556
0.00833539
0.0084282
0.00872107
0.00897689
0.00901566
0.00903491
0.00929798
0.00966889
0.00988066
0.00994768
0.0101653
0.0105845
0.010851
0.0109646
0.0112032
0.0114756
0.01173
0.0121156
0.012418
0.0125431
0.0128647
0.0133948
0.0137295
0.0138788
0.014157
0.0146314
0.0151329
0.0154715
0.0156739
0.0159919
0.0165301
0.0170497
0.0173463
0.0176182
0.0181187
0.0186775
0.0190493
0.0193996
0.0199264
0.020466
0.0208857
0.0213271
0.0218587
0.0223954
0.0228892
0.0234103
0.0239595
0.0245109
0.0250661
0.0256418
0.0262253
0.0268025
0.0274252
0.0280489
0.0286608
0.0292945
0.0299762
0.0306364
0.0313144
0.0320055
0.0327401
0.0334616
0.0342016
0.0349602
0.0357375
0.0365364
0.0373434
0.0381799
0.038997
0.0398761
0.0407361
0.04164
0.0425456
0.0434657
0.0444074
0.04536
0.0463432
0.0473283
0.0483341
0.0493812
0.0504163
0.0514962
0.0525782
0.0536857
0.0546883
0.055391
0.00529888
0.0060326
0.00679604
0.00747727
0.00808879
0.00863733
0.00903371
0.00917413
0.00909006
0.00894509
0.00885443
0.00882019
0.00876622
0.00861592
0.00846812
0.00850256
0.00872959
0.00899721
0.00911903
0.009155
0.00934612
0.00967422
0.00993715
0.0100592
0.0102135
0.0105766
0.0109072
0.011047
0.011245
0.0115245
0.0117676
0.0121141
0.0124642
0.0126214
0.0128635
0.0133704
0.0137792
0.0139418
0.0141625
0.0146158
0.0151455
0.0155095
0.0157063
0.0159951
0.0165206
0.0170657
0.0173816
0.0176301
0.01811
0.018687
0.0190725
0.019408
0.019926
0.020476
0.020899
0.0213321
0.0218622
0.0224039
0.0228984
0.0234159
0.0239644
0.0245171
0.0250709
0.0256467
0.0262316
0.0268072
0.0274304
0.0280558
0.0286666
0.0292986
0.0299824
0.0306439
0.0313201
0.0320104
0.0327468
0.0334676
0.0342065
0.0349659
0.0357424
0.0365416
0.0373479
0.038184
0.0389996
0.0398793
0.0407387
0.0416428
0.0425476
0.0434668
0.0444099
0.045362
0.046346
0.0473301
0.0483376
0.0493852
0.05042
0.0515025
0.0525858
0.0536947
0.054699
0.0554025
0.00525024
0.0060308
0.00686177
0.00758717
0.00818572
0.00868419
0.00905146
0.00921656
0.0091759
0.00904343
0.00893599
0.0088692
0.00881168
0.00870767
0.00858811
0.00858987
0.0087578
0.00900816
0.00918707
0.00926375
0.00941463
0.00969471
0.00997034
0.0101493
0.0102881
0.0105786
0.010936
0.0111267
0.0112962
0.0115666
0.0118131
0.0121188
0.0124873
0.0127011
0.0128943
0.01334
0.0138024
0.0140157
0.0141891
0.0145925
0.0151442
0.0155503
0.0157466
0.0160007
0.0165076
0.0170765
0.0174194
0.0176488
0.0180996
0.0186918
0.0190981
0.0194192
0.0199245
0.0204853
0.0209135
0.0213375
0.0218651
0.0224119
0.0229085
0.0234224
0.023969
0.024523
0.025076
0.0256519
0.0262383
0.0268119
0.0274355
0.0280628
0.0286728
0.0293026
0.0299886
0.0306518
0.0313257
0.0320153
0.0327538
0.033474
0.0342115
0.0349715
0.0357469
0.0365466
0.0373521
0.038188
0.0390026
0.0398828
0.0407419
0.0416456
0.04255
0.0434679
0.0444127
0.045364
0.0463487
0.0473322
0.0483409
0.0493895
0.0504238
0.0515091
0.0525938
0.0537035
0.0547095
0.0554139
0.00522121
0.00602058
0.00690096
0.00767278
0.00828262
0.00874896
0.00908104
0.00924746
0.0092395
0.00912209
0.0090062
0.00892097
0.00885197
0.00877446
0.00868641
0.00867815
0.00880293
0.00902376
0.00923213
0.00935509
0.0094935
0.00973355
0.00999938
0.0102142
0.0103707
0.0106024
0.0109471
0.0111935
0.0113575
0.011607
0.011861
0.0121342
0.0124931
0.0127647
0.0129496
0.0133216
0.013798
0.0140827
0.0142427
0.0145763
0.0151243
0.0155869
0.0157998
0.0160116
0.0164893
0.0170812
0.0174588
0.0176749
0.0180892
0.0186908
0.0191244
0.0194341
0.0199217
0.0204933
0.0209294
0.021344
0.0218675
0.0224193
0.0229192
0.0234299
0.0239737
0.0245287
0.0250809
0.0256573
0.0262454
0.0268169
0.0274405
0.0280699
0.0286791
0.0293065
0.0299952
0.0306606
0.0313315
0.0320201
0.0327606
0.0334804
0.0342166
0.0349775
0.0357517
0.0365519
0.0373565
0.0381919
0.0390055
0.0398857
0.0407453
0.0416484
0.0425525
0.0434691
0.0444158
0.0453663
0.0463513
0.0473349
0.0483442
0.0493941
0.0504277
0.0515157
0.0526021
0.0537124
0.0547202
0.0554254
0.0052157
0.00601469
0.00692506
0.00773401
0.00836817
0.00882329
0.00912625
0.00927817
0.00928642
0.00918548
0.00906363
0.00896879
0.00889021
0.00882438
0.00876185
0.00875682
0.00885651
0.00904684
0.00926323
0.00942522
0.00957163
0.00978521
0.0100344
0.010264
0.0104466
0.0106475
0.010954
0.011239
0.0114216
0.0116483
0.0119076
0.0121622
0.0124947
0.0128078
0.0130152
0.0133269
0.0137793
0.0141258
0.0143109
0.014581
0.0150899
0.0156062
0.0158655
0.0160366
0.0164647
0.0170763
0.0174997
0.0177085
0.0180802
0.0186842
0.0191505
0.0194536
0.0199183
0.0204988
0.020947
0.021352
0.0218689
0.0224257
0.0229303
0.023438
0.0239788
0.0245345
0.0250857
0.0256628
0.026253
0.0268221
0.0274452
0.0280772
0.0286858
0.02931
0.0300012
0.0306695
0.0313372
0.0320251
0.0327677
0.0334874
0.0342219
0.0349836
0.0357566
0.0365573
0.0373613
0.0381961
0.039009
0.0398888
0.0407488
0.041651
0.0425549
0.0434703
0.0444188
0.0453686
0.0463537
0.0473381
0.0483476
0.0493987
0.0504319
0.0515224
0.0526109
0.0537212
0.0547306
0.0554369
0.00523361
0.00602105
0.00694468
0.00777668
0.00843425
0.00889393
0.00917878
0.00931183
0.00931966
0.00923245
0.00910785
0.00900635
0.00892426
0.008863
0.00881893
0.00882054
0.00890934
0.00907577
0.00928698
0.00947617
0.00963936
0.00984072
0.0100737
0.0103064
0.01051
0.0107048
0.0109709
0.0112671
0.0114818
0.0116932
0.0119497
0.012198
0.0124987
0.0128318
0.0130766
0.0133549
0.0137648
0.0141448
0.0143768
0.0146134
0.0150572
0.0155978
0.0159311
0.0160845
0.016439
0.0170556
0.017541
0.0177521
0.0180733
0.018672
0.019175
0.0194777
0.0199152
0.0205012
0.0209659
0.0213626
0.0218696
0.0224311
0.0229417
0.0234464
0.023984
0.0245405
0.0250903
0.0256681
0.0262614
0.0268281
0.0274494
0.0280846
0.0286929
0.0293136
0.0300075
0.0306793
0.0313429
0.0320297
0.0327741
0.0334939
0.0342271
0.0349895
0.0357614
0.0365623
0.0373659
0.0381998
0.0390127
0.0398919
0.040753
0.0416541
0.0425576
0.0434721
0.0444221
0.0453713
0.0463559
0.0473416
0.048351
0.0494032
0.0504362
0.051529
0.0526199
0.05373
0.0547408
0.0554483
0.00527114
0.00604003
0.00696415
0.00780677
0.00847866
0.0089487
0.00922639
0.00934438
0.00934242
0.00926107
0.00913789
0.00903049
0.00894885
0.0088905
0.00886047
0.00886961
0.00895473
0.00910891
0.00931026
0.00951608
0.00969598
0.00989454
0.0101149
0.0103445
0.0105607
0.0107601
0.0109983
0.0112841
0.0115302
0.0117429
0.0119899
0.0122396
0.0125137
0.0128459
0.0131267
0.0133949
0.013763
0.0141497
0.0144261
0.0146636
0.0150446
0.0155676
0.0159787
0.016157
0.0164258
0.0170133
0.0175743
0.0178092
0.0180709
0.0186523
0.0191973
0.0195066
0.0199128
0.0204994
0.0209849
0.0213763
0.0218701
0.0224347
0.0229535
0.0234555
0.0239893
0.0245472
0.0250948
0.0256726
0.0262699
0.0268347
0.0274531
0.0280921
0.0287009
0.029317
0.0300132
0.030689
0.0313489
0.0320348
0.032781
0.0335008
0.0342329
0.0349954
0.0357667
0.0365676
0.0373709
0.0382035
0.0390163
0.0398946
0.0407565
0.0416568
0.0425599
0.043474
0.0444253
0.0453742
0.0463581
0.0473457
0.0483548
0.0494078
0.0504412
0.0515357
0.0526292
0.0537389
0.0547509
0.0554596
0.00532645
0.00607154
0.00698668
0.00783031
0.00850531
0.00898125
0.00925785
0.00936647
0.00935327
0.0092695
0.00914993
0.00903904
0.00895944
0.00890671
0.00888818
0.00890733
0.00899069
0.00914132
0.00933453
0.00954862
0.00974368
0.00994349
0.0101584
0.0103827
0.0106049
0.01081
0.0110322
0.0112983
0.0115604
0.0117878
0.0120256
0.0122772
0.0125379
0.0128567
0.0131643
0.0134398
0.0137755
0.0141532
0.0144588
0.0147149
0.0150577
0.0155347
0.0159954
0.01624
0.0164437
0.0169563
0.017586
0.0178804
0.0180803
0.018623
0.0192149
0.019542
0.019912
0.0204931
0.0210032
0.0213938
0.0218713
0.0224363
0.0229646
0.0234651
0.0239942
0.0245545
0.0250999
0.0256766
0.0262789
0.0268424
0.0274561
0.0280991
0.0287089
0.0293202
0.0300188
0.0306988
0.031355
0.0320397
0.0327875
0.0335075
0.0342387
0.0350012
0.035772
0.0365726
0.0373757
0.0382073
0.0390206
0.0398979
0.0407606
0.0416599
0.042562
0.043476
0.0444282
0.0453768
0.0463599
0.0473494
0.0483583
0.0494118
0.0504459
0.0515422
0.0526387
0.0537474
0.0547604
0.0554705
0.00540106
0.00611834
0.00701514
0.00785128
0.00852074
0.0089929
0.00926594
0.0093669
0.00934357
0.00925299
0.00913627
0.00902713
0.00895156
0.00890927
0.00890283
0.00893537
0.00902134
0.00917142
0.00936068
0.00957619
0.0097835
0.00998494
0.010198
0.0104182
0.0106412
0.0108524
0.0110664
0.0113166
0.011581
0.0118252
0.0120616
0.0123105
0.0125679
0.0128688
0.0131868
0.0134796
0.0137958
0.0141584
0.0144817
0.0147572
0.0150849
0.0155167
0.0159849
0.0163097
0.0164988
0.016905
0.0175642
0.0179566
0.018114
0.0185868
0.0192222
0.0195852
0.0199154
0.0204816
0.0210196
0.0214157
0.021875
0.0224361
0.0229761
0.0234757
0.0239988
0.0245622
0.0251056
0.0256794
0.0262875
0.026851
0.0274587
0.0281053
0.0287184
0.0293253
0.0300246
0.0307088
0.0313618
0.0320453
0.0327943
0.0335142
0.0342451
0.0350072
0.035778
0.0365782
0.0373807
0.0382112
0.0390249
0.0399012
0.0407645
0.0416636
0.0425648
0.0434793
0.044432
0.0453804
0.0463628
0.0473543
0.048363
0.0494164
0.0504514
0.051549
0.0526487
0.0537569
0.0547699
0.0554813
0.00549502
0.00618153
0.00704938
0.00786651
0.00852215
0.00898213
0.00924381
0.00933407
0.00930021
0.00920163
0.00908635
0.00898398
0.00891607
0.00888829
0.00889984
0.00895167
0.00904933
0.00920139
0.0093903
0.0096033
0.00981771
0.0100237
0.0102359
0.0104551
0.0106738
0.0108881
0.0110981
0.0113359
0.0115969
0.0118513
0.0120955
0.0123437
0.012602
0.01289
0.0132033
0.0135127
0.0138222
0.0141658
0.0144995
0.0147902
0.0151117
0.015515
0.0159632
0.0163457
0.0165732
0.0168782
0.0175046
0.0180127
0.0181761
0.0185506
0.0192085
0.0196324
0.019926
0.0204632
0.0210303
0.0214403
0.0218813
0.0224336
0.022984
0.0234866
0.0240036
0.0245701
0.0251126
0.0256818
0.0262955
0.0268604
0.027461
0.0281113
0.0287275
0.029328
0.030029
0.0307169
0.031368
0.0320504
0.0328003
0.03352
0.0342509
0.0350122
0.0357831
0.0365828
0.0373846
0.0382147
0.0390289
0.0399043
0.0407676
0.0416661
0.042566
0.0434812
0.0444345
0.0453823
0.0463645
0.0473579
0.0483665
0.0494196
0.0504562
0.0515552
0.0526585
0.0537643
0.0547785
0.0554914
0.00561277
0.00626411
0.00709173
0.00787357
0.00850004
0.00893583
0.00917587
0.00924991
0.00920585
0.00910214
0.00899074
0.00890028
0.00884785
0.0088408
0.00887916
0.00895788
0.00907504
0.00923218
0.00942003
0.00962806
0.00984192
0.0100555
0.0102701
0.0104904
0.0107042
0.0109176
0.0111282
0.0113556
0.0116121
0.0118707
0.0121244
0.0123781
0.0126371
0.0129184
0.0132205
0.0135385
0.0138541
0.0141822
0.0145199
0.0148242
0.0151388
0.0155293
0.0159546
0.0163584
0.0166525
0.0169022
0.0174366
0.0180354
0.0182684
0.0185391
0.0191745
0.0196796
0.0199539
0.0204429
0.0210353
0.0214695
0.0218934
0.0224314
0.0229901
0.0234974
0.0240087
0.0245777
0.0251204
0.025684
0.0263026
0.0268706
0.0274637
0.0281159
0.0287384
0.0293352
0.0300347
0.0307259
0.031376
0.0320573
0.0328068
0.0335268
0.0342579
0.0350187
0.0357902
0.0365891
0.0373894
0.0382191
0.0390338
0.0399086
0.040772
0.0416707
0.0425695
0.0434855
0.0444389
0.0453859
0.046368
0.0473632
0.0483715
0.0494241
0.0504619
0.0515613
0.0526707
0.0537751
0.0547875
0.0555013
0.00578482
0.00639767
0.00716848
0.00788727
0.00845503
0.00884183
0.0090433
0.00908957
0.00903156
0.0089265
0.00882587
0.00875531
0.00872958
0.0087547
0.00883028
0.00894529
0.00908797
0.0092538
0.0094386
0.0096401
0.00984743
0.0100653
0.0102854
0.0105074
0.0107204
0.0109313
0.0111459
0.0113681
0.0116196
0.0118823
0.0121427
0.0124071
0.0126674
0.0129432
0.0132352
0.013549
0.0138744
0.0141954
0.0145306
0.0148494
0.0151564
0.0155375
0.015952
0.0163484
0.0166993
0.0169553
0.0173767
0.0180008
0.0183556
0.01856
0.0191188
0.0197037
0.0199958
0.0204217
0.021025
0.0214979
0.0219092
0.0224275
0.0229928
0.0235066
0.0240138
0.0245861
0.0251291
0.025686
0.0263088
0.0268802
0.0274661
0.02812
0.0287478
0.0293397
0.0300382
0.0307319
0.0313835
0.0320636
0.0328118
0.0335323
0.0342634
0.0350232
0.0357954
0.0365935
0.037392
0.0382227
0.0390377
0.0399114
0.0407741
0.0416725
0.0425705
0.0434875
0.0444416
0.0453877
0.0463705
0.0473671
0.0483751
0.0494272
0.0504666
0.0515661
0.0526542
0.0537744
0.054795
0.0555105
0.00604022
0.00662714
0.00733204
0.00796239
0.0084432
0.00875358
0.00889485
0.0089005
0.00882778
0.00873278
0.00865909
0.00862405
0.00863891
0.00870246
0.00880969
0.00895217
0.00911194
0.00928305
0.00946203
0.00965517
0.00985525
0.01007
0.0102943
0.0105174
0.010735
0.010947
0.0111652
0.011388
0.0116312
0.0118974
0.0121614
0.0124348
0.0127009
0.0129722
0.0132611
0.0135661
0.0138954
0.0142198
0.014549
0.014879
0.015185
0.0155496
0.0159622
0.0163457
0.016721
0.0170261
0.0173671
0.0179379
0.0184178
0.0186289
0.0190744
0.0197008
0.0200542
0.0204189
0.0210039
0.0215252
0.0219338
0.0224258
0.0229952
0.0235142
0.0240176
0.0245942
0.0251392
0.0256878
0.0263144
0.0268909
0.0274692
0.0281234
0.0287588
0.0293477
0.0300421
0.030738
0.0313923
0.0320707
0.0328159
0.0335387
0.0342705
0.0350294
0.0358028
0.0365997
0.0373956
0.0382272
0.0390433
0.0399159
0.0407786
0.0416771
0.0425743
0.0434914
0.0444453
0.0453904
0.0463736
0.0473721
0.0483796
0.0494313
0.0504719
0.0515719
0.0526657
0.0537833
0.0548031
0.0555194
0.00605183
0.0064895
0.00703237
0.00751628
0.00789678
0.00816147
0.00831122
0.00837645
0.00840044
0.00841575
0.00844636
0.0085009
0.00858448
0.00869309
0.00882267
0.00897397
0.00913397
0.0093008
0.00947243
0.00965556
0.00984948
0.010056
0.0102777
0.0105032
0.0107297
0.0109524
0.0111747
0.0114033
0.0116422
0.011909
0.0121767
0.0124531
0.0127256
0.0129924
0.0132798
0.0135779
0.0139016
0.0142345
0.0145618
0.0148972
0.015212
0.0155588
0.0159666
0.0163499
0.0167247
0.0170814
0.0173987
0.0178762
0.0184255
0.0187133
0.0190575
0.019663
0.0201017
0.0204357
0.0209718
0.0215385
0.0219632
0.0224256
0.0229947
0.023522
0.0240204
0.0246011
0.0251514
0.0256904
0.0263169
0.0269009
0.0274719
0.0281229
0.0287686
0.0293568
0.0300442
0.0307433
0.0314042
0.0320799
0.0328195
0.0335451
0.0342777
0.0350343
0.0358089
0.0366046
0.0373983
0.0382314
0.0390481
0.0399188
0.0407805
0.041679
0.0425765
0.0434949
0.0444492
0.0453935
0.0463776
0.047377
0.0483836
0.0494348
0.0504769
0.0515782
0.0526737
0.0537898
0.0548102
0.0555275
0.00792466
0.00768737
0.00736128
0.00711436
0.00699245
0.00700965
0.0071604
0.00739523
0.00766313
0.00792422
0.00816426
0.00837648
0.0085606
0.00872022
0.00886414
0.009008
0.00915589
0.00931387
0.00947986
0.00965652
0.00984547
0.010044
0.0102558
0.010482
0.0107168
0.0109524
0.0111785
0.0114104
0.0116499
0.0119136
0.0121873
0.0124652
0.0127457
0.0130152
0.0132993
0.0135962
0.0139084
0.014246
0.0145775
0.014911
0.0152378
0.0155709
0.0159614
0.0163505
0.0167198
0.0171051
0.0174398
0.0178378
0.0183886
0.0187802
0.0190829
0.0196153
0.0201265
0.0204759
0.0209471
0.021536
0.0219959
0.0224327
0.0229916
0.0235295
0.0240229
0.0246038
0.0251644
0.0256958
0.0263178
0.0269114
0.0274784
0.028123
0.028779
0.0293683
0.0300432
0.0307429
0.0314147
0.0320866
0.0328181
0.033549
0.0342846
0.0350392
0.0358147
0.0366083
0.0373997
0.0382351
0.0390528
0.039922
0.0407839
0.0416824
0.0425793
0.0434975
0.044451
0.0453945
0.0463797
0.0473808
0.0483869
0.0494378
0.0504817
0.0515841
0.052682
0.0537971
0.0548178
0.0555355
0.00753135
0.00714234
0.00668538
0.00634771
0.00619756
0.00624634
0.00647125
0.00680738
0.00718986
0.00756134
0.00789764
0.00819286
0.00844221
0.00865184
0.00882845
0.00899128
0.00914916
0.00931374
0.00948244
0.00965835
0.009845
0.0100398
0.0102453
0.0104681
0.0107066
0.0109476
0.0111805
0.011416
0.0116603
0.0119212
0.0121969
0.0124785
0.0127609
0.0130385
0.0133168
0.0136137
0.0139197
0.0142554
0.0145982
0.0149279
0.0152662
0.015596
0.0159638
0.0163586
0.0167323
0.017129
0.0174921
0.017848
0.0183527
0.0188168
0.0191388
0.019585
0.0201214
0.0205229
0.0209399
0.0215168
0.0220216
0.0224488
0.0229857
0.0235365
0.0240279
0.0246018
0.0251774
0.0257045
0.0263143
0.0269189
0.0274847
0.0281201
0.0287883
0.0293855
0.0300449
0.0307445
0.0314327
0.0321015
0.0328201
0.0335552
0.034295
0.0350468
0.0358225
0.0366133
0.0374031
0.0382415
0.039059
0.0399249
0.040786
0.0416854
0.0425828
0.0435022
0.0444561
0.045399
0.0463851
0.0473865
0.0483915
0.0494419
0.0504869
0.0515906
0.0526881
0.0538035
0.0548244
0.0555423
0.00832439
0.0080018
0.00754145
0.00712794
0.0068438
0.00670517
0.00671295
0.0068434
0.00706009
0.00732626
0.00760953
0.00789615
0.00816854
0.0084251
0.0086573
0.00887411
0.00907814
0.00927646
0.00946965
0.00965856
0.00985242
0.0100481
0.0102519
0.0104648
0.0106927
0.0109258
0.0111592
0.0114018
0.0116509
0.0119151
0.012191
0.0124801
0.0127646
0.0130494
0.0133275
0.0136201
0.0139294
0.0142561
0.0146059
0.0149349
0.0152741
0.015611
0.0159542
0.0163469
0.0167307
0.0171256
0.0175113
0.0178606
0.0183145
0.0188064
0.0191825
0.0195796
0.0200947
0.020557
0.0209567
0.0214895
0.0220337
0.0224752
0.0229788
0.0235407
0.0240366
0.0245927
0.0251886
0.0257189
0.026309
0.0269281
0.0274954
0.0281127
0.0287959
0.0294025
0.0300395
0.0307361
0.0314445
0.0321104
0.0328149
0.0335541
0.0343007
0.035052
0.0358271
0.0366136
0.0374023
0.0382452
0.0390634
0.0399268
0.0407879
0.0416882
0.0425851
0.0435037
0.0444566
0.0453991
0.0463864
0.0473892
0.0483934
0.049444
0.0504907
0.0515954
0.052694
0.0538091
0.0548307
0.055549
0.00617275
0.00637584
0.0066801
0.00693723
0.00710503
0.0071854
0.00721116
0.00723113
0.00727848
0.00737792
0.0075307
0.00773903
0.00798614
0.00825484
0.008522
0.00877745
0.00901891
0.00924438
0.00946179
0.00966659
0.0098706
0.0100729
0.0102759
0.0104794
0.0106884
0.0109118
0.0111448
0.0113981
0.0116539
0.0119216
0.0121985
0.0124871
0.0127739
0.013057
0.0133403
0.0136297
0.0139444
0.0142712
0.0146154
0.0149535
0.0152873
0.0156329
0.0159679
0.0163461
0.0167482
0.0171356
0.0175322
0.0178975
0.0183115
0.0187958
0.0192117
0.019601
0.0200744
0.0205645
0.0209903
0.021468
0.0220236
0.0225088
0.0229737
0.0235393
0.0240547
0.0245798
0.0251917
0.02574
0.0262993
0.0269304
0.0275119
0.0281023
0.0287994
0.029431
0.0300422
0.0307307
0.0314651
0.0321302
0.0328176
0.0335586
0.0343103
0.0350614
0.0358368
0.0366179
0.0374042
0.0382518
0.0390697
0.0399291
0.0407891
0.0416911
0.0425888
0.0435086
0.0444619
0.0454039
0.0463925
0.0473949
0.0483982
0.049448
0.0504953
0.0516013
0.0526988
0.0538144
0.0548359
0.0555546
0.00837319
0.00791222
0.00728951
0.00672282
0.0063134
0.0060929
0.00605614
0.00618274
0.00642935
0.00675546
0.00711745
0.00748434
0.00783563
0.00816051
0.00845984
0.00873169
0.00898433
0.00921859
0.00944256
0.00965472
0.0098606
0.0100653
0.0102645
0.010463
0.0106598
0.0108778
0.0111174
0.0113806
0.0116472
0.0119175
0.0121993
0.0124856
0.0127732
0.0130556
0.0133412
0.0136348
0.0139473
0.0142805
0.0146153
0.0149574
0.0152928
0.0156338
0.0159761
0.0163366
0.016748
0.0171359
0.0175242
0.0179163
0.018313
0.0187793
0.0192177
0.0196197
0.0200735
0.0205551
0.02102
0.0214722
0.0219987
0.0225352
0.0229824
0.0235268
0.0240838
0.0245747
0.0251824
0.0257636
0.0262911
0.0269233
0.0275319
0.0280967
0.02879
0.0294519
0.0300461
0.0307137
0.0314708
0.0321427
0.0328141
0.0335558
0.0343136
0.0350644
0.0358418
0.0366197
0.0374024
0.0382541
0.0390741
0.0399313
0.0407905
0.0416932
0.0425905
0.0435097
0.0444626
0.0454039
0.0463931
0.0473966
0.0483994
0.0494491
0.0504976
0.0516044
0.0527022
0.0538178
0.0548403
0.0555593
0.00755856
0.00699834
0.00632605
0.00576289
0.00540084
0.00526704
0.00535189
0.00561721
0.00600449
0.00645565
0.00692049
0.0073643
0.00777106
0.00813217
0.00845074
0.00872905
0.00897847
0.00920816
0.00942693
0.0096393
0.00984586
0.0100509
0.0102485
0.010445
0.0106393
0.0108539
0.0110994
0.0113686
0.0116421
0.0119147
0.0121963
0.0124809
0.0127654
0.0130487
0.0133334
0.0136319
0.0139434
0.0142782
0.0146133
0.0149533
0.0152947
0.0156314
0.0159796
0.0163394
0.0167483
0.0171448
0.0175248
0.0179258
0.0183245
0.0187752
0.0192179
0.0196263
0.0200782
0.0205467
0.0210232
0.0214861
0.021984
0.0225403
0.0230031
0.0235186
0.0240895
0.024586
0.0251663
0.0257724
0.0263008
0.0269151
0.0275418
0.0281062
0.028786
0.0294647
0.0300644
0.0307163
0.0314787
0.0321606
0.0328241
0.0335611
0.0343217
0.0350715
0.0358487
0.0366263
0.0374059
0.0382575
0.0390781
0.0399339
0.0407919
0.0416957
0.0425939
0.0435141
0.0444683
0.0454093
0.0463989
0.0474018
0.0484043
0.049453
0.0505009
0.0516089
0.0527051
0.0538219
0.0548434
0.0555676
)
;

boundaryField
{
    zeroGradientPlanes
    {
        type            zeroGradient;
    }
    inlet
    {
        type            zeroGradient;
    }
    plate
    {
        type            zeroGradient;
    }
    frontAndBack
    {
        type            empty;
    }
}


// ************************************************************************* //
