/*--------------------------------*- C++ -*----------------------------------*\
| =========                 |                                                 |
| \\      /  F ield         | OpenFOAM: The Open Source CFD Toolbox           |
|  \\    /   O peration     | Version:  v1812                                 |
|   \\  /    A nd           | Web:      www.OpenFOAM.com                      |
|    \\/     M anipulation  |                                                 |
\*---------------------------------------------------------------------------*/
FoamFile
{
    version     2.0;
    format      ascii;
    class       volScalarField;
    location    "4.6";
    object      p;
}
// * * * * * * * * * * * * * * * * * * * * * * * * * * * * * * * * * * * * * //

dimensions      [0 2 -2 0 0 0 0];


internalField   nonuniform List<scalar> 
9600
(
-2.95987e-10
-0.000522288
-0.000164127
0.00211641
0.00201817
0.00024406
0.00133462
0.0059314
0.00505455
0.00720072
0.00650909
0.00858226
0.00961183
0.0106204
0.0105904
0.0122044
0.0145605
0.0168351
0.0182106
0.0228041
-2.16639e-06
-0.000533812
-0.000155424
0.00214939
0.00198339
0.000219448
0.00133828
0.00593234
0.00506747
0.00719675
0.00650317
0.0085919
0.00961588
0.0106227
0.0105882
0.012197
0.0145598
0.0167722
0.018254
0.0223659
-4.64762e-06
-0.000544764
-0.000145701
0.00217731
0.00192294
0.000206528
0.00135114
0.00594393
0.0050808
0.00717314
0.0065051
0.0085993
0.0096206
0.0106199
0.0105835
0.0121863
0.0145547
0.0167111
0.0182554
0.0218942
-6.19952e-06
-0.000551086
-0.000131933
0.00219139
0.00186073
0.000228934
0.00137269
0.00596513
0.00510577
0.00713223
0.00651813
0.00859838
0.00962479
0.010611
0.0105763
0.0121735
0.0145466
0.016646
0.0182252
0.0214435
-6.71133e-06
-0.000549946
-0.00011212
0.00219021
0.00180743
0.00028525
0.00140543
0.00599594
0.00514738
0.00707786
0.0065418
0.0085909
0.00962833
0.0105963
0.0105668
0.0121563
0.0145368
0.0165746
0.0181696
0.02101
-6.10589e-06
-0.000538867
-8.5097e-05
0.00217496
0.0017703
0.000370714
0.00145194
0.00603348
0.00520692
0.00701781
0.0065764
0.00858047
0.009631
0.0105768
0.0105558
0.0121347
0.0145265
0.0164976
0.0180898
0.0205887
-4.45478e-06
-0.000517108
-5.17177e-05
0.00214947
0.00175584
0.000479759
0.00151305
0.00607422
0.00528197
0.00695838
0.00662057
0.00856958
0.00963409
0.010554
0.0105442
0.0121102
0.0145144
0.0164155
0.0179854
0.0201767
-1.96759e-06
-0.000485107
-1.30894e-05
0.00211885
0.00176468
0.000604359
0.00158604
0.00611491
0.00536873
0.00690199
0.00667189
0.00855972
0.00963725
0.0105287
0.0105323
0.012083
0.0144982
0.0163289
0.0178568
0.0197733
1.21131e-06
-0.00044341
3.06095e-05
0.00208755
0.00179024
0.000735316
0.00166526
0.00615305
0.00546306
0.00684832
0.00672778
0.00855131
0.00964033
0.0105016
0.0105196
0.0120534
0.0144767
0.0162379
0.0177051
0.0193783
5.02107e-06
-0.000392286
7.99708e-05
0.00205868
0.00182359
0.000864807
0.00174421
0.00618698
0.00556097
0.00679638
0.00678602
0.00854419
0.0096437
0.0104737
0.0105058
0.0120223
0.0144489
0.0161421
0.0175329
0.0189913
9.47322e-06
-0.000331981
0.000135233
0.00203453
0.00185934
0.000987926
0.0018173
0.00621564
0.00565897
0.00674552
0.00684508
0.00853831
0.00964824
0.0104469
0.0104913
0.0119912
0.0144142
0.0160409
0.0173434
0.018612
1.47131e-05
-0.00026319
0.000195573
0.00201696
0.00189677
0.00110283
0.00188103
0.0062384
0.00575451
0.00669547
0.00690395
0.00853416
0.00965483
0.0104233
0.0104769
0.011961
0.0143722
0.0159341
0.0171406
0.0182401
2.10181e-05
-0.000187281
0.000259523
0.00200701
0.00193742
0.00120974
0.00193441
0.00625508
0.00584631
0.0066462
0.00696177
0.00853237
0.00966376
0.0104047
0.0104634
0.0119323
0.0143242
0.0158223
0.0169274
0.0178746
2.87212e-05
-0.000106042
0.00032583
0.00200462
0.00198262
0.00131003
0.00197876
0.00626601
0.00593438
0.00659793
0.00701777
0.00853347
0.00967462
0.0103917
0.0104511
0.0119054
0.014272
0.015705
0.0167054
0.0175149
3.81139e-05
-2.11809e-05
0.000393919
0.00200879
0.00203233
0.00140534
0.00201736
0.00627181
0.00601945
0.00655101
0.00707131
0.00853795
0.00968645
0.0103862
0.0104396
0.01188
0.0142169
0.0155814
0.0164755
0.0171624
4.93898e-05
6.59964e-05
0.000463771
0.00201816
0.00208547
0.00149689
0.00205402
0.00627324
0.00610247
0.00650594
0.00712193
0.0085461
0.00969794
0.0103823
0.0104282
0.0118544
0.0141596
0.0154507
0.0162391
0.0168191
6.27416e-05
0.000154617
0.000535576
0.00203155
0.00214092
0.00158539
0.00209181
0.00627105
0.00618418
0.00646337
0.00716918
0.00855822
0.00970799
0.0103804
0.0104166
0.0118268
0.0141
0.0153134
0.0159968
0.0164857
7.83902e-05
0.00024407
0.000609563
0.00204816
0.00219784
0.00167123
0.00213274
0.00626596
0.00626497
0.00642399
0.00721265
0.00857459
0.00971594
0.0103792
0.0104047
0.0117954
0.0140379
0.0151708
0.0157481
0.0161616
9.6554e-05
0.000333891
0.000685967
0.00206767
0.00225585
0.00175466
0.0021779
0.00625865
0.00634484
0.00638853
0.00725202
0.00859523
0.00972152
0.0103774
0.0103927
0.0117589
0.0139726
0.0150246
0.0154922
0.0158449
0.00011746
0.00042372
0.000764998
0.00209003
0.00231484
0.00183588
0.00222779
0.00624974
0.00642365
0.00635765
0.00728699
0.00861994
0.00972495
0.0103739
0.0103807
0.0117163
0.0139027
0.0148767
0.0152293
0.0155333
0.000141347
0.000513239
0.000846845
0.00211539
0.00237479
0.00191502
0.00228259
0.00623989
0.0065012
0.00633179
0.00731724
0.00864854
0.00972668
0.0103679
0.0103686
0.0116669
0.0138266
0.0147289
0.014961
0.0152246
0.000168481
0.000602191
0.000931654
0.0021439
0.00243613
0.00199228
0.00234232
0.00622974
0.00657733
0.00631133
0.00734255
0.00868072
0.00972734
0.0103584
0.0103563
0.0116107
0.0137425
0.0145818
0.0146891
0.0149174
0.000199138
0.000690352
0.00101954
0.0021758
0.002498
0.00206801
0.00240683
0.00621978
0.00665178
0.00629665
0.007363
0.00871593
0.00972743
0.0103449
0.0103435
0.011548
0.0136493
0.0144357
0.0144151
0.0146098
0.000233616
0.000777481
0.00111051
0.00221139
0.00256035
0.00214248
0.0024759
0.00621048
0.00672431
0.00628776
0.00737878
0.00875367
0.0097273
0.0103266
0.01033
0.0114794
0.0135458
0.0142913
0.0141408
0.0142979
0.000272245
0.000863376
0.00120443
0.00225096
0.00262322
0.00221599
0.00254914
0.00620224
0.00679498
0.00628463
0.00738983
0.00879356
0.0097275
0.0103027
0.0103151
0.0114055
0.013431
0.0141493
0.0138704
0.0139764
0.000315334
0.000947894
0.00130115
0.00229472
0.00268659
0.00228883
0.00262612
0.0061952
0.0068639
0.00628748
0.00739609
0.00883489
0.00972874
0.0102731
0.0102981
0.0113269
0.0133037
0.0140095
0.0136112
0.0136427
0.000363164
0.00103095
0.00140048
0.00234303
0.00275041
0.00236136
0.00270651
0.00618934
0.00693089
0.00629662
0.00739777
0.00887673
0.00973173
0.0102372
0.0102783
0.0112453
0.013162
0.0138684
0.0133704
0.0133018
0.000416027
0.0011125
0.00150207
0.00239621
0.00281468
0.00243396
0.00279006
0.00618471
0.00699588
0.00631215
0.00739502
0.00891793
0.00973709
0.010195
0.0102549
0.0111635
0.0130068
0.013719
0.0131502
0.0129664
0.000474198
0.00119263
0.00160548
0.00245448
0.00287937
0.0025069
0.0028767
0.00618147
0.00705884
0.00633402
0.00738791
0.00895724
0.00974528
0.0101469
0.0102262
0.0110834
0.0128423
0.0135568
0.0129455
0.0126473
0.000537914
0.00127153
0.00171033
0.00251807
0.00294453
0.00258021
0.00296649
0.00617988
0.00711946
0.00636227
0.00737687
0.00899333
0.0097564
0.010094
0.0101904
0.0110044
0.0126731
0.0133829
0.012749
0.0123476
0.000607404
0.0013494
0.00181614
0.00258717
0.00301052
0.00265389
0.00305932
0.00618044
0.00717739
0.00639684
0.00736248
0.00902492
0.00977013
0.0100368
0.0101471
0.0109258
0.0125011
0.0132009
0.0125578
0.0120651
0.000682864
0.00142653
0.00192244
0.00266184
0.00307772
0.00272813
0.00315479
0.00618345
0.00723246
0.00643738
0.00734527
0.00905109
0.00978629
0.0099757
0.0100958
0.0108486
0.0123272
0.0130109
0.0123731
0.0117998
0.00076436
0.00150347
0.00202882
0.00274197
0.00314678
0.00280296
0.00325211
0.00618926
0.00728478
0.0064834
0.00732587
0.00907061
0.00980457
0.00991134
0.0100348
0.010774
0.0121552
0.0128112
0.0121937
0.0115561
0.000851894
0.0015808
0.00213504
0.0028272
0.00321843
0.00287838
0.00335058
0.00619835
0.00733477
0.00653424
0.00730479
0.00908221
0.00982426
0.00984519
0.00996204
0.0107013
0.0119908
0.012603
0.0120137
0.0113372
0.000945572
0.00166039
0.00224093
0.00291727
0.00329315
0.00295478
0.00344975
0.00621088
0.00738285
0.00658912
0.00728197
0.00908491
0.00984497
0.00977915
0.00987613
0.0106263
0.0118383
0.0123922
0.0118273
0.0111407
0.00104545
0.00173997
0.00234646
0.00301183
0.00337132
0.00303285
0.00354872
0.00622664
0.00742958
0.00664774
0.00725724
0.00907748
0.00986642
0.00971574
0.00977735
0.0105449
0.0116982
0.0121866
0.0116326
0.0109592
0.00115152
0.00182118
0.00245184
0.00311042
0.00345309
0.00311345
0.00364651
0.00624478
0.00747572
0.0067106
0.00723105
0.00905821
0.00988736
0.00965765
0.00966712
0.0104536
0.0115692
0.0119923
0.0114311
0.0107838
0.00126379
0.00190425
0.00255743
0.00321295
0.0035386
0.00319735
0.00374243
0.00626382
0.00752179
0.0067788
0.007204
0.00902493
0.00990568
0.00960774
0.0095477
0.0103493
0.0114489
0.0118139
0.0112265
0.0106048
0.00138236
0.00198905
0.00266373
0.00331957
0.00362767
0.00328563
0.00383628
0.00628196
0.0075674
0.00685319
0.00717707
0.00897598
0.00991835
0.00956899
0.00942296
0.0102283
0.0113335
0.0116563
0.0110262
0.0104145
0.00150745
0.00207523
0.0027711
0.00343067
0.00371917
0.00338029
0.0039291
0.00629779
0.00761111
0.00693386
0.00715297
0.00891065
0.00992098
0.00954352
0.0092983
0.0100872
0.011216
0.0115223
0.010843
0.0102118
0.0016393
0.00216279
0.00287952
0.0035469
0.0038118
0.00348117
0.00402289
0.00631058
0.00765108
0.0070206
0.00713508
0.00882947
0.00990912
0.00953122
0.00918019
0.0099262
0.0110871
0.0114089
0.0106899
0.0100063
0.00177791
0.0022521
0.00298855
0.00366912
0.00390545
0.00358779
0.00411944
0.00631995
0.00768533
0.00711271
0.00712588
0.00873459
0.00987887
0.00952923
0.00907637
0.00974977
0.0109394
0.0113078
0.0105737
0.00981594
0.00192337
0.00234372
0.00309718
0.00379837
0.00400102
0.00369791
0.00422007
0.00632673
0.00771139
0.00720792
0.00712756
0.00863004
0.00982769
0.00953302
0.00899212
0.00956401
0.0107687
0.0112099
0.0104937
0.0096599
0.00207582
0.00243864
0.0032037
0.00393532
0.00410054
0.00380892
0.00432513
0.00633311
0.00772725
0.00730273
0.0071419
0.00852038
0.00975485
0.00953788
0.00892968
0.00937526
0.0105719
0.0111071
0.0104448
0.00955125
0.00223502
0.00253814
0.003306
0.00407951
0.0042072
0.00391676
0.00443384
0.00634316
0.00773252
0.00739289
0.00716926
0.00841041
0.00966157
0.00953942
0.00889036
0.00919213
0.0103481
0.01099
0.0104192
0.00949328
0.00240042
0.00264362
0.00340283
0.00422946
0.00432418
0.00401988
0.00454473
0.00636083
0.00772893
0.0074739
0.00720735
0.00830536
0.00955169
0.00953341
0.00887196
0.009025
0.0101014
0.0108475
0.0104056
0.00948003
0.00257157
0.00275657
0.00349372
0.00438233
0.00445508
0.00411892
0.00465295
0.00638801
0.00772095
0.00754308
0.00725188
0.00820925
0.0094302
0.00951628
0.00886974
0.00888149
0.00984354
0.0106713
0.0103901
0.00950199
0.00274768
0.00287863
0.00357894
0.00453403
0.00460301
0.00421617
0.00475133
0.00642329
0.00771507
0.00760121
0.00729939
0.00812336
0.00930129
0.00948648
0.00887796
0.00876464
0.00958755
0.0104616
0.0103582
0.00954837
0.00292765
0.00301115
0.00366006
0.00467982
0.0047683
0.00431652
0.00483483
0.00646227
0.00771761
0.00765263
0.00734709
0.00804694
0.00916772
0.00944398
0.0088934
0.00867596
0.00934361
0.0102236
0.0102975
0.00960653
0.00311066
0.00315517
0.0037398
0.00481434
0.00494859
0.00442867
0.00490157
0.00649659
0.00773175
0.00770469
0.00739421
0.00797869
0.00903125
0.00938702
0.00891399
0.0086174
0.009122
0.00996584
0.0102001
0.00966244
0.00329568
0.00331137
0.00382182
0.0049328
0.0051401
0.00456153
0.00495282
0.00651565
0.00775527
0.0077656
0.00744394
0.00791786
0.00889373
0.00931469
0.00893225
0.00858916
0.00893346
0.00970048
0.010063
0.009701
0.0034814
0.00348001
0.00391005
0.00503231
0.00533603
0.00472123
0.00499472
0.00651048
0.00778138
0.0078411
0.00750239
0.00786498
0.00875591
0.00922806
0.00894439
0.00858492
0.0087864
0.00944488
0.00989016
0.00970934
0.00366729
0.0036609
0.00400838
0.00511218
0.00552615
0.00491044
0.00504026
0.00647788
0.00779748
0.00793144
0.00757725
0.00782375
0.00861842
0.0091278
0.00894712
0.00859539
0.00868128
0.00921506
0.00969421
0.00968062
0.00385274
0.00385281
0.00412058
0.00517392
0.00569929
0.00512589
0.00510673
0.00642149
0.00778807
0.00803029
0.00767413
0.00780139
0.00848566
0.00901404
0.00893835
0.00861489
0.00861159
0.00902089
0.0094913
0.00961509
0.00403747
0.00405398
0.00424904
0.00522111
0.00584754
0.00536046
0.00520751
0.00635374
0.00774386
0.00812479
0.00779396
0.00780559
0.0083649
0.00888805
0.0089162
0.00863811
0.0085711
0.00886572
0.00929611
0.00952004
0.00422148
0.00426113
0.00439519
0.00525963
0.00596687
0.005601
0.00534766
0.00629465
0.00766449
0.00819624
0.00793196
0.00784128
0.00826438
0.00875517
0.00886118
0.00865674
0.00855524
0.00875008
0.00912065
0.00940697
0.00440477
0.00447119
0.00455969
0.00529735
0.00605555
0.00583294
0.00552497
0.00626351
0.00755811
0.008229
0.00807582
0.00791023
0.00819221
0.00862535
0.00878743
0.00866144
0.00855621
0.00867175
0.00897373
0.0092889
0.00458765
0.00468007
0.00474124
0.00534387
0.00611431
0.00604473
0.00573219
0.00627217
0.00744275
0.00821743
0.0082067
0.00801045
0.00815631
0.00850751
0.00870077
0.00864725
0.00856222
0.0086254
0.00885943
0.00917667
0.00477054
0.00488272
0.00493668
0.00540806
0.00615007
0.00622788
0.00595598
0.0063238
0.00733862
0.00816496
0.00830595
0.00813122
0.00816152
0.008412
0.00860877
0.00861664
0.00856451
0.00860254
0.00877851
0.00907745
0.00495369
0.00507882
0.00513967
0.00549399
0.00617455
0.00637778
0.006181
0.00641587
0.00726194
0.0080858
0.00836437
0.00825398
0.00820561
0.00835006
0.00851991
0.00857347
0.00855898
0.00859353
0.00872955
0.00899829
0.00513763
0.0052683
0.00534297
0.00560211
0.00619928
0.00649507
0.00639418
0.00654099
0.00722177
0.00799853
0.00838263
0.00836164
0.00827823
0.00832746
0.00844645
0.00852028
0.00854374
0.00858852
0.0087061
0.00894569
0.00532244
0.00545148
0.00554089
0.00572996
0.00623324
0.00658416
0.00658638
0.0066878
0.0072203
0.00792003
0.00836794
0.00844394
0.00836546
0.00834244
0.00839997
0.00846892
0.00852063
0.00858002
0.00869639
0.00892007
0.00550723
0.00562891
0.00573069
0.00587316
0.00628214
0.00665265
0.0067521
0.0068449
0.00725593
0.00786294
0.00833421
0.00849756
0.00845389
0.00838712
0.00838508
0.00843138
0.00849627
0.0085668
0.00868966
0.00891324
0.00569093
0.00580182
0.00591091
0.00602527
0.00634875
0.00670991
0.00689003
0.00700139
0.00732271
0.00783394
0.00829672
0.00852497
0.00853328
0.00845345
0.00840098
0.00841292
0.00847817
0.00855336
0.00868239
0.00891374
0.00587228
0.00597062
0.00608144
0.00618018
0.00643245
0.00676457
0.00700255
0.0071486
0.00741201
0.00783438
0.00826788
0.00853572
0.00859718
0.00853134
0.00844532
0.00841398
0.00844332
0.00853997
0.00867862
0.00891782
0.00604984
0.00613584
0.0062427
0.00633282
0.00653059
0.00682286
0.00709411
0.00728081
0.00751514
0.00786363
0.00825583
0.008542
0.00864714
0.00860974
0.00851561
0.00844971
0.00846259
0.00854576
0.00868401
0.00892813
0.00622229
0.00629669
0.00639531
0.00647939
0.00663882
0.00688857
0.00717119
0.00739596
0.00762336
0.00791774
0.00826513
0.00855291
0.00869126
0.00868493
0.00860258
0.00851716
0.00850027
0.00856547
0.00870161
0.00894722
0.00638805
0.0064533
0.0065402
0.00661775
0.00675158
0.00696196
0.00723951
0.00749474
0.00773037
0.00799017
0.00829721
0.00857537
0.00873839
0.00876212
0.008698
0.00861135
0.00856732
0.00861041
0.00873822
0.00897915
0.00654555
0.00660334
0.00667763
0.00674727
0.0068647
0.00704235
0.0073041
0.00757833
0.00783092
0.0080747
0.00835082
0.00861447
0.00879432
0.0088503
0.00880702
0.0087278
0.00866683
0.0086809
0.00878779
0.00902261
0.00669377
0.0067448
0.00680742
0.00686675
0.00697278
0.00712686
0.00736929
0.0076499
0.00792063
0.00816624
0.00842447
0.00867249
0.00885992
0.00894829
0.00893591
0.0088726
0.00880959
0.00879895
0.00888403
0.00910206
0.00683141
0.00687974
0.00692969
0.00697577
0.00707109
0.0072083
0.00743412
0.00771446
0.00799699
0.00825562
0.00851724
0.0087609
0.00894858
0.00905821
0.00907951
0.00903501
0.00897894
0.00895537
0.00901285
0.00920584
0.00695587
0.00700242
0.0070432
0.00707623
0.00716118
0.00728447
0.00749377
0.0077719
0.00806165
0.00832779
0.00860769
0.00887925
0.00910222
0.00925147
0.00931231
0.00929394
0.00924176
0.0092087
0.0092386
0.00939321
0.00706564
0.00710975
0.00714625
0.0071661
0.00724053
0.00735548
0.0075483
0.00781789
0.00811934
0.00839199
0.00865008
0.00891183
0.00916356
0.00937266
0.0095187
0.00957511
0.00956292
0.00954019
0.0095575
0.00968682
0.00716231
0.00720703
0.00723524
0.0072381
0.00730098
0.00741288
0.00759784
0.00784658
0.00815892
0.00851497
0.00889672
0.00922779
0.00949675
0.00972022
0.00988986
0.0100079
0.0100167
0.00997563
0.00993313
0.00994651
0.0072435
0.00728763
0.00730779
0.00729677
0.0073481
0.00745197
0.00762824
0.00785098
0.00806525
0.00826528
0.00849438
0.00884992
0.00938224
0.00993282
0.0103766
0.0107054
0.0109657
0.0112134
0.0114912
0.0117519
0.00729751
0.00734354
0.00737602
0.00737345
0.00742667
0.00751752
0.00765401
0.00784463
0.00814489
0.00860254
0.00914369
0.00960943
0.00997687
0.0102816
0.0105135
0.0107393
0.0109626
0.0111957
0.0114261
0.0115906
0.0073187
0.00735058
0.00736489
0.0073517
0.00740355
0.00753033
0.00778275
0.00813819
0.00852911
0.00887771
0.00919824
0.00945553
0.00972567
0.0100732
0.0104609
0.0108865
0.011374
0.0118291
0.0121904
0.0123814
0.00733746
0.00741603
0.00748737
0.00753802
0.00765806
0.00783841
0.00807508
0.00833492
0.00863513
0.00895714
0.00931382
0.00969515
0.0100197
0.0102929
0.0104904
0.0105557
0.0105162
0.0104144
0.0102897
0.0102135
0.00720961
0.00726781
0.00745459
0.00762989
0.00780058
0.00796252
0.00815833
0.00837866
0.00865814
0.00896182
0.00927719
0.00962348
0.00995509
0.0102904
0.0106671
0.0110672
0.0114661
0.0118376
0.0121522
0.0123482
0.00724229
0.00732641
0.00753963
0.00774623
0.00795897
0.00814988
0.00835972
0.00856847
0.00882302
0.00911482
0.00941115
0.00974191
0.0100826
0.0103895
0.0106999
0.0109897
0.0112572
0.0115077
0.0117158
0.011821
0.0258077
0.0196967
0.0116785
0.00610377
0.00493992
0.00621056
0.00763898
0.0085435
0.00901655
0.00938931
0.00988232
0.0103855
0.0106962
0.0108926
0.0111592
0.011507
0.011853
0.0121337
0.0123833
0.0127328
0.0131831
0.0135635
0.0137927
0.0139918
0.0143179
0.01475
0.0151245
0.0154104
0.015746
0.0161625
0.0165396
0.0168557
0.0172036
0.0176198
0.0180733
0.0185502
0.0190502
0.0195398
0.0200072
0.0204742
0.0209232
0.0213386
0.0217414
0.0221449
0.0225702
0.0230528
0.023569
0.024073
0.0245766
0.0251237
0.0256867
0.026217
0.0267452
0.0273307
0.0279128
0.0284473
0.0289963
0.0295736
0.0301552
0.0307538
0.0313937
0.0320636
0.0327617
0.0334551
0.0341403
0.0347842
0.0354367
0.0361477
0.0369002
0.0376384
0.0383978
0.0391775
0.039949
0.0407263
0.0415258
0.0423621
0.0432046
0.0440764
0.0449521
0.0458568
0.0467695
0.0477174
0.0486769
0.049659
0.0506735
0.0517063
0.0527586
0.0538109
0.0548701
0.0559699
0.0570735
0.0582267
0.059353
0.0605101
0.0616589
0.0628091
0.0639347
0.0649911
0.0659287
0.0667
0.0250664
0.0195524
0.0117644
0.00625299
0.00502992
0.00625295
0.00766586
0.00856296
0.00903052
0.00939943
0.00989045
0.0103928
0.0107027
0.0108982
0.0111641
0.0115115
0.0118572
0.0121374
0.0123864
0.0127355
0.0131856
0.0135661
0.0137949
0.0139936
0.0143194
0.0147515
0.015126
0.0154117
0.0157471
0.0161636
0.0165407
0.0168567
0.0172045
0.0176206
0.0180741
0.0185509
0.0190509
0.0195405
0.0200079
0.0204749
0.0209239
0.0213392
0.0217421
0.0221456
0.0225708
0.0230534
0.0235696
0.0240736
0.0245771
0.0251242
0.0256872
0.0262175
0.0267456
0.0273311
0.0279132
0.0284477
0.0289967
0.029574
0.0301555
0.0307541
0.031394
0.0320639
0.032762
0.0334554
0.0341406
0.0347845
0.0354369
0.0361479
0.0369005
0.0376386
0.038398
0.0391777
0.0399492
0.0407265
0.0415259
0.0423623
0.0432048
0.0440765
0.0449523
0.0458569
0.0467696
0.0477176
0.048677
0.0496591
0.0506736
0.0517064
0.0527588
0.053811
0.0548702
0.05597
0.0570736
0.0582268
0.0593531
0.0605102
0.061659
0.0628092
0.0639347
0.0649912
0.0659287
0.0666999
0.024376
0.019402
0.0119284
0.00652118
0.00518505
0.00630803
0.00769017
0.00858213
0.00904784
0.00941385
0.00990141
0.0104011
0.0107095
0.0109039
0.0111691
0.0115158
0.0118611
0.012141
0.0123896
0.0127382
0.0131882
0.0135685
0.0137971
0.0139954
0.0143209
0.014753
0.0151274
0.0154128
0.0157481
0.0161647
0.0165418
0.0168576
0.0172052
0.0176213
0.0180748
0.0185516
0.0190515
0.0195412
0.0200085
0.0204755
0.0209245
0.0213398
0.0217426
0.0221461
0.0225713
0.0230538
0.02357
0.0240741
0.0245775
0.0251246
0.0256876
0.0262179
0.026746
0.0273314
0.0279136
0.028448
0.028997
0.0295743
0.0301558
0.0307544
0.0313942
0.0320641
0.0327622
0.0334557
0.0341409
0.0347847
0.0354371
0.0361481
0.0369006
0.0376388
0.0383981
0.0391778
0.0399493
0.0407267
0.0415261
0.0423624
0.0432049
0.0440767
0.0449524
0.0458571
0.0467697
0.0477177
0.0486771
0.0496592
0.0506737
0.0517066
0.0527589
0.0538111
0.0548703
0.0559701
0.0570736
0.0582269
0.0593531
0.0605102
0.0616591
0.0628093
0.0639348
0.0649912
0.0659288
0.0666999
0.0237171
0.0192473
0.0121365
0.00686069
0.00539947
0.00638646
0.0077241
0.00860935
0.00907397
0.00943648
0.00991777
0.0104118
0.0107176
0.0109116
0.0111761
0.0115214
0.0118656
0.0121454
0.0123939
0.0127421
0.0131914
0.0135713
0.0137998
0.0139979
0.0143232
0.0147549
0.0151291
0.0154143
0.0157495
0.0161659
0.0165429
0.0168585
0.017206
0.0176221
0.0180755
0.0185523
0.0190522
0.0195418
0.0200091
0.0204762
0.0209251
0.0213404
0.0217432
0.0221466
0.0225717
0.0230543
0.0235705
0.0240745
0.0245779
0.0251251
0.0256881
0.0262183
0.0267463
0.0273318
0.027914
0.0284484
0.0289973
0.0295746
0.0301561
0.0307547
0.0313945
0.0320644
0.0327625
0.0334559
0.0341411
0.0347849
0.0354373
0.0361483
0.0369008
0.037639
0.0383983
0.039178
0.0399495
0.0407268
0.0415262
0.0423625
0.043205
0.0440768
0.0449525
0.0458572
0.0467699
0.0477178
0.0486773
0.0496594
0.0506738
0.0517067
0.052759
0.0538112
0.0548704
0.0559702
0.0570737
0.058227
0.0593532
0.0605103
0.0616592
0.0628094
0.0639349
0.0649914
0.0659289
0.0666999
0.0230641
0.0190755
0.0123559
0.00722344
0.00563925
0.0064774
0.0077633
0.00864273
0.00910851
0.00946791
0.00994056
0.0104257
0.0107279
0.0109223
0.0111866
0.0115294
0.0118713
0.012151
0.0124004
0.0127479
0.0131954
0.0135743
0.0138034
0.0140022
0.0143269
0.0147576
0.0151312
0.0154164
0.0157516
0.0161678
0.0165444
0.0168597
0.017207
0.017623
0.0180764
0.0185531
0.019053
0.0195426
0.0200099
0.020477
0.0209258
0.021341
0.0217437
0.0221471
0.0225722
0.0230548
0.0235711
0.0240751
0.0245785
0.0251256
0.0256886
0.0262188
0.0267467
0.0273322
0.0279144
0.0284488
0.0289977
0.0295749
0.0301564
0.0307549
0.0313948
0.0320646
0.0327628
0.0334562
0.0341415
0.0347852
0.0354375
0.0361485
0.0369011
0.0376392
0.0383985
0.0391782
0.0399497
0.040727
0.0415263
0.0423627
0.0432052
0.0440769
0.0449527
0.0458573
0.04677
0.0477179
0.0486774
0.0496595
0.050674
0.0517068
0.0527591
0.0538113
0.0548705
0.0559703
0.0570738
0.0582271
0.0593533
0.0605104
0.0616593
0.0628095
0.0639351
0.0649915
0.0659292
0.0666999
0.0224151
0.0188816
0.0125694
0.00759071
0.00589204
0.006575
0.00780324
0.0086782
0.0091479
0.00950496
0.00996749
0.0104416
0.0107396
0.0109357
0.0112005
0.0115401
0.0118786
0.0121583
0.0124092
0.0127559
0.0132002
0.0135773
0.0138079
0.0140085
0.0143326
0.0147613
0.0151341
0.0154196
0.0157549
0.0161705
0.0165465
0.0168614
0.0172084
0.0176242
0.0180775
0.0185541
0.0190539
0.0195434
0.0200108
0.0204779
0.0209267
0.0213416
0.0217442
0.0221477
0.0225728
0.0230553
0.0235715
0.0240756
0.0245791
0.0251261
0.0256891
0.0262193
0.0267472
0.0273327
0.0279149
0.0284492
0.0289981
0.0295753
0.0301567
0.0307553
0.0313951
0.0320649
0.0327631
0.0334566
0.0341418
0.0347855
0.0354377
0.0361487
0.0369013
0.0376394
0.0383987
0.0391784
0.0399499
0.0407272
0.0415265
0.0423628
0.0432053
0.0440771
0.0449528
0.0458575
0.0467701
0.047718
0.0486775
0.0496596
0.0506741
0.0517069
0.0527592
0.0538114
0.0548706
0.0559704
0.0570739
0.0582272
0.0593534
0.0605105
0.0616594
0.0628096
0.0639353
0.0649918
0.0659296
0.0666999
0.0217758
0.0186658
0.0127699
0.00795748
0.00615697
0.00668016
0.00784367
0.00871445
0.00919036
0.00954558
0.0099969
0.0104587
0.0107523
0.0109506
0.0112166
0.0115529
0.0118876
0.0121673
0.0124204
0.0127661
0.0132056
0.0135801
0.013813
0.0140168
0.0143404
0.0147661
0.0151376
0.015424
0.0157597
0.0161743
0.0165494
0.0168639
0.0172105
0.0176258
0.0180789
0.0185553
0.0190548
0.0195442
0.0200117
0.0204791
0.0209277
0.0213424
0.0217449
0.0221484
0.0225735
0.0230558
0.023572
0.0240762
0.0245798
0.0251268
0.0256897
0.0262199
0.0267479
0.0273333
0.0279155
0.0284497
0.0289985
0.0295757
0.0301571
0.0307556
0.0313955
0.0320653
0.0327634
0.033457
0.0341423
0.0347858
0.0354379
0.0361489
0.0369016
0.0376397
0.0383989
0.0391787
0.0399501
0.0407274
0.0415267
0.042363
0.0432055
0.0440773
0.044953
0.0458576
0.0467703
0.0477182
0.0486777
0.0496597
0.0506742
0.051707
0.0527594
0.0538116
0.0548708
0.0559705
0.057074
0.0582273
0.0593536
0.0605106
0.0616596
0.0628097
0.0639355
0.0649922
0.0659303
0.0667
0.0211532
0.0184297
0.0129529
0.00832127
0.00643504
0.00679573
0.0078857
0.00875102
0.00923519
0.0095892
0.0100285
0.010477
0.0107657
0.0109666
0.011234
0.011567
0.0118977
0.0121777
0.0124335
0.0127779
0.0132117
0.0135828
0.0138184
0.0140264
0.0143495
0.0147717
0.0151418
0.0154295
0.0157656
0.0161791
0.0165532
0.0168675
0.0172135
0.0176281
0.0180807
0.0185567
0.0190556
0.0195447
0.0200126
0.0204804
0.020929
0.0213433
0.0217457
0.0221494
0.0225744
0.0230564
0.0235724
0.0240768
0.0245806
0.0251274
0.0256902
0.0262206
0.0267487
0.027334
0.0279161
0.0284504
0.0289992
0.0295762
0.0301575
0.030756
0.0313959
0.0320657
0.0327638
0.0334575
0.0341428
0.0347862
0.0354382
0.0361493
0.036902
0.03764
0.0383993
0.039179
0.0399504
0.0407276
0.0415269
0.0423632
0.0432057
0.0440775
0.0449531
0.0458578
0.0467704
0.0477183
0.0486778
0.0496598
0.0506743
0.0517072
0.0527595
0.0538117
0.0548709
0.0559706
0.0570742
0.0582274
0.0593537
0.0605108
0.0616598
0.0628099
0.0639358
0.0649928
0.0659312
0.0667002
0.0205523
0.0181754
0.0131155
0.00867954
0.0067262
0.0069239
0.0079304
0.00878743
0.00928191
0.00963585
0.0100626
0.0104967
0.01078
0.0109834
0.0112524
0.011582
0.0119087
0.0121892
0.0124479
0.0127909
0.0132185
0.0135856
0.0138241
0.0140366
0.0143596
0.0147779
0.0151465
0.0154358
0.0157725
0.0161845
0.0165577
0.016872
0.0172176
0.0176312
0.0180832
0.0185585
0.0190565
0.0195451
0.0200133
0.0204816
0.0209303
0.0213445
0.0217469
0.0221509
0.0225758
0.0230572
0.0235729
0.0240775
0.0245815
0.0251281
0.0256906
0.0262213
0.0267496
0.0273348
0.0279168
0.0284511
0.0289999
0.0295768
0.0301579
0.0307564
0.0313963
0.032066
0.0327642
0.033458
0.0341434
0.0347867
0.0354386
0.0361497
0.0369024
0.0376404
0.0383996
0.0391794
0.0399507
0.0407279
0.0415272
0.0423635
0.043206
0.0440777
0.0449533
0.045858
0.0467706
0.0477185
0.048678
0.04966
0.0506745
0.0517073
0.0527597
0.0538119
0.054871
0.0559708
0.0570743
0.0582276
0.0593539
0.0605109
0.06166
0.0628102
0.0639362
0.0649936
0.0659325
0.0667004
0.0199764
0.0179064
0.0132563
0.00902947
0.00702906
0.00706604
0.0079787
0.0088231
0.00932981
0.00968542
0.0100992
0.0105178
0.010795
0.0110009
0.0112716
0.0115979
0.0119203
0.0122012
0.0124631
0.012805
0.0132261
0.0135888
0.0138299
0.0140473
0.0143701
0.0147845
0.0151516
0.0154426
0.0157798
0.0161903
0.0165626
0.0168772
0.0172226
0.0176352
0.0180863
0.0185607
0.0190576
0.0195454
0.0200136
0.0204824
0.0209314
0.0213456
0.0217483
0.0221528
0.0225777
0.0230584
0.0235735
0.0240784
0.0245826
0.0251287
0.0256909
0.0262219
0.0267505
0.0273356
0.0279174
0.028452
0.0290009
0.0295776
0.0301586
0.030757
0.0313968
0.0320664
0.0327646
0.0334585
0.0341441
0.0347873
0.0354391
0.0361501
0.0369029
0.0376409
0.0384001
0.0391798
0.0399512
0.0407284
0.0415275
0.0423639
0.0432063
0.044078
0.0449536
0.0458582
0.0467708
0.0477187
0.0486782
0.0496601
0.0506747
0.0517075
0.0527598
0.053812
0.0548712
0.0559709
0.0570745
0.0582278
0.0593541
0.0605111
0.0616603
0.0628105
0.0639367
0.0649947
0.0659341
0.0667008
0.0194273
0.0176267
0.013375
0.0093681
0.00734096
0.00722269
0.00803135
0.0088573
0.00937784
0.00973754
0.0101385
0.0105404
0.0108108
0.0110191
0.0112917
0.0116145
0.0119323
0.0122136
0.012479
0.0128199
0.0132344
0.0135924
0.013836
0.0140583
0.0143811
0.0147915
0.015157
0.0154498
0.0157876
0.0161963
0.0165676
0.0168828
0.0172282
0.0176398
0.01809
0.0185634
0.0190589
0.0195457
0.0200137
0.0204828
0.020932
0.0213465
0.0217498
0.0221551
0.0225802
0.02306
0.0235744
0.0240794
0.0245839
0.0251295
0.0256911
0.0262224
0.0267514
0.0273362
0.027918
0.0284529
0.029002
0.0295785
0.0301594
0.0307578
0.0313974
0.0320667
0.0327647
0.033459
0.0341447
0.0347879
0.0354396
0.0361507
0.0369034
0.0376415
0.0384007
0.0391803
0.0399517
0.0407289
0.041528
0.0423643
0.0432067
0.0440784
0.0449539
0.0458585
0.0467711
0.0477189
0.0486784
0.0496603
0.0506749
0.0517077
0.05276
0.0538122
0.0548713
0.0559711
0.0570746
0.058228
0.0593543
0.0605113
0.0616606
0.0628108
0.0639373
0.0649962
0.0659362
0.0667014
0.0189053
0.0173405
0.0134721
0.00969255
0.00765817
0.00739346
0.00808902
0.00888959
0.00942502
0.00979178
0.0101804
0.0105648
0.0108277
0.0110383
0.0113127
0.0116318
0.0119447
0.0122262
0.0124953
0.0128356
0.0132433
0.0135964
0.0138423
0.0140696
0.0143925
0.0147988
0.0151626
0.0154573
0.0157957
0.0162025
0.0165726
0.0168885
0.017234
0.0176448
0.0180941
0.0185665
0.0190605
0.0195461
0.0200137
0.0204828
0.0209322
0.0213471
0.0217513
0.0221577
0.0225831
0.0230621
0.0235756
0.0240807
0.0245854
0.0251304
0.0256913
0.0262228
0.0267522
0.0273367
0.0279183
0.0284537
0.0290031
0.0295795
0.0301605
0.0307591
0.0313984
0.0320671
0.0327648
0.0334592
0.0341452
0.0347884
0.0354402
0.0361513
0.036904
0.0376421
0.0384012
0.0391809
0.0399523
0.0407295
0.0415286
0.0423649
0.0432073
0.0440789
0.0449544
0.0458589
0.0467714
0.0477192
0.0486786
0.0496605
0.0506751
0.0517079
0.0527603
0.0538124
0.0548715
0.0559713
0.0570748
0.0582282
0.0593546
0.0605115
0.061661
0.0628112
0.063938
0.064998
0.0659388
0.0667021
0.0184092
0.0170517
0.0135492
0.00999989
0.0079763
0.00757757
0.00815302
0.00892023
0.00947052
0.00984744
0.010225
0.0105913
0.0108458
0.0110585
0.0113348
0.0116499
0.0119576
0.0122391
0.012512
0.0128517
0.0132527
0.0136006
0.013849
0.0140815
0.0144045
0.0148065
0.0151685
0.0154651
0.0158042
0.0162089
0.0165778
0.0168942
0.01724
0.0176502
0.0180986
0.0185699
0.0190624
0.0195466
0.0200137
0.0204826
0.020932
0.0213473
0.0217526
0.0221605
0.0225864
0.0230645
0.0235771
0.0240823
0.0245872
0.0251314
0.0256916
0.0262233
0.026753
0.0273371
0.0279184
0.0284543
0.029004
0.0295804
0.0301617
0.0307606
0.0313998
0.0320677
0.0327647
0.0334591
0.0341454
0.0347888
0.0354409
0.036152
0.0369047
0.0376427
0.0384019
0.0391814
0.0399529
0.0407302
0.0415293
0.0423655
0.0432079
0.0440795
0.0449549
0.0458594
0.0467719
0.0477196
0.0486789
0.0496607
0.0506753
0.0517081
0.0527605
0.0538126
0.0548717
0.0559714
0.057075
0.0582284
0.0593548
0.0605117
0.0616615
0.0628117
0.0639388
0.0650003
0.065942
0.066703
0.0179382
0.0167639
0.0136073
0.010287
0.00829135
0.00777467
0.00822546
0.00894996
0.00951332
0.00990336
0.0102718
0.0106199
0.0108655
0.0110799
0.0113581
0.0116691
0.0119711
0.0122524
0.012529
0.0128685
0.0132627
0.0136053
0.0138559
0.0140937
0.0144171
0.0148147
0.0151747
0.0154733
0.015813
0.0162156
0.016583
0.0168999
0.0172463
0.0176559
0.0181035
0.0185736
0.0190645
0.0195473
0.0200136
0.0204822
0.0209316
0.0213474
0.0217539
0.0221633
0.0225899
0.0230672
0.0235788
0.024084
0.0245891
0.0251326
0.0256919
0.0262238
0.0267539
0.0273374
0.0279184
0.0284547
0.0290047
0.0295812
0.0301628
0.0307623
0.0314015
0.0320687
0.0327648
0.0334588
0.0341452
0.0347889
0.0354414
0.0361528
0.0369054
0.0376435
0.0384025
0.0391819
0.0399534
0.040731
0.0415301
0.0423664
0.0432087
0.0440802
0.0449556
0.04586
0.0467725
0.0477202
0.0486793
0.049661
0.0506756
0.0517084
0.0527608
0.0538128
0.0548719
0.0559716
0.0570752
0.0582286
0.0593551
0.0605119
0.0616621
0.0628123
0.0639397
0.065003
0.0659457
0.0667041
0.0174911
0.0164789
0.0136469
0.0105518
0.00860044
0.00798456
0.00830856
0.00897976
0.00955256
0.00995844
0.0103206
0.010651
0.010887
0.0111028
0.0113828
0.0116894
0.0119854
0.0122661
0.0125466
0.0128858
0.0132732
0.0136103
0.0138632
0.0141065
0.0144302
0.0148233
0.0151812
0.0154817
0.0158223
0.0162226
0.0165884
0.0169058
0.0172528
0.0176621
0.0181089
0.0185777
0.0190668
0.0195482
0.0200137
0.0204818
0.0209311
0.0213473
0.0217551
0.0221662
0.0225936
0.0230702
0.0235807
0.024086
0.0245912
0.025134
0.0256924
0.0262243
0.0267547
0.0273376
0.0279182
0.028455
0.0290054
0.0295818
0.0301638
0.0307641
0.0314036
0.0320701
0.0327649
0.0334582
0.0341447
0.0347886
0.0354418
0.0361536
0.0369063
0.0376443
0.0384032
0.0391823
0.0399539
0.0407316
0.0415309
0.0423673
0.0432096
0.0440811
0.0449564
0.0458608
0.0467733
0.0477208
0.0486799
0.0496614
0.0506759
0.0517087
0.0527611
0.0538131
0.0548721
0.0559718
0.0570754
0.0582287
0.0593555
0.0605122
0.0616627
0.0628129
0.0639407
0.0650061
0.06595
0.0667054
0.0170663
0.0161964
0.013669
0.0107946
0.00890132
0.00820597
0.00840438
0.00901151
0.00958821
0.010012
0.0103711
0.0106847
0.0109106
0.0111273
0.0114088
0.011711
0.0120005
0.0122803
0.0125647
0.0129039
0.0132845
0.0136158
0.0138708
0.0141197
0.0144439
0.0148324
0.015188
0.0154906
0.0158319
0.0162299
0.016594
0.016912
0.0172599
0.017669
0.0181148
0.0185822
0.0190694
0.0195492
0.0200138
0.0204813
0.0209305
0.0213472
0.0217563
0.0221692
0.0225975
0.0230733
0.0235828
0.024088
0.0245935
0.0251354
0.0256928
0.0262249
0.0267556
0.0273378
0.0279179
0.0284552
0.0290059
0.0295822
0.0301647
0.0307658
0.0314057
0.0320717
0.0327651
0.0334575
0.0341437
0.0347881
0.035442
0.0361544
0.0369072
0.0376452
0.038404
0.0391827
0.0399543
0.0407322
0.0415317
0.0423682
0.0432106
0.044082
0.0449573
0.0458616
0.0467741
0.0477216
0.0486806
0.0496619
0.0506762
0.0517089
0.0527614
0.0538135
0.0548725
0.0559721
0.0570756
0.0582289
0.0593558
0.0605124
0.0616634
0.0628136
0.0639418
0.0650096
0.0659547
0.066707
0.0166621
0.0159162
0.0136757
0.011017
0.00919148
0.00843649
0.00851498
0.00904823
0.00962116
0.0100635
0.010423
0.0107212
0.0109366
0.0111535
0.0114363
0.0117337
0.0120163
0.0122952
0.0125836
0.0129229
0.0132965
0.0136218
0.0138788
0.0141335
0.0144581
0.0148418
0.0151951
0.0154997
0.015842
0.0162375
0.0165998
0.0169187
0.0172678
0.0176769
0.0181214
0.0185871
0.0190722
0.0195504
0.0200141
0.0204809
0.02093
0.0213473
0.0217576
0.0221723
0.0226016
0.0230768
0.023585
0.0240902
0.0245959
0.025137
0.0256934
0.0262256
0.0267565
0.0273381
0.0279176
0.0284553
0.0290064
0.0295827
0.0301655
0.0307674
0.0314077
0.0320733
0.0327653
0.0334565
0.0341425
0.0347872
0.0354421
0.0361552
0.0369082
0.0376462
0.0384048
0.0391832
0.0399546
0.0407327
0.0415325
0.0423692
0.0432116
0.044083
0.0449582
0.0458626
0.0467751
0.0477226
0.0486814
0.0496625
0.0506766
0.0517092
0.0527617
0.0538138
0.0548729
0.0559724
0.0570758
0.058229
0.0593562
0.0605126
0.0616641
0.0628145
0.063943
0.0650135
0.0659599
0.0667087
0.0162784
0.0156391
0.0136689
0.0112203
0.00946862
0.00867329
0.00864233
0.00909337
0.00965268
0.0101124
0.0104755
0.0107602
0.0109652
0.0111815
0.0114651
0.0117574
0.012033
0.0123107
0.0126033
0.0129429
0.0133093
0.0136283
0.0138873
0.0141479
0.014473
0.0148518
0.0152025
0.0155092
0.0158525
0.0162454
0.0166058
0.016926
0.0172768
0.0176857
0.0181288
0.0185924
0.0190754
0.0195519
0.0200145
0.0204806
0.0209296
0.0213474
0.0217589
0.0221754
0.0226059
0.0230805
0.0235874
0.0240925
0.0245985
0.0251386
0.025694
0.0262263
0.0267576
0.0273383
0.0279171
0.0284554
0.029007
0.0295832
0.0301665
0.030769
0.0314097
0.032075
0.0327656
0.0334555
0.0341411
0.0347863
0.0354423
0.036156
0.0369092
0.0376473
0.0384057
0.0391837
0.039955
0.0407332
0.0415333
0.0423703
0.0432128
0.044084
0.0449592
0.0458636
0.0467761
0.0477236
0.0486824
0.0496633
0.0506771
0.0517095
0.052762
0.0538142
0.0548734
0.0559727
0.0570761
0.0582291
0.0593565
0.0605129
0.0616649
0.0628154
0.0639444
0.0650177
0.0659656
0.0667107
0.015916
0.0153668
0.0136493
0.0114058
0.00973138
0.00891332
0.00878739
0.00914995
0.00968419
0.0101581
0.0105276
0.0108016
0.0109964
0.0112117
0.0114952
0.011782
0.0120502
0.0123268
0.0126238
0.0129639
0.013323
0.0136354
0.0138962
0.0141629
0.0144887
0.0148622
0.0152102
0.0155191
0.0158633
0.0162535
0.0166121
0.016934
0.0172868
0.0176956
0.0181368
0.0185982
0.0190788
0.0195535
0.0200151
0.0204805
0.0209292
0.0213476
0.0217604
0.0221788
0.0226105
0.0230844
0.02359
0.024095
0.0246012
0.0251404
0.0256946
0.0262271
0.0267587
0.0273386
0.0279167
0.0284554
0.0290076
0.029584
0.0301677
0.0307707
0.0314118
0.0320766
0.0327658
0.0334543
0.0341395
0.0347855
0.0354426
0.0361569
0.0369102
0.0376483
0.0384066
0.0391842
0.0399554
0.0407337
0.0415341
0.0423713
0.0432139
0.0440851
0.0449602
0.0458647
0.0467772
0.0477246
0.0486834
0.0496642
0.0506777
0.0517097
0.0527622
0.0538146
0.0548739
0.0559732
0.0570764
0.0582292
0.0593569
0.0605131
0.0616657
0.0628164
0.0639459
0.0650221
0.0659716
0.0667128
0.0155748
0.0151004
0.0136173
0.0115754
0.00997923
0.00915276
0.00894923
0.00922042
0.0097177
0.0102002
0.0105782
0.0108447
0.0110305
0.0112442
0.011527
0.0118075
0.0120681
0.0123435
0.0126452
0.0129859
0.0133376
0.0136431
0.0139056
0.0141785
0.014505
0.0148732
0.0152182
0.0155293
0.0158746
0.016262
0.0166188
0.0169427
0.0172979
0.0177064
0.0181454
0.0186043
0.0190825
0.0195553
0.0200158
0.0204805
0.020929
0.0213479
0.0217619
0.0221822
0.0226154
0.0230887
0.0235928
0.0240975
0.024604
0.0251422
0.0256952
0.026228
0.0267599
0.0273389
0.0279162
0.0284555
0.0290085
0.029585
0.0301691
0.0307726
0.0314138
0.0320781
0.0327661
0.0334532
0.034138
0.034785
0.0354433
0.0361579
0.0369112
0.0376493
0.0384075
0.0391847
0.0399558
0.0407343
0.041535
0.0423724
0.0432151
0.0440862
0.0449613
0.0458658
0.0467784
0.0477258
0.0486845
0.0496652
0.0506784
0.0517101
0.0527624
0.0538149
0.0548745
0.0559737
0.0570768
0.0582293
0.0593572
0.0605134
0.0616666
0.0628176
0.0639476
0.0650268
0.065978
0.0667151
0.0152535
0.0148407
0.0135733
0.0117312
0.0102123
0.00938734
0.00912525
0.00930677
0.00975581
0.0102393
0.0106264
0.0108886
0.0110672
0.0112795
0.0115608
0.0118341
0.0120865
0.0123608
0.0126675
0.0130091
0.0133533
0.0136514
0.0139155
0.0141948
0.0145222
0.0148848
0.0152265
0.0155399
0.0158863
0.0162708
0.0166259
0.016952
0.0173097
0.017718
0.0181546
0.0186108
0.0190865
0.0195574
0.0200166
0.0204806
0.020929
0.0213483
0.0217635
0.0221858
0.0226206
0.0230932
0.0235957
0.0241002
0.0246069
0.0251441
0.0256959
0.0262288
0.0267612
0.0273394
0.0279158
0.0284557
0.0290095
0.0295863
0.0301709
0.0307748
0.0314159
0.0320797
0.0327664
0.0334521
0.0341366
0.0347848
0.0354445
0.0361592
0.0369121
0.0376502
0.0384083
0.0391852
0.0399562
0.0407351
0.041536
0.0423735
0.0432163
0.0440873
0.0449624
0.0458669
0.0467796
0.0477269
0.0486857
0.0496662
0.0506792
0.0517105
0.0527626
0.0538152
0.0548751
0.0559743
0.0570772
0.0582294
0.0593576
0.0605137
0.0616675
0.0628188
0.0639494
0.0650318
0.0659847
0.0667176
0.0149513
0.014588
0.0135167
0.0118752
0.010432
0.00961337
0.00931188
0.0094106
0.00980142
0.010276
0.010671
0.0109323
0.0111064
0.0113178
0.0115969
0.011862
0.0121055
0.0123788
0.0126907
0.0130334
0.0133699
0.0136603
0.0139259
0.0142118
0.0145401
0.014897
0.0152353
0.0155508
0.0158984
0.01628
0.0166334
0.0169619
0.0173223
0.0177301
0.0181642
0.0186177
0.0190908
0.0195596
0.0200177
0.0204809
0.0209291
0.0213487
0.021765
0.0221895
0.022626
0.023098
0.0235987
0.0241029
0.02461
0.0251462
0.0256967
0.0262297
0.0267626
0.0273399
0.0279155
0.0284559
0.0290107
0.0295879
0.0301729
0.0307772
0.0314181
0.0320812
0.0327668
0.0334511
0.0341353
0.0347851
0.0354461
0.0361607
0.0369131
0.0376511
0.0384091
0.0391856
0.0399567
0.040736
0.0415373
0.0423747
0.0432175
0.0440885
0.0449635
0.0458681
0.0467809
0.0477281
0.0486869
0.0496674
0.0506801
0.0517109
0.0527629
0.0538155
0.0548757
0.0559749
0.0570777
0.0582295
0.059358
0.060514
0.0616684
0.0628201
0.0639513
0.0650369
0.0659917
0.0667204
0.014669
0.0143442
0.0134453
0.0120073
0.0106407
0.00982848
0.00950485
0.00953275
0.00985743
0.0103117
0.0107114
0.0109747
0.0111475
0.011359
0.0116355
0.0118915
0.0121253
0.0123973
0.0127149
0.0130588
0.0133875
0.01367
0.0139369
0.0142295
0.0145588
0.0149097
0.0152444
0.0155622
0.0159112
0.0162897
0.0166414
0.0169723
0.0173353
0.0177426
0.0181741
0.0186249
0.0190953
0.019562
0.0200188
0.0204813
0.0209293
0.0213492
0.0217666
0.0221934
0.0226316
0.023103
0.0236019
0.0241058
0.0246133
0.0251484
0.0256974
0.0262307
0.0267641
0.0273405
0.0279151
0.0284563
0.0290121
0.0295897
0.0301753
0.0307798
0.0314205
0.0320828
0.0327673
0.0334501
0.0341342
0.0347856
0.0354481
0.0361624
0.036914
0.037652
0.0384099
0.0391861
0.0399573
0.0407371
0.0415387
0.0423759
0.0432187
0.0440897
0.0449647
0.0458693
0.0467822
0.0477294
0.0486882
0.0496686
0.050681
0.0517114
0.0527631
0.0538158
0.0548763
0.0559756
0.0570782
0.0582296
0.0593584
0.0605144
0.0616694
0.0628216
0.0639534
0.0650423
0.065999
0.0667234
0.0144068
0.0141154
0.0133571
0.0121242
0.0108417
0.010032
0.00969896
0.00967268
0.00992657
0.0103485
0.0107475
0.0110147
0.0111898
0.0114032
0.0116768
0.0119229
0.0121462
0.0124164
0.0127399
0.0130854
0.0134061
0.0136804
0.0139485
0.0142479
0.0145783
0.014923
0.0152539
0.0155742
0.0159245
0.0163
0.0166497
0.016983
0.0173487
0.0177555
0.0181844
0.0186324
0.0191001
0.0195645
0.0200201
0.020482
0.0209297
0.0213499
0.0217683
0.0221973
0.0226374
0.0231081
0.0236052
0.0241087
0.0246166
0.0251507
0.0256983
0.0262317
0.0267657
0.0273412
0.0279148
0.0284567
0.0290136
0.0295918
0.0301779
0.0307826
0.0314229
0.0320845
0.0327678
0.0334492
0.0341332
0.0347864
0.0354504
0.0361644
0.036915
0.0376528
0.0384108
0.0391865
0.0399579
0.0407384
0.0415403
0.0423773
0.04322
0.0440909
0.044966
0.0458706
0.0467836
0.0477307
0.0486895
0.0496699
0.0506821
0.0517119
0.0527633
0.0538161
0.054877
0.0559763
0.0570788
0.0582298
0.0593589
0.0605148
0.0616705
0.0628232
0.0639557
0.0650479
0.0660067
0.0667267
0.0141596
0.0139097
0.0132547
0.012221
0.0110378
0.0102249
0.00988846
0.00982824
0.0100115
0.0103888
0.0107799
0.0110514
0.0112321
0.0114501
0.011721
0.0119564
0.0121684
0.0124363
0.0127657
0.0131132
0.0134257
0.0136914
0.0139608
0.0142672
0.0145987
0.014937
0.0152638
0.0155866
0.0159385
0.0163109
0.0166586
0.0169942
0.0173625
0.0177686
0.0181949
0.0186402
0.0191051
0.0195672
0.0200216
0.0204828
0.0209303
0.0213506
0.02177
0.0222013
0.0226434
0.0231134
0.0236085
0.0241118
0.0246202
0.0251532
0.0256992
0.0262327
0.0267675
0.027342
0.0279145
0.0284572
0.0290153
0.0295941
0.0301807
0.0307856
0.0314255
0.0320862
0.0327684
0.0334484
0.0341323
0.0347873
0.0354529
0.0361664
0.036916
0.0376537
0.0384116
0.039187
0.0399585
0.0407397
0.041542
0.0423788
0.0432213
0.0440922
0.0449673
0.0458719
0.046785
0.0477321
0.0486909
0.0496712
0.0506832
0.0517125
0.0527636
0.0538165
0.0548777
0.055977
0.0570794
0.05823
0.0593594
0.0605152
0.0616716
0.0628249
0.0639582
0.0650537
0.0660147
0.0667302
0.0139158
0.0137325
0.0131464
0.0122927
0.0112292
0.0104105
0.0100683
0.00999556
0.0101146
0.0104352
0.0108095
0.0110844
0.0112736
0.011499
0.0117683
0.011992
0.0121919
0.0124572
0.0127925
0.0131421
0.0134465
0.013703
0.0139736
0.0142873
0.0146199
0.0149515
0.0152742
0.0155996
0.0159532
0.0163224
0.0166679
0.0170058
0.0173766
0.017782
0.0182058
0.0186484
0.0191105
0.0195702
0.0200233
0.0204839
0.0209311
0.0213515
0.0217718
0.0222054
0.0226495
0.0231188
0.0236119
0.0241149
0.0246239
0.0251558
0.0257001
0.0262337
0.0267693
0.0273429
0.0279143
0.0284578
0.0290171
0.0295965
0.0301836
0.0307887
0.0314281
0.0320879
0.032769
0.0334477
0.0341315
0.0347883
0.0354555
0.0361686
0.0369171
0.0376546
0.0384125
0.0391875
0.0399592
0.0407411
0.0415438
0.0423803
0.0432226
0.0440936
0.0449686
0.0458733
0.0467865
0.0477335
0.0486923
0.0496726
0.0506843
0.0517132
0.0527639
0.0538168
0.0548785
0.0559778
0.05708
0.0582302
0.0593599
0.0605157
0.0616728
0.0628267
0.0639608
0.0650596
0.0660231
0.0667341
0.0136616
0.013581
0.0130444
0.0123368
0.0114122
0.0105939
0.010236
0.0101686
0.0102377
0.010491
0.0108372
0.0111135
0.0113134
0.0115492
0.0118183
0.01203
0.0122169
0.0124794
0.0128203
0.0131721
0.0134684
0.0137155
0.0139869
0.0143083
0.0146422
0.0149667
0.015285
0.0156132
0.0159687
0.0163346
0.0166777
0.0170177
0.017391
0.0177956
0.0182169
0.0186569
0.0191161
0.0195733
0.0200252
0.0204853
0.0209321
0.0213525
0.0217737
0.0222097
0.0226557
0.0231243
0.0236154
0.0241182
0.0246278
0.0251586
0.0257012
0.0262348
0.0267712
0.0273439
0.0279141
0.0284585
0.0290191
0.029599
0.0301866
0.0307919
0.0314308
0.0320897
0.0327697
0.033447
0.0341307
0.0347893
0.0354582
0.0361707
0.0369182
0.0376556
0.0384135
0.039188
0.0399599
0.0407426
0.0415457
0.0423818
0.043224
0.044095
0.0449701
0.0458748
0.046788
0.047735
0.0486938
0.049674
0.0506855
0.0517139
0.0527643
0.0538172
0.0548793
0.0559786
0.0570807
0.0582304
0.0593604
0.0605163
0.061674
0.0628287
0.0639636
0.0650658
0.0660318
0.0667383
0.013389
0.0134445
0.0129595
0.0123556
0.0115787
0.0107806
0.0103941
0.0103394
0.0103797
0.0105601
0.0108644
0.0111391
0.0113513
0.0115997
0.0118706
0.0120705
0.0122437
0.0125028
0.0128496
0.0132033
0.0134912
0.0137287
0.0140008
0.01433
0.0146656
0.0149828
0.0152962
0.0156273
0.0159849
0.0163475
0.0166879
0.0170301
0.0174058
0.0178096
0.0182284
0.0186658
0.0191221
0.0195767
0.0200273
0.0204869
0.0209334
0.0213537
0.0217757
0.022214
0.0226622
0.0231299
0.023619
0.0241215
0.0246319
0.0251615
0.0257023
0.026236
0.0267732
0.027345
0.027914
0.0284592
0.0290211
0.0296016
0.0301896
0.0307952
0.0314336
0.0320916
0.0327703
0.0334464
0.03413
0.0347904
0.0354608
0.036173
0.0369193
0.0376566
0.0384145
0.0391886
0.0399607
0.0407442
0.0415476
0.0423835
0.0432255
0.0440965
0.0449716
0.0458763
0.0467896
0.0477366
0.0486954
0.0496755
0.0506867
0.0517146
0.0527646
0.0538176
0.0548801
0.0559794
0.0570815
0.0582307
0.059361
0.0605169
0.0616753
0.0628309
0.0639666
0.0650723
0.0660409
0.0667428
0.0131006
0.01331
0.0128973
0.0123575
0.0117197
0.0109714
0.0105487
0.0105009
0.0105367
0.010647
0.0108934
0.0111608
0.0113871
0.0116497
0.0119245
0.0121135
0.0122723
0.0125276
0.0128803
0.013236
0.0135151
0.0137427
0.0140153
0.0143525
0.01469
0.0149998
0.0153079
0.0156419
0.016002
0.0163612
0.0166988
0.0170429
0.017421
0.0178239
0.0182401
0.018675
0.0191284
0.0195804
0.0200297
0.0204888
0.020935
0.0213552
0.0217778
0.0222184
0.0226688
0.0231358
0.0236227
0.024125
0.0246361
0.0251647
0.0257034
0.0262372
0.0267754
0.0273462
0.0279139
0.02846
0.0290233
0.0296043
0.0301927
0.0307986
0.0314365
0.0320935
0.032771
0.0334458
0.0341294
0.0347914
0.0354635
0.0361752
0.0369205
0.0376576
0.0384155
0.0391892
0.0399615
0.0407458
0.0415496
0.0423852
0.043227
0.0440981
0.0449731
0.0458778
0.0467913
0.0477383
0.048697
0.049677
0.050688
0.0517154
0.052765
0.0538181
0.0548809
0.0559803
0.0570823
0.058231
0.0593617
0.0605175
0.0616767
0.0628332
0.0639698
0.0650789
0.0660504
0.0667477
0.012805
0.0131671
0.012856
0.0123557
0.0118307
0.0111589
0.0107064
0.0106514
0.010701
0.0107546
0.0109281
0.0111781
0.0114209
0.0116993
0.011979
0.0121586
0.012303
0.0125538
0.0129125
0.0132705
0.0135402
0.0137572
0.0140305
0.0143757
0.0147154
0.0150177
0.0153202
0.015657
0.0160198
0.0163756
0.0167101
0.0170561
0.0174365
0.0178385
0.0182522
0.0186846
0.019135
0.0195843
0.0200324
0.020491
0.0209369
0.0213568
0.02178
0.022223
0.0226755
0.0231418
0.0236265
0.0241286
0.0246406
0.025168
0.0257047
0.0262384
0.0267776
0.0273475
0.0279139
0.0284609
0.0290255
0.0296071
0.0301959
0.030802
0.0314395
0.0320954
0.0327717
0.0334453
0.0341288
0.0347925
0.0354661
0.0361775
0.0369217
0.0376587
0.0384166
0.0391898
0.0399624
0.0407475
0.0415517
0.0423869
0.0432286
0.0440997
0.0449747
0.0458795
0.046793
0.04774
0.0486986
0.0496786
0.0506893
0.0517162
0.0527655
0.0538186
0.0548818
0.0559811
0.0570831
0.0582313
0.0593624
0.0605183
0.0616781
0.0628357
0.0639732
0.0650858
0.0660603
0.066753
0.0125083
0.0130115
0.0128279
0.0123625
0.0119156
0.0113317
0.0108713
0.0107958
0.0108635
0.0108815
0.0109745
0.0111913
0.0114518
0.0117492
0.0120335
0.012205
0.0123357
0.0125816
0.0129461
0.0133069
0.0135671
0.0137723
0.014046
0.0143999
0.0147418
0.0150366
0.0153332
0.0156727
0.0160384
0.0163909
0.0167221
0.0170697
0.0174525
0.0178535
0.0182646
0.0186946
0.019142
0.0195886
0.0200354
0.0204935
0.0209391
0.0213586
0.0217823
0.0222277
0.0226825
0.0231479
0.0236303
0.0241322
0.0246452
0.0251715
0.025706
0.0262397
0.02678
0.0273489
0.027914
0.0284619
0.0290279
0.0296099
0.0301991
0.0308055
0.0314425
0.0320974
0.0327725
0.0334449
0.0341284
0.0347936
0.0354687
0.0361798
0.036923
0.0376598
0.0384178
0.0391905
0.0399633
0.0407493
0.0415538
0.0423887
0.0432303
0.0441014
0.0449764
0.0458812
0.0467949
0.0477418
0.0487004
0.0496803
0.0506907
0.0517171
0.052766
0.0538191
0.0548828
0.0559821
0.0570839
0.0582317
0.0593631
0.0605191
0.0616796
0.0628384
0.0639769
0.0650929
0.0660706
0.0667587
0.0122131
0.0128427
0.012804
0.0123828
0.0119846
0.011482
0.0110392
0.0109413
0.0110189
0.0110218
0.011038
0.0112037
0.0114778
0.0117997
0.0120885
0.0122515
0.0123699
0.0126112
0.0129814
0.0133452
0.0135961
0.0137886
0.0140616
0.0144248
0.0147694
0.0150562
0.0153469
0.0156891
0.0160577
0.0164069
0.0167346
0.0170838
0.0174689
0.0178689
0.0182774
0.0187049
0.0191493
0.0195932
0.0200387
0.0204964
0.0209416
0.0213607
0.0217848
0.0222325
0.0226896
0.0231543
0.0236343
0.024136
0.0246501
0.0251752
0.0257074
0.0262411
0.0267825
0.0273505
0.0279141
0.0284629
0.0290304
0.0296128
0.0302024
0.030809
0.0314456
0.0320995
0.0327732
0.0334446
0.034128
0.0347946
0.0354714
0.0361822
0.0369243
0.037661
0.038419
0.0391913
0.0399643
0.0407511
0.0415559
0.0423905
0.0432321
0.0441032
0.0449782
0.0458829
0.0467967
0.0477437
0.0487022
0.049682
0.0506921
0.051718
0.0527665
0.0538196
0.0548837
0.055983
0.0570848
0.0582321
0.0593639
0.0605201
0.0616812
0.0628413
0.0639809
0.0651002
0.0660812
0.0667648
0.0119225
0.0126612
0.0127768
0.012412
0.0120489
0.0116105
0.0112001
0.0110924
0.0111698
0.0111669
0.0111197
0.0112211
0.0114976
0.0118497
0.0121451
0.0122976
0.0124048
0.0126425
0.0130186
0.0133853
0.013627
0.0138064
0.0140776
0.0144502
0.0147983
0.0150768
0.0153611
0.0157063
0.016078
0.0164237
0.0167478
0.0170984
0.0174857
0.0178846
0.0182906
0.0187156
0.019157
0.0195981
0.0200423
0.0204996
0.0209445
0.021363
0.0217874
0.0222375
0.022697
0.0231608
0.0236384
0.0241399
0.0246551
0.0251791
0.0257089
0.0262425
0.0267852
0.0273523
0.0279143
0.028464
0.0290329
0.0296158
0.0302057
0.0308126
0.0314487
0.0321017
0.0327741
0.0334443
0.0341277
0.0347957
0.035474
0.0361846
0.0369257
0.0376623
0.0384203
0.0391921
0.0399654
0.0407529
0.0415581
0.0423925
0.0432339
0.044105
0.04498
0.0458847
0.0467987
0.0477456
0.048704
0.0496837
0.0506936
0.0517189
0.0527671
0.0538203
0.0548848
0.055984
0.0570858
0.0582325
0.0593647
0.0605211
0.0616828
0.0628444
0.063985
0.0651077
0.0660923
0.0667714
0.0116428
0.0124674
0.0127424
0.0124433
0.0121135
0.0117257
0.0113456
0.0112457
0.0113237
0.011311
0.0112151
0.0112499
0.011513
0.0118967
0.0122046
0.0123441
0.012439
0.0126748
0.0130578
0.0134277
0.0136597
0.0138259
0.0140944
0.0144757
0.0148283
0.0150986
0.0153757
0.0157242
0.0160995
0.0164414
0.0167614
0.0171134
0.017503
0.0179007
0.0183041
0.0187268
0.0191651
0.0196034
0.0200464
0.0205033
0.0209477
0.0213657
0.0217901
0.0222426
0.0227046
0.0231676
0.0236426
0.0241439
0.0246604
0.0251833
0.0257106
0.0262439
0.026788
0.0273542
0.0279146
0.0284652
0.0290356
0.0296188
0.0302091
0.0308162
0.031452
0.0321038
0.0327749
0.0334442
0.0341276
0.0347968
0.0354766
0.036187
0.0369271
0.0376636
0.0384216
0.039193
0.0399665
0.0407549
0.0415604
0.0423944
0.0432358
0.044107
0.0449819
0.0458866
0.0468007
0.0477477
0.048706
0.0496855
0.0506951
0.05172
0.0527677
0.0538209
0.0548858
0.055985
0.0570868
0.0582331
0.0593656
0.0605223
0.0616846
0.0628477
0.0639895
0.0651155
0.0661038
0.0667785
0.0113825
0.0122629
0.0126989
0.0124732
0.0121752
0.0118374
0.0114762
0.0113903
0.011484
0.0114568
0.011317
0.0112922
0.0115291
0.0119384
0.0122661
0.0123926
0.0124718
0.012707
0.0130987
0.0134728
0.0136947
0.0138467
0.0141125
0.0145019
0.014859
0.0151217
0.0153908
0.0157425
0.0161221
0.0164601
0.0167756
0.0171288
0.0175208
0.0179174
0.018318
0.0187383
0.0191737
0.019609
0.0200508
0.0205073
0.0209514
0.0213686
0.021793
0.0222479
0.0227124
0.0231745
0.0236469
0.0241479
0.0246659
0.0251877
0.0257123
0.0262455
0.026791
0.0273562
0.0279149
0.0284665
0.0290385
0.0296219
0.0302125
0.0308199
0.0314553
0.0321061
0.0327758
0.0334441
0.0341275
0.034798
0.0354792
0.0361894
0.0369286
0.037665
0.0384231
0.0391939
0.0399677
0.0407569
0.0415627
0.0423965
0.0432377
0.044109
0.0449839
0.0458886
0.0468028
0.0477498
0.048708
0.0496874
0.0506967
0.051721
0.0527684
0.0538216
0.0548869
0.0559861
0.0570879
0.0582336
0.0593665
0.0605236
0.0616864
0.0628513
0.0639943
0.0651235
0.0661157
0.066786
0.0111486
0.0120533
0.0126431
0.0125008
0.0122272
0.0119495
0.0116025
0.0115167
0.0116451
0.0116126
0.0114211
0.0113433
0.011552
0.0119757
0.0123271
0.0124445
0.012504
0.0127376
0.0131404
0.0135208
0.0137326
0.0138688
0.0141316
0.0145293
0.0148904
0.0151457
0.0154068
0.0157612
0.0161459
0.0164802
0.0167903
0.0171446
0.017539
0.0179345
0.0183324
0.0187503
0.0191827
0.0196151
0.0200556
0.0205119
0.0209556
0.0213719
0.0217961
0.0222532
0.0227204
0.0231818
0.0236513
0.0241521
0.0246716
0.0251924
0.0257142
0.026247
0.0267941
0.0273585
0.0279154
0.0284679
0.0290415
0.0296251
0.0302159
0.0308236
0.0314587
0.0321084
0.0327768
0.0334442
0.0341276
0.0347991
0.0354818
0.0361919
0.0369301
0.0376665
0.0384246
0.0391949
0.0399689
0.0407589
0.0415651
0.0423986
0.0432398
0.0441111
0.0449859
0.0458907
0.046805
0.047752
0.04871
0.0496893
0.0506983
0.0517222
0.0527691
0.0538223
0.0548881
0.0559872
0.057089
0.0582343
0.0593675
0.060525
0.0616883
0.0628551
0.0639995
0.0651317
0.066128
0.0667942
0.0109451
0.0118488
0.0125727
0.0125255
0.0122652
0.0120561
0.0117371
0.0116256
0.0117924
0.0117826
0.0115329
0.0113966
0.0115824
0.0120135
0.0123858
0.0124992
0.012537
0.0127663
0.013182
0.013571
0.013774
0.0138925
0.0141511
0.0145583
0.0149232
0.0151703
0.0154235
0.0157803
0.0161704
0.0165017
0.0168058
0.0171605
0.0175578
0.0179522
0.0183472
0.0187627
0.0191921
0.0196216
0.0200608
0.0205169
0.0209602
0.0213756
0.0217994
0.0222587
0.0227287
0.0231893
0.0236559
0.0241563
0.0246775
0.0251973
0.0257162
0.0262487
0.0267974
0.0273609
0.027916
0.0284694
0.0290446
0.0296284
0.0302193
0.0308274
0.0314622
0.0321109
0.0327779
0.0334444
0.0341278
0.0348003
0.0354844
0.0361944
0.0369317
0.037668
0.0384262
0.039196
0.0399702
0.0407611
0.0415676
0.0424007
0.0432419
0.0441133
0.044988
0.0458928
0.0468072
0.0477543
0.0487122
0.0496913
0.0507
0.0517234
0.0527699
0.0538231
0.0548893
0.0559884
0.0570901
0.058235
0.0593685
0.0605266
0.0616904
0.0628591
0.0640049
0.0651402
0.0661407
0.0668028
0.0107695
0.0116617
0.0124894
0.0125467
0.0122896
0.012145
0.011887
0.0117317
0.0119122
0.0119592
0.011664
0.0114493
0.0116144
0.0120563
0.0124436
0.0125551
0.0125716
0.0127934
0.0132225
0.0136227
0.0138189
0.0139189
0.0141705
0.0145884
0.0149584
0.0151955
0.0154402
0.0158001
0.0161958
0.0165245
0.0168223
0.0171767
0.0175768
0.0179704
0.0183624
0.0187755
0.0192019
0.0196285
0.0200665
0.0205222
0.0209653
0.0213797
0.021803
0.0222643
0.0227371
0.0231971
0.0236606
0.0241606
0.0246836
0.0252026
0.0257183
0.0262504
0.0268009
0.0273636
0.0279166
0.028471
0.0290478
0.0296319
0.0302228
0.0308312
0.0314658
0.0321133
0.032779
0.0334448
0.0341282
0.0348016
0.0354869
0.036197
0.0369333
0.0376696
0.0384278
0.0391972
0.0399717
0.0407633
0.0415701
0.042403
0.0432441
0.0441156
0.0449902
0.045895
0.0468096
0.0477566
0.0487144
0.0496934
0.0507018
0.0517246
0.0527708
0.0538239
0.0548905
0.0559896
0.0570914
0.0582358
0.0593696
0.0605283
0.0616925
0.0628633
0.0640108
0.0651489
0.0661538
0.0668121
0.0106099
0.0115018
0.0124011
0.012564
0.0123055
0.0122054
0.0120461
0.011854
0.012001
0.0121233
0.0118218
0.0115103
0.0116404
0.0121027
0.0125052
0.0126118
0.012607
0.012819
0.0132619
0.0136754
0.0138665
0.0139486
0.0141906
0.0146185
0.0149966
0.0152225
0.0154563
0.0158204
0.0162225
0.0165485
0.0168399
0.0171933
0.0175961
0.0179893
0.0183782
0.0187888
0.0192123
0.019636
0.0200727
0.0205281
0.0209708
0.0213843
0.0218068
0.02227
0.0227457
0.0232051
0.0236655
0.024165
0.0246899
0.0252081
0.0257206
0.0262521
0.0268046
0.0273665
0.0279174
0.0284726
0.0290512
0.0296354
0.0302263
0.030835
0.0314695
0.0321159
0.0327801
0.0334453
0.0341287
0.0348028
0.0354895
0.0361995
0.036935
0.0376712
0.0384296
0.0391984
0.0399732
0.0407656
0.0415727
0.0424053
0.0432465
0.044118
0.0449925
0.0458973
0.046812
0.0477591
0.0487167
0.0496956
0.0507036
0.051726
0.0527717
0.0538248
0.0548918
0.0559908
0.0570926
0.0582366
0.0593707
0.0605303
0.0616948
0.0628677
0.0640171
0.0651578
0.0661673
0.066822
0.0104501
0.0113696
0.0123187
0.0125794
0.0123204
0.0122319
0.0121964
0.0120073
0.012074
0.0122541
0.0120001
0.0115955
0.011658
0.0121447
0.0125739
0.0126727
0.0126424
0.012842
0.0132999
0.0137296
0.0139162
0.0139811
0.0142124
0.0146481
0.0150367
0.0152528
0.0154719
0.0158398
0.0162508
0.0165738
0.0168583
0.0172106
0.0176156
0.0180085
0.0183946
0.0188025
0.0192232
0.0196439
0.0200794
0.0205345
0.0209768
0.0213893
0.0218109
0.0222759
0.0227546
0.0232134
0.0236706
0.0241696
0.0246964
0.0252139
0.0257231
0.026254
0.0268084
0.0273697
0.0279184
0.0284744
0.0290548
0.029639
0.0302298
0.0308389
0.0314732
0.0321186
0.0327814
0.0334459
0.0341294
0.0348041
0.0354921
0.0362022
0.0369368
0.037673
0.0384314
0.0391997
0.0399747
0.040768
0.0415753
0.0424077
0.0432489
0.0441205
0.0449949
0.0458997
0.0468145
0.0477617
0.048719
0.0496978
0.0507054
0.0517274
0.0527727
0.0538258
0.0548932
0.0559921
0.057094
0.0582376
0.0593719
0.0605324
0.0616973
0.0628724
0.0640237
0.0651669
0.0661811
0.0668325
0.0102748
0.0112539
0.0122518
0.0125966
0.0123426
0.0122275
0.012316
0.0121927
0.0121565
0.0123402
0.0121772
0.0117174
0.0116778
0.012173
0.0126458
0.0127432
0.0126803
0.0128603
0.0133349
0.0137866
0.0139686
0.0140147
0.014236
0.0146782
0.0150778
0.0152869
0.0154886
0.0158574
0.01628
0.0166013
0.0168773
0.0172284
0.0176357
0.0180282
0.0184115
0.0188167
0.0192346
0.0196525
0.0200866
0.0205414
0.0209834
0.0213948
0.0218154
0.0222819
0.0227636
0.023222
0.0236759
0.0241741
0.0247032
0.0252201
0.0257257
0.0262558
0.0268125
0.0273731
0.0279194
0.0284763
0.0290585
0.0296428
0.0302334
0.0308428
0.0314771
0.0321213
0.0327828
0.0334468
0.0341302
0.0348055
0.0354947
0.0362048
0.0369386
0.0376748
0.0384333
0.0392011
0.0399764
0.0407704
0.041578
0.0424101
0.0432514
0.0441231
0.0449973
0.0459022
0.0468171
0.0477643
0.0487215
0.0497
0.0507073
0.0517289
0.0527737
0.0538268
0.0548946
0.0559935
0.0570953
0.0582387
0.0593732
0.0605346
0.0616999
0.0628773
0.0640308
0.0651763
0.0661952
0.0668436
0.0100764
0.0111356
0.0122036
0.0126218
0.0123807
0.0122048
0.0123862
0.012393
0.012274
0.0123916
0.0123266
0.011874
0.0117184
0.0121849
0.0127106
0.0128249
0.0127271
0.0128743
0.0133622
0.0138462
0.0140264
0.0140485
0.0142597
0.0147103
0.0151199
0.0153236
0.0155079
0.0158735
0.0163087
0.0166314
0.0168975
0.0172461
0.0176565
0.0180483
0.0184289
0.0188315
0.0192465
0.0196616
0.0200944
0.0205488
0.0209905
0.0214008
0.0218202
0.0222882
0.0227729
0.023231
0.0236813
0.0241787
0.0247103
0.0252267
0.0257284
0.0262577
0.0268168
0.0273769
0.0279207
0.0284783
0.0290623
0.0296466
0.030237
0.0308467
0.0314811
0.0321241
0.0327842
0.0334478
0.0341312
0.0348069
0.0354973
0.0362075
0.0369405
0.0376767
0.0384353
0.0392026
0.0399782
0.040773
0.0415808
0.0424127
0.043254
0.0441258
0.0449998
0.0459048
0.0468198
0.0477671
0.048724
0.0497024
0.0507093
0.0517304
0.0527749
0.0538279
0.0548961
0.055995
0.0570968
0.05824
0.0593745
0.0605371
0.0617027
0.0628824
0.0640384
0.065186
0.0662097
0.0668554
0.00986125
0.010993
0.0121661
0.0126611
0.0124424
0.0121834
0.012398
0.0125785
0.0124411
0.0124357
0.0124282
0.0120439
0.0117963
0.0121921
0.012758
0.012911
0.0127892
0.0128896
0.0133774
0.0139042
0.0140937
0.0140839
0.0142802
0.0147441
0.015165
0.0153619
0.0155298
0.0158898
0.0163358
0.0166633
0.0169199
0.0172637
0.0176777
0.0180694
0.0184464
0.0188469
0.019259
0.0196713
0.0201029
0.0205569
0.0209981
0.0214073
0.0218253
0.0222946
0.0227825
0.0232403
0.0236869
0.0241833
0.0247175
0.0252338
0.0257314
0.0262596
0.0268213
0.0273809
0.0279221
0.0284805
0.0290664
0.0296506
0.0302406
0.0308507
0.0314852
0.0321271
0.0327857
0.0334489
0.0341324
0.0348083
0.0354999
0.0362103
0.0369425
0.0376787
0.0384374
0.0392041
0.0399801
0.0407756
0.0415836
0.0424153
0.0432566
0.0441286
0.0450025
0.0459074
0.0468226
0.0477699
0.0487265
0.0497048
0.0507114
0.051732
0.0527761
0.0538291
0.0548976
0.0559965
0.0570983
0.0582413
0.0593759
0.0605398
0.0617058
0.0628877
0.0640465
0.0651959
0.0662245
0.0668679
0.00964932
0.0108108
0.0121213
0.0127161
0.0125313
0.0121846
0.0123598
0.0127171
0.0126508
0.0125048
0.0124825
0.0121984
0.0119129
0.0122142
0.0127869
0.0129895
0.0128667
0.0129164
0.0133808
0.0139521
0.0141716
0.0141268
0.0142946
0.0147763
0.0152155
0.0154028
0.0155525
0.0159073
0.016362
0.0166955
0.0169447
0.0172817
0.0176987
0.0180916
0.0184645
0.0188623
0.0192722
0.0196815
0.0201119
0.0205656
0.0210064
0.0214144
0.0218307
0.0223011
0.0227923
0.0232501
0.0236928
0.0241879
0.0247249
0.0252414
0.0257348
0.0262615
0.026826
0.0273853
0.0279238
0.0284827
0.0290706
0.0296548
0.0302442
0.0308547
0.0314894
0.0321301
0.0327873
0.0334503
0.0341337
0.0348099
0.0355026
0.0362131
0.0369445
0.0376808
0.0384396
0.0392058
0.039982
0.0407783
0.0415866
0.042418
0.0432594
0.0441314
0.0450052
0.0459102
0.0468254
0.0477728
0.0487292
0.0497073
0.0507135
0.0517337
0.0527774
0.0538303
0.0548992
0.0559981
0.0570999
0.0582429
0.0593774
0.0605427
0.0617091
0.0628932
0.064055
0.0652062
0.0662395
0.066881
0.00946566
0.0105923
0.0120449
0.0127796
0.0126466
0.0122249
0.0122968
0.0127838
0.0128745
0.0126267
0.0125129
0.0123116
0.0120495
0.0122679
0.0128104
0.0130501
0.012949
0.0129633
0.0133815
0.0139812
0.0142545
0.0141848
0.0143042
0.0148007
0.0152721
0.01545
0.0155746
0.0159251
0.0163894
0.0167273
0.0169709
0.0173013
0.0177194
0.0181145
0.0184837
0.0188778
0.019286
0.0196927
0.0201214
0.0205749
0.0210152
0.0214221
0.0218365
0.0223076
0.0228024
0.0232604
0.023699
0.0241924
0.0247324
0.0252494
0.0257385
0.0262635
0.0268307
0.02739
0.0279257
0.028485
0.029075
0.0296591
0.0302478
0.0308587
0.0314937
0.0321332
0.0327891
0.0334518
0.0341352
0.0348115
0.0355052
0.036216
0.0369467
0.0376829
0.0384419
0.0392076
0.0399841
0.0407811
0.0415895
0.0424208
0.0432624
0.0441345
0.045008
0.0459131
0.0468284
0.0477759
0.0487319
0.0497099
0.0507158
0.0517355
0.0527788
0.0538316
0.0549008
0.0559998
0.0571015
0.0582445
0.059379
0.0605457
0.0617127
0.0628989
0.064064
0.0652167
0.0662547
0.0668948
0.00932844
0.0103602
0.0119185
0.0128351
0.0127851
0.0123118
0.01224
0.0127724
0.013074
0.0128104
0.0125528
0.0123764
0.0121788
0.0123542
0.0128478
0.0130947
0.0130209
0.0130285
0.0133944
0.0139901
0.0143295
0.0142629
0.0143171
0.0148111
0.0153303
0.0155081
0.0155973
0.0159401
0.0164189
0.0167604
0.0169967
0.017322
0.0177408
0.0181377
0.0185042
0.0188937
0.0192998
0.0197047
0.0201316
0.0205846
0.0210248
0.0214305
0.0218428
0.0223142
0.0228125
0.0232713
0.0237056
0.0241969
0.02474
0.0252578
0.0257425
0.0262656
0.0268356
0.027395
0.0279278
0.0284875
0.0290795
0.0296636
0.0302515
0.0308627
0.0314982
0.0321365
0.0327909
0.0334535
0.0341369
0.0348132
0.035508
0.0362189
0.0369488
0.0376851
0.0384442
0.0392095
0.0399863
0.040784
0.0415926
0.0424238
0.0432654
0.0441376
0.0450109
0.0459161
0.0468315
0.047779
0.0487348
0.0497126
0.0507181
0.0517374
0.0527803
0.053833
0.0549026
0.0560016
0.0571032
0.0582464
0.0593807
0.060549
0.0617166
0.0629048
0.0640735
0.0652277
0.0662701
0.0669092
0.00924483
0.0101425
0.0117412
0.0128591
0.0129384
0.0124446
0.0122175
0.0127016
0.013211
0.0130372
0.0126363
0.01241
0.0122749
0.0124547
0.0129144
0.0131403
0.0130717
0.0130964
0.0134316
0.0139917
0.0143827
0.0143552
0.0143458
0.0148064
0.0153812
0.0155799
0.0156257
0.0159494
0.0164485
0.0167976
0.0170221
0.0173421
0.0177636
0.0181616
0.0185254
0.0189103
0.0193134
0.0197173
0.020143
0.0205949
0.021035
0.0214397
0.0218496
0.0223209
0.0228227
0.0232828
0.0237128
0.0242014
0.0247475
0.0252666
0.0257469
0.0262678
0.0268407
0.0274004
0.0279302
0.02849
0.0290842
0.0296683
0.0302552
0.0308668
0.0315028
0.03214
0.0327929
0.0334554
0.0341388
0.034815
0.0355108
0.0362219
0.0369512
0.0376874
0.0384467
0.0392115
0.0399887
0.040787
0.0415958
0.0424268
0.0432685
0.0441408
0.0450138
0.0459192
0.0468347
0.0477822
0.0487377
0.0497154
0.0507205
0.0517394
0.0527819
0.0538346
0.0549043
0.0560036
0.057105
0.0582484
0.0593826
0.0605524
0.0617209
0.0629109
0.0640835
0.065239
0.0662857
0.0669243
0.00921271
0.00996247
0.0115311
0.0128287
0.0130891
0.012618
0.0122488
0.0126057
0.0132618
0.0132694
0.0127843
0.0124421
0.0123289
0.012544
0.0130071
0.0132085
0.0131067
0.0131467
0.0134906
0.0140061
0.0144102
0.0144451
0.0143999
0.014796
0.015414
0.015662
0.0156674
0.0159533
0.0164738
0.0168403
0.0170498
0.0173595
0.017787
0.0181875
0.0185472
0.0189277
0.0193272
0.0197299
0.0201555
0.0206061
0.0210455
0.0214496
0.021857
0.0223276
0.0228329
0.0232946
0.0237206
0.0242061
0.0247551
0.0252759
0.0257516
0.02627
0.0268461
0.0274062
0.0279328
0.0284927
0.0290891
0.0296732
0.0302589
0.0308708
0.0315075
0.0321435
0.032795
0.0334575
0.0341409
0.0348169
0.0355136
0.036225
0.0369535
0.0376898
0.0384492
0.0392137
0.0399911
0.0407901
0.041599
0.0424299
0.0432718
0.0441441
0.0450169
0.0459224
0.046838
0.0477855
0.0487407
0.0497182
0.0507229
0.0517414
0.0527836
0.0538362
0.0549062
0.0560056
0.0571068
0.0582505
0.0593846
0.060556
0.0617256
0.0629171
0.0640939
0.0652507
0.0663015
0.06694
0.00922545
0.00983306
0.0113148
0.0127359
0.0132116
0.0128195
0.0123415
0.0125216
0.0132301
0.0134646
0.0129913
0.0125062
0.0123532
0.0125989
0.0131042
0.0133136
0.0131494
0.0131657
0.0135499
0.0140504
0.0144269
0.0145138
0.0144759
0.014796
0.0154234
0.0157434
0.0157286
0.0159569
0.0164899
0.0168869
0.0170836
0.0173743
0.0178082
0.0182162
0.0185705
0.0189453
0.0193416
0.0197424
0.0201685
0.0206186
0.0210566
0.0214602
0.0218651
0.0223345
0.0228432
0.0233069
0.0237289
0.0242109
0.0247628
0.0252856
0.0257568
0.0262722
0.0268516
0.0274125
0.0279357
0.0284953
0.0290941
0.0296784
0.0302627
0.0308749
0.0315124
0.0321472
0.0327973
0.0334598
0.0341431
0.0348188
0.0355165
0.0362282
0.036956
0.0376923
0.0384519
0.0392159
0.0399937
0.0407933
0.0416023
0.0424332
0.0432751
0.0441475
0.0450201
0.0459258
0.0468415
0.047789
0.0487437
0.0497211
0.0507255
0.0517435
0.0527854
0.053838
0.0549081
0.0560078
0.0571087
0.0582529
0.0593869
0.0605597
0.0617307
0.0629236
0.0641047
0.0652629
0.0663174
0.0669562
0.00927407
0.0097571
0.0111176
0.0125945
0.0132819
0.0130274
0.0124926
0.0124801
0.0131429
0.0135882
0.0132276
0.0126272
0.0123723
0.0126122
0.0131789
0.0134489
0.0132268
0.0131613
0.0135824
0.0141221
0.0144585
0.0145541
0.0145541
0.0148208
0.0154182
0.0158099
0.0158087
0.0159695
0.0164946
0.0169323
0.0171259
0.0173894
0.0178246
0.0182463
0.0185974
0.0189631
0.0193561
0.0197552
0.0201817
0.0206322
0.0210688
0.0214712
0.0218739
0.0223414
0.0228535
0.0233197
0.0237376
0.0242159
0.0247705
0.0252958
0.0257624
0.0262744
0.0268571
0.0274193
0.0279391
0.028498
0.0290993
0.0296838
0.0302666
0.0308791
0.0315174
0.032151
0.0327997
0.0334624
0.0341456
0.0348209
0.0355195
0.0362315
0.0369587
0.0376949
0.0384546
0.0392183
0.0399964
0.0407966
0.0416057
0.0424365
0.0432786
0.0441511
0.0450234
0.0459293
0.046845
0.0477925
0.0487469
0.0497242
0.0507282
0.0517458
0.0527873
0.0538398
0.05491
0.0560101
0.0571108
0.0582554
0.0593894
0.0605636
0.0617362
0.0629303
0.0641158
0.0652756
0.0663334
0.0669729
0.00934627
0.00973029
0.0109561
0.0124292
0.0132919
0.0132152
0.0126876
0.0124994
0.013036
0.0136278
0.0134547
0.0128095
0.0124158
0.0125958
0.0132091
0.0135882
0.0133567
0.0131625
0.013569
0.0141947
0.0145275
0.0145829
0.0146114
0.014869
0.0154175
0.0158523
0.0158965
0.0160005
0.0164914
0.0169704
0.0171764
0.0174086
0.017836
0.0182747
0.0186286
0.0189828
0.0193698
0.0197683
0.0201951
0.0206465
0.0210823
0.0214831
0.0218831
0.0223486
0.0228637
0.0233331
0.0237468
0.0242207
0.0247784
0.0253065
0.0257685
0.0262766
0.0268625
0.0274267
0.0279431
0.0285007
0.0291044
0.0296894
0.0302706
0.0308832
0.0315226
0.0321549
0.0328022
0.0334651
0.0341482
0.0348231
0.0355225
0.0362348
0.0369614
0.0376976
0.0384575
0.0392209
0.0399993
0.0407999
0.0416092
0.04244
0.0432822
0.0441547
0.0450268
0.0459329
0.0468487
0.0477961
0.0487501
0.0497273
0.0507309
0.0517481
0.0527893
0.0538419
0.0549121
0.0560125
0.0571129
0.058258
0.0593922
0.0605676
0.0617421
0.0629373
0.0641273
0.0652888
0.0663495
0.0669901
0.00942804
0.009745
0.0108361
0.0122614
0.0132511
0.0133611
0.0129027
0.0125841
0.0129448
0.0135957
0.0136353
0.0130335
0.0125082
0.012573
0.0131888
0.0137004
0.0135327
0.0132031
0.0135162
0.0142339
0.0146332
0.014631
0.0146374
0.0149184
0.0154383
0.0158779
0.0159759
0.0160526
0.0164897
0.0169965
0.0172317
0.0174354
0.0178439
0.0182989
0.0186626
0.0190064
0.0193832
0.0197808
0.0202089
0.0206612
0.021097
0.0214962
0.0218927
0.0223558
0.022874
0.023347
0.0237569
0.0242255
0.0247861
0.025318
0.0257753
0.0262787
0.0268679
0.0274345
0.0279476
0.0285036
0.0291096
0.0296953
0.0302747
0.0308874
0.0315279
0.0321591
0.0328049
0.0334679
0.0341511
0.0348255
0.0355257
0.0362382
0.0369642
0.0377003
0.0384604
0.0392236
0.0400023
0.0408034
0.0416128
0.0424436
0.0432858
0.0441585
0.0450304
0.0459366
0.0468525
0.0477998
0.0487534
0.0497306
0.0507338
0.0517506
0.0527914
0.0538441
0.0549142
0.0560151
0.0571152
0.0582608
0.0593952
0.0605718
0.0617484
0.0629446
0.0641391
0.0653025
0.0663658
0.0670077
0.00950523
0.00979264
0.0107595
0.0121054
0.013175
0.0134571
0.0131114
0.0127248
0.0128967
0.0135193
0.013747
0.0132666
0.0126581
0.0125707
0.0131305
0.0137597
0.0137258
0.0133087
0.0134563
0.0142133
0.0147459
0.0147267
0.0146513
0.014942
0.0154803
0.0159074
0.0160355
0.0161157
0.0165004
0.0170113
0.0172857
0.0174717
0.0178512
0.0183178
0.0186974
0.0190346
0.019398
0.0197917
0.0202229
0.0206764
0.0211123
0.021511
0.0219032
0.0223628
0.0228842
0.0233616
0.0237679
0.0242304
0.0247933
0.0253301
0.0257831
0.0262807
0.026873
0.0274429
0.0279527
0.0285065
0.0291147
0.0297013
0.0302789
0.0308917
0.0315334
0.0321634
0.0328077
0.0334709
0.0341541
0.034828
0.0355289
0.0362417
0.0369671
0.0377032
0.0384635
0.0392265
0.0400054
0.0408069
0.0416166
0.0424473
0.0432897
0.0441624
0.045034
0.0459405
0.0468565
0.0478036
0.0487568
0.049734
0.0507367
0.0517532
0.0527935
0.0538464
0.0549164
0.0560178
0.0571177
0.0582637
0.0593987
0.0605761
0.0617552
0.0629523
0.064151
0.0653167
0.0663823
0.0670257
0.00956467
0.00986167
0.0107276
0.0119716
0.0130771
0.0135072
0.0132922
0.0128997
0.012906
0.0134298
0.0137891
0.0134754
0.0128537
0.0126128
0.0130583
0.0137564
0.0139007
0.0134793
0.0134285
0.0141343
0.0148249
0.0148722
0.0146889
0.0149272
0.015518
0.0159601
0.0160826
0.016173
0.0165276
0.0170226
0.0173323
0.017517
0.0178612
0.0183307
0.0187313
0.0190668
0.0194158
0.0198019
0.0202359
0.0206923
0.0211281
0.021527
0.0219151
0.0223694
0.0228941
0.0233769
0.0237798
0.0242355
0.0247999
0.0253426
0.0257922
0.0262827
0.0268775
0.0274517
0.0279586
0.0285096
0.02912
0.0297075
0.0302832
0.030896
0.031539
0.032168
0.0328108
0.033474
0.0341573
0.0348308
0.0355323
0.0362454
0.0369702
0.0377061
0.0384667
0.0392295
0.0400087
0.0408105
0.0416204
0.0424512
0.0432936
0.0441664
0.0450378
0.0459446
0.0468605
0.0478074
0.0487602
0.0497375
0.0507398
0.0517559
0.0527958
0.0538489
0.0549187
0.0560205
0.0571204
0.0582667
0.0594025
0.0605805
0.0617623
0.0629604
0.0641632
0.0653314
0.0663989
0.067044
0.00959739
0.00993689
0.0107366
0.011871
0.0129698
0.0135204
0.0134355
0.0130832
0.0129706
0.0133557
0.0137768
0.0136368
0.0130694
0.0127096
0.0129995
0.0136997
0.0140262
0.0136889
0.013466
0.0140292
0.0148362
0.0150353
0.0147845
0.0148944
0.0155203
0.0160356
0.0161402
0.0162129
0.0165623
0.0170407
0.0173698
0.0175669
0.0178778
0.0183376
0.0187625
0.0191028
0.0194367
0.0198127
0.0202478
0.0207085
0.0211446
0.0215437
0.0219287
0.0223763
0.0229031
0.0233928
0.023793
0.0242408
0.0248059
0.0253552
0.0258027
0.0262853
0.0268813
0.0274609
0.0279654
0.0285128
0.0291252
0.0297141
0.0302877
0.0309003
0.0315448
0.0321728
0.032814
0.0334773
0.0341606
0.0348337
0.0355358
0.0362491
0.0369734
0.0377091
0.03847
0.0392328
0.0400121
0.0408142
0.0416243
0.0424552
0.0432976
0.0441704
0.0450416
0.0459487
0.0468647
0.0478115
0.0487637
0.0497411
0.0507429
0.0517588
0.0527982
0.0538515
0.0549212
0.0560234
0.0571233
0.0582697
0.0594066
0.0605852
0.0617697
0.062969
0.0641755
0.0653465
0.0664158
0.0670625
0.00960095
0.0100024
0.010773
0.0118111
0.0128674
0.0135056
0.0135429
0.0132547
0.0130751
0.0133157
0.0137314
0.0137425
0.0132778
0.0128532
0.0129788
0.0136129
0.0140858
0.0139016
0.0135786
0.0139401
0.0147743
0.0151715
0.0149447
0.014884
0.0154699
0.0161049
0.0162305
0.0162439
0.0165877
0.0170705
0.0174036
0.0176155
0.0179036
0.0183405
0.0187876
0.0191431
0.0194609
0.0198235
0.0202596
0.0207243
0.0211617
0.0215613
0.0219437
0.0223839
0.022911
0.0234089
0.0238079
0.0242465
0.0248111
0.0253678
0.0258144
0.0262885
0.0268847
0.0274701
0.027973
0.0285162
0.0291304
0.029721
0.0302924
0.0309045
0.0315506
0.0321779
0.0328174
0.0334806
0.0341642
0.0348368
0.0355395
0.036253
0.0369767
0.0377122
0.0384734
0.0392363
0.0400156
0.040818
0.0416283
0.0424593
0.0433017
0.0441747
0.0450456
0.045953
0.046869
0.0478156
0.0487673
0.0497449
0.0507461
0.0517617
0.0528007
0.0538543
0.0549239
0.0560263
0.0571265
0.0582729
0.0594111
0.0605901
0.0617774
0.0629781
0.0641879
0.065362
0.0664329
0.0670812
0.00958049
0.0100491
0.0108183
0.0117883
0.0127835
0.0134724
0.0136199
0.0134047
0.0132
0.0133165
0.0136756
0.0137967
0.0134584
0.0130236
0.0130076
0.0135243
0.0140802
0.014082
0.0137488
0.0139049
0.0146684
0.0152419
0.0151383
0.0149364
0.0153866
0.0161303
0.0163533
0.0162913
0.0165916
0.0171034
0.0174432
0.0176594
0.0179378
0.0183445
0.0188027
0.0191861
0.0194917
0.0198331
0.0202706
0.0207408
0.0211785
0.0215795
0.0219602
0.0223927
0.0229183
0.0234246
0.0238245
0.0242528
0.024815
0.0253805
0.0258275
0.0262921
0.0268876
0.0274795
0.0279814
0.0285198
0.0291353
0.0297282
0.0302975
0.0309088
0.0315565
0.0321833
0.0328211
0.033484
0.0341679
0.0348401
0.0355433
0.036257
0.0369801
0.0377152
0.0384769
0.0392399
0.0400193
0.0408219
0.0416324
0.0424636
0.0433058
0.044179
0.0450497
0.0459575
0.0468733
0.0478198
0.0487709
0.0497488
0.0507495
0.0517648
0.0528034
0.0538572
0.0549267
0.0560292
0.05713
0.0582762
0.0594159
0.0605954
0.0617853
0.0629877
0.0642004
0.0653778
0.0664503
0.0671001
0.00954523
0.010079
0.0108597
0.0117895
0.0127251
0.0134306
0.0136708
0.0135308
0.0133282
0.0133532
0.0136292
0.0138109
0.0136016
0.0132008
0.0130818
0.0134599
0.0140269
0.014205
0.0139438
0.0139398
0.0145593
0.0152349
0.0153193
0.0150664
0.0153152
0.016088
0.0164776
0.0163813
0.0165816
0.0171217
0.0174933
0.0177015
0.0179754
0.0183558
0.0188071
0.0192258
0.019533
0.0198433
0.0202782
0.0207594
0.0211958
0.021597
0.021978
0.0224026
0.022925
0.0234397
0.023843
0.0242606
0.0248175
0.0253928
0.0258425
0.0262963
0.0268899
0.0274893
0.0279905
0.0285235
0.0291402
0.0297357
0.0303031
0.030913
0.0315622
0.032189
0.032825
0.0334875
0.0341718
0.0348436
0.0355471
0.0362611
0.0369837
0.0377184
0.0384805
0.0392437
0.0400231
0.0408258
0.0416367
0.0424679
0.0433101
0.0441835
0.0450539
0.0459621
0.0468779
0.0478241
0.0487745
0.0497528
0.050753
0.0517679
0.0528062
0.0538601
0.0549299
0.0560322
0.0571338
0.0582797
0.0594209
0.0606011
0.0617933
0.0629978
0.0642131
0.0653938
0.066468
0.0671192
0.00950124
0.0100977
0.0108951
0.0118024
0.0126916
0.0133904
0.0137003
0.0136337
0.0134478
0.0134128
0.0136031
0.0137993
0.0137045
0.0133695
0.0131884
0.0134351
0.0139537
0.0142635
0.0141299
0.0140357
0.0144834
0.0151717
0.015445
0.0152478
0.0153012
0.015993
0.0165621
0.0165191
0.0165854
0.0171113
0.0175464
0.0177494
0.018011
0.0183766
0.0188061
0.0192541
0.0195845
0.0198606
0.020279
0.0207784
0.0212167
0.0216128
0.0219962
0.0224146
0.0229313
0.023454
0.0238626
0.02427
0.0248187
0.0254041
0.0258594
0.0263014
0.0268911
0.0274994
0.0280009
0.0285271
0.0291446
0.0297436
0.0303091
0.0309173
0.031568
0.0321949
0.0328291
0.033491
0.034176
0.0348474
0.035551
0.0362653
0.0369874
0.0377217
0.0384842
0.0392478
0.040027
0.0408294
0.041641
0.0424724
0.0433143
0.044188
0.0450582
0.0459668
0.0468824
0.0478286
0.0487783
0.049757
0.0507567
0.0517712
0.0528092
0.053863
0.0549332
0.0560352
0.0571379
0.0582834
0.0594262
0.0606072
0.0618014
0.0630084
0.064226
0.06541
0.0664859
0.0671384
0.0094527
0.0101061
0.0109264
0.0118199
0.0126773
0.0133601
0.0137155
0.0137169
0.0135549
0.0134819
0.0135982
0.013776
0.0137674
0.013518
0.0133126
0.01345
0.0138868
0.0142676
0.01428
0.0141704
0.0144607
0.0150883
0.0154991
0.0154351
0.0153661
0.0158881
0.0165748
0.0166764
0.0166333
0.0170777
0.0175858
0.0178092
0.018045
0.0184038
0.0188079
0.0192661
0.0196381
0.0198925
0.0202742
0.0207917
0.0212442
0.0216292
0.0220122
0.0224289
0.022938
0.0234671
0.0238836
0.0242811
0.0248191
0.025414
0.0258779
0.026308
0.0268911
0.0275094
0.0280128
0.0285308
0.0291485
0.0297518
0.0303159
0.0309215
0.0315735
0.0322011
0.0328334
0.0334945
0.0341804
0.0348515
0.035555
0.0362696
0.0369914
0.037725
0.038488
0.039252
0.0400311
0.0408335
0.0416456
0.0424771
0.0433186
0.0441927
0.0450626
0.0459717
0.046887
0.0478331
0.0487821
0.0497612
0.0507605
0.0517745
0.0528126
0.0538661
0.0549368
0.0560383
0.0571421
0.0582874
0.0594316
0.0606137
0.0618097
0.0630195
0.0642392
0.0654263
0.0665041
0.0671577
0.00940789
0.0101046
0.010953
0.0118392
0.0126742
0.0133419
0.0137231
0.013783
0.0136503
0.0135527
0.0136101
0.013753
0.0137967
0.0136371
0.0134423
0.0134968
0.0138427
0.0142384
0.0143791
0.0143166
0.0144902
0.0150176
0.0154958
0.0155864
0.0154947
0.0158203
0.016518
0.0168099
0.0167369
0.0170459
0.0175955
0.0178764
0.0180841
0.0184328
0.0188194
0.0192654
0.0196825
0.0199415
0.020272
0.0207921
0.0212755
0.0216519
0.0220246
0.0224433
0.0229466
0.023479
0.0239056
0.0242941
0.0248187
0.0254226
0.0258977
0.0263162
0.0268902
0.0275189
0.0280263
0.028535
0.0291514
0.0297602
0.0303235
0.0309259
0.0315789
0.0322076
0.032838
0.0334979
0.034185
0.0348559
0.0355591
0.0362739
0.0369954
0.0377284
0.038492
0.0392564
0.0400354
0.0408376
0.0416502
0.0424819
0.0433229
0.0441976
0.0450672
0.0459767
0.0468917
0.0478377
0.048786
0.0497654
0.0507645
0.0517777
0.0528161
0.0538691
0.0549407
0.0560416
0.0571464
0.0582918
0.0594371
0.0606207
0.0618181
0.0630308
0.0642527
0.0654426
0.0665225
0.0671772
0.00937726
0.0100989
0.0109739
0.0118593
0.0126764
0.0133322
0.0137275
0.0138334
0.0137344
0.0136215
0.0136325
0.0137366
0.013803
0.0137216
0.0135651
0.0135665
0.0138269
0.0141992
0.0144284
0.0144486
0.0145583
0.0149775
0.0154633
0.0156817
0.0156488
0.0158203
0.0164281
0.0168835
0.0168764
0.0170457
0.0175745
0.0179353
0.0181325
0.0184603
0.0188412
0.0192626
0.0197102
0.0200018
0.0202844
0.0207788
0.0213006
0.0216853
0.0220371
0.0224534
0.022957
0.0234912
0.0239277
0.0243092
0.0248175
0.0254298
0.0259191
0.0263262
0.0268882
0.0275274
0.0280413
0.0285401
0.0291533
0.0297684
0.0303321
0.0309305
0.031584
0.0322144
0.0328427
0.0335012
0.0341899
0.0348607
0.0355632
0.0362784
0.0369996
0.0377318
0.0384961
0.039261
0.0400398
0.0408418
0.0416549
0.0424868
0.0433273
0.0442026
0.0450719
0.0459819
0.0468966
0.0478423
0.0487902
0.0497698
0.0507688
0.051781
0.0528198
0.0538722
0.0549446
0.056045
0.0571508
0.0582966
0.0594427
0.0606282
0.0618268
0.0630423
0.0642665
0.065459
0.0665409
0.0671967
0.00936529
0.010097
0.0109909
0.0118786
0.0126814
0.0133268
0.0137313
0.0138709
0.0138072
0.0136876
0.0136598
0.0137273
0.0137961
0.0137723
0.013668
0.0136479
0.0138369
0.0141676
0.0144434
0.0145504
0.0146478
0.0149722
0.0154262
0.015726
0.0157883
0.0158843
0.0163494
0.0168885
0.0170154
0.0170949
0.0175429
0.0179719
0.0181889
0.0184878
0.0188669
0.0192652
0.0197207
0.0200608
0.020319
0.0207627
0.0213099
0.0217267
0.0220586
0.0224571
0.0229649
0.0235054
0.0239502
0.0243258
0.024816
0.025435
0.0259419
0.0263384
0.0268853
0.0275349
0.0280577
0.0285463
0.0291544
0.029776
0.0303415
0.0309355
0.0315888
0.0322215
0.0328478
0.0335044
0.034195
0.0348658
0.0355672
0.0362829
0.037004
0.0377352
0.0385002
0.0392658
0.0400399
0.0408458
0.0416597
0.0424919
0.0433316
0.0442076
0.0450766
0.045987
0.0469015
0.0478469
0.0487945
0.0497739
0.0507734
0.0517845
0.0528238
0.0538756
0.0549488
0.0560488
0.0571551
0.0583018
0.0594483
0.0606358
0.0618357
0.063054
0.0642807
0.0654754
0.0665594
0.0672162
0.00936831
0.0101039
0.0110071
0.0118959
0.0126873
0.0133222
0.0137336
0.0138978
0.0138666
0.0137507
0.0136901
0.0137239
0.0137844
0.0137971
0.0137435
0.0137277
0.0138656
0.0141491
0.0144406
0.0146173
0.0147398
0.0149978
0.0154012
0.0157403
0.0158905
0.0159832
0.0163148
0.016846
0.0171172
0.0171845
0.0175246
0.0179832
0.0182455
0.0185208
0.0188933
0.0192763
0.0197211
0.020106
0.0203702
0.0207569
0.0213003
0.0217643
0.0220969
0.0224619
0.0229645
0.0235209
0.0239759
0.0243433
0.0248139
0.0254375
0.0259656
0.0263535
0.0268813
0.0275405
0.0280755
0.0285542
0.0291551
0.0297831
0.0303515
0.0309409
0.0315934
0.0322287
0.0328531
0.0335075
0.0342003
0.0348714
0.0355712
0.0362875
0.0370084
0.0377387
0.0385045
0.039271
0.0400453
0.0408502
0.0416646
0.0424971
0.0433362
0.0442128
0.0450817
0.0459922
0.0469066
0.0478515
0.0487991
0.0497781
0.0507779
0.0517878
0.0528277
0.053879
0.0549529
0.0560531
0.0571596
0.0583075
0.0594544
0.0606439
0.0618451
0.0630657
0.064295
0.0654917
0.0665778
0.0672357
0.00938037
0.0101204
0.0110266
0.0119127
0.0126934
0.0133171
0.0137316
0.0139142
0.0139098
0.0138063
0.0137217
0.0137237
0.0137712
0.0138042
0.0137922
0.0137951
0.0139053
0.0141443
0.0144317
0.0146553
0.014818
0.015044
0.0153936
0.0157429
0.0159566
0.0160852
0.016333
0.016793
0.0171661
0.0172888
0.0175352
0.0179773
0.0182914
0.0185591
0.01892
0.0192946
0.0197214
0.0201355
0.0204259
0.0207702
0.0212809
0.0217834
0.0221468
0.0224787
0.0229539
0.0235309
0.0240078
0.0243647
0.0248108
0.0254373
0.0259899
0.0263724
0.0268767
0.0275432
0.0280942
0.0285638
0.0291552
0.0297893
0.030362
0.0309468
0.0315979
0.0322361
0.0328588
0.0335104
0.0342056
0.0348773
0.0355752
0.0362922
0.037013
0.037742
0.0385086
0.0392765
0.0400499
0.0408547
0.0416695
0.0425023
0.0433408
0.0442179
0.045087
0.0459975
0.0469119
0.0478562
0.048804
0.0497824
0.0507829
0.0517915
0.0528318
0.0538828
0.0549569
0.0560574
0.0571638
0.0583132
0.0594605
0.0606519
0.0618548
0.0630776
0.0643095
0.0655083
0.066596
0.067255
0.0093991
0.0101455
0.0110526
0.0119326
0.0127009
0.0133119
0.0137244
0.0139195
0.013935
0.0138476
0.0137508
0.0137235
0.0137553
0.0137981
0.0138189
0.0138449
0.0139472
0.0141528
0.0144239
0.0146751
0.0148755
0.0150977
0.0154025
0.0157423
0.0159967
0.0161677
0.0163851
0.0167605
0.0171714
0.0173819
0.0175771
0.01797
0.0183236
0.0185989
0.0189473
0.0193168
0.019725
0.0201541
0.0204764
0.0208006
0.0212678
0.0217815
0.0221936
0.0225156
0.0229413
0.0235249
0.0240417
0.0243945
0.0248065
0.0254318
0.0260143
0.0263966
0.0268727
0.0275427
0.0281138
0.028576
0.0291553
0.0297949
0.0303727
0.0309528
0.0316019
0.0322438
0.0328648
0.0335132
0.0342109
0.0348835
0.0355791
0.0362971
0.037018
0.0377455
0.0385129
0.0392823
0.0400537
0.0408582
0.0416745
0.0425074
0.0433455
0.0442229
0.0450923
0.0460025
0.0469171
0.0478606
0.0488089
0.0497866
0.0507876
0.0517954
0.0528359
0.053887
0.0549612
0.0560624
0.0571685
0.0583193
0.0594671
0.0606599
0.0618647
0.0630893
0.064324
0.0655246
0.0666141
0.0672743
0.00942408
0.0101764
0.011084
0.0119556
0.0127094
0.0133052
0.013711
0.0139126
0.0139423
0.0138698
0.013771
0.0137206
0.0137353
0.0137814
0.0138279
0.0138781
0.013983
0.0141704
0.0144215
0.0146851
0.0149147
0.0151477
0.0154258
0.0157446
0.0160223
0.0162262
0.0164446
0.0167579
0.0171536
0.017444
0.0176369
0.017972
0.0183448
0.0186373
0.0189755
0.0193432
0.0197339
0.0201664
0.0205181
0.0208379
0.021269
0.0217702
0.022224
0.022569
0.0229436
0.023502
0.0240674
0.0244376
0.024806
0.0254166
0.0260355
0.0264267
0.0268697
0.0275368
0.0281326
0.0285911
0.0291555
0.0297999
0.0303842
0.0309592
0.0316055
0.0322519
0.0328716
0.0335159
0.0342162
0.0348901
0.0355828
0.0363023
0.0370233
0.0377488
0.0385171
0.0392882
0.0400588
0.0408636
0.0416799
0.0425126
0.0433505
0.044228
0.045098
0.0460078
0.0469225
0.0478652
0.0488139
0.0497911
0.0507922
0.0517995
0.0528397
0.0538911
0.054965
0.0560672
0.0571732
0.0583255
0.0594741
0.0606682
0.0618751
0.0631016
0.0643386
0.0655411
0.066632
0.0672934
0.00945803
0.0102133
0.0111196
0.0119807
0.0127168
0.0132943
0.0136891
0.0138922
0.0139309
0.01387
0.0137751
0.0137106
0.0137087
0.0137539
0.0138201
0.0138956
0.0140094
0.0141907
0.0144266
0.014692
0.0149414
0.0151873
0.0154558
0.0157526
0.0160405
0.0162696
0.0164969
0.0167785
0.0171357
0.0174723
0.0176973
0.0179863
0.0183577
0.018671
0.0190015
0.0193703
0.0197486
0.0201748
0.0205526
0.0208764
0.0212815
0.0217626
0.0222345
0.0226209
0.0229712
0.0234736
0.0240728
0.0244924
0.0248208
0.0253932
0.02605
0.0264657
0.0268718
0.0275254
0.0281491
0.0286095
0.0291557
0.0298026
0.0303958
0.0309656
0.0316076
0.0322598
0.0328791
0.0335184
0.034221
0.0348968
0.0355865
0.036307
0.0370289
0.0377522
0.0385209
0.0392942
0.0400622
0.0408666
0.0416849
0.0425175
0.0433553
0.0442328
0.0451034
0.0460129
0.0469277
0.0478697
0.0488189
0.0497955
0.0507968
0.0518039
0.0528437
0.0538956
0.0549692
0.0560722
0.0571779
0.0583313
0.0594809
0.060676
0.061885
0.0631132
0.0643526
0.0655571
0.0666493
0.0673118
0.00950043
0.0102553
0.0111569
0.0120054
0.0127203
0.0132761
0.0136547
0.0138538
0.0138967
0.0138431
0.0137545
0.0136854
0.0136724
0.0137154
0.013797
0.0138982
0.014027
0.0142098
0.0144384
0.0147007
0.0149612
0.0152167
0.0154842
0.0157657
0.0160533
0.016303
0.0165385
0.0168081
0.0171308
0.0174787
0.0177469
0.0180145
0.0183691
0.0187006
0.0190263
0.0193946
0.019768
0.0201798
0.0205772
0.0209132
0.0212985
0.0217636
0.0222355
0.0226567
0.0230174
0.0234564
0.0240507
0.024543
0.0248568
0.0253644
0.0260493
0.0265114
0.0268831
0.0275094
0.0281624
0.0286333
0.0291593
0.0298047
0.0304088
0.0309739
0.031609
0.0322679
0.0328885
0.0335215
0.0342259
0.034904
0.0355903
0.0363118
0.0370348
0.0377558
0.0385256
0.0392999
0.0400681
0.0408727
0.0416909
0.0425232
0.043361
0.0442382
0.0451097
0.0460187
0.0469333
0.0478748
0.0488243
0.0498007
0.0508015
0.0518087
0.0528479
0.0539003
0.0549739
0.0560778
0.0571836
0.0583381
0.0594889
0.0606848
0.061896
0.0631259
0.0643671
0.0655735
0.0666668
0.0673304
0.00956846
0.0103147
0.0112036
0.0120344
0.0127224
0.0132487
0.0136025
0.0137879
0.0138285
0.0137778
0.0136974
0.0136325
0.0136185
0.0136632
0.0137584
0.0138853
0.0140354
0.0142267
0.0144542
0.0147129
0.0149771
0.0152377
0.0155066
0.0157804
0.0160638
0.0163284
0.0165715
0.0168356
0.0171367
0.0174752
0.0177787
0.0180505
0.018384
0.0187261
0.0190531
0.0194175
0.0197922
0.0201878
0.0205935
0.0209487
0.0213178
0.0217687
0.0222364
0.0226737
0.0230663
0.0234629
0.0240122
0.0245736
0.0249154
0.0253407
0.0260263
0.0265565
0.0269044
0.0274863
0.028165
0.0286576
0.0291639
0.029802
0.0304197
0.0309826
0.0316079
0.0322736
0.0328984
0.0335243
0.0342292
0.0349104
0.0355936
0.0363157
0.0370408
0.0377592
0.0385289
0.0393062
0.0400717
0.0408752
0.0416955
0.0425276
0.0433653
0.0442425
0.0451148
0.0460237
0.0469378
0.047879
0.0488288
0.049805
0.0508054
0.0518128
0.0528515
0.0539043
0.0549777
0.0560821
0.0571881
0.0583433
0.0594957
0.0606923
0.0619054
0.0631373
0.0643805
0.0655888
0.0666833
0.0673475
0.00965105
0.0103808
0.0112535
0.0120667
0.0127337
0.0132267
0.0135473
0.0137072
0.0137368
0.0136844
0.013612
0.0135579
0.0135524
0.0136059
0.0137143
0.0138667
0.014042
0.0142477
0.0144784
0.0147326
0.0149946
0.0152547
0.0155235
0.0157944
0.0160743
0.0163482
0.0165999
0.0168616
0.0171501
0.0174735
0.0177961
0.0180876
0.0184059
0.0187481
0.0190816
0.0194394
0.0198168
0.0202024
0.0206054
0.0209834
0.0213452
0.0217782
0.0222453
0.022683
0.0231057
0.0234967
0.0239792
0.0245762
0.0249905
0.0253441
0.0259879
0.026599
0.0269483
0.0274683
0.0281616
0.0286875
0.029177
0.0298003
0.0304314
0.0309951
0.0316075
0.0322792
0.0329111
0.0335295
0.0342327
0.0349174
0.035598
0.0363203
0.0370474
0.0377633
0.0385352
0.0393122
0.040078
0.0408813
0.0417018
0.0425339
0.0433712
0.044248
0.0451213
0.0460301
0.0469434
0.0478846
0.0488346
0.0498108
0.0508104
0.0518181
0.0528564
0.0539095
0.0549834
0.0560883
0.0571947
0.0583503
0.0595042
0.0607016
0.0619162
0.0631499
0.0643944
0.0656043
0.0667001
0.0673655
0.00978795
0.0104592
0.0112718
0.0120267
0.0126331
0.0130839
0.013363
0.013498
0.013524
0.0134829
0.0134299
0.0134036
0.0134264
0.0135083
0.0136404
0.0138224
0.0140271
0.0142513
0.0144886
0.014738
0.0149963
0.0152533
0.0155213
0.0157931
0.0160722
0.0163517
0.0166124
0.0168771
0.0171589
0.01747
0.0177994
0.0181127
0.0184288
0.0187646
0.0191051
0.0194573
0.0198321
0.0202155
0.0206089
0.0210036
0.0213726
0.0217837
0.022251
0.022689
0.023122
0.0235371
0.0239642
0.024543
0.0250472
0.0253731
0.0259334
0.026611
0.0270018
0.0274531
0.0281403
0.0287122
0.0291933
0.0297951
0.0304392
0.0310073
0.0316055
0.0322805
0.0329222
0.0335346
0.0342348
0.0349225
0.0356014
0.0363233
0.0370532
0.0377672
0.0385354
0.0393167
0.0400817
0.0408836
0.0417058
0.0425388
0.0433756
0.0442523
0.0451265
0.0460355
0.0469475
0.0478887
0.0488389
0.049815
0.0508142
0.0518219
0.0528599
0.0539128
0.0549869
0.0560922
0.0571991
0.0583555
0.0595108
0.0607092
0.0619253
0.0631612
0.0644073
0.0656188
0.0667156
0.0673809
0.0100519
0.0106843
0.0114412
0.0121218
0.0126446
0.0129825
0.0131757
0.0132459
0.013262
0.0132475
0.013233
0.0132551
0.0133243
0.0134473
0.0136083
0.0138099
0.0140321
0.0142642
0.0145041
0.014746
0.0149986
0.0152517
0.0155168
0.0157911
0.0160702
0.0163543
0.0166241
0.0168966
0.0171772
0.017479
0.0178069
0.0181323
0.0184552
0.0187869
0.0191302
0.0194821
0.0198502
0.020235
0.0206228
0.0210208
0.0214069
0.0218002
0.0222567
0.0227045
0.0231302
0.0235732
0.0239873
0.0245091
0.025078
0.0254376
0.0259024
0.0265981
0.0270651
0.0274626
0.0281106
0.0287314
0.0292181
0.0297914
0.0304448
0.0310216
0.0316059
0.0322814
0.0329344
0.0335434
0.034238
0.0349276
0.0356056
0.0363273
0.0370603
0.0377735
0.0385409
0.039323
0.0400881
0.040889
0.041711
0.0425451
0.0433808
0.0442569
0.0451324
0.0460414
0.0469525
0.0478939
0.0488446
0.0498205
0.050819
0.0518269
0.052865
0.053918
0.0549928
0.0560982
0.0572053
0.0583621
0.0595186
0.0607179
0.0619352
0.0631725
0.0644199
0.0656327
0.0667308
0.0673977
0.0101536
0.0105992
0.0111604
0.011676
0.0120912
0.0123999
0.0126205
0.0127719
0.0128521
0.0129226
0.013011
0.0131279
0.0132665
0.013432
0.0136156
0.0138196
0.0140411
0.0142675
0.0145023
0.0147368
0.0149828
0.0152345
0.015496
0.0157738
0.0160535
0.0163427
0.0166235
0.0169053
0.0171916
0.0174897
0.0178139
0.0181414
0.0184718
0.0188064
0.0191473
0.0194993
0.019861
0.0202438
0.0206341
0.0210287
0.0214298
0.0218214
0.0222576
0.0227174
0.0231361
0.0235856
0.0240215
0.0244874
0.0250657
0.0254976
0.025899
0.0265583
0.0271109
0.0274944
0.0280796
0.0287381
0.0292502
0.0297926
0.0304475
0.0310378
0.0316085
0.0322787
0.0329434
0.0335522
0.0342408
0.0349318
0.0356092
0.0363292
0.0370647
0.0377756
0.0385407
0.0393226
0.0400921
0.0408915
0.0417145
0.0425514
0.0433866
0.0442622
0.045139
0.046048
0.0469573
0.047899
0.0488498
0.0498253
0.0508234
0.051831
0.052869
0.0539215
0.0549967
0.0561026
0.0572105
0.0583682
0.0595257
0.0607264
0.0619445
0.063184
0.0644327
0.0656463
0.0667452
0.0674113
0.0118315
0.0116779
0.0114412
0.0112759
0.0112352
0.0113174
0.0114951
0.011751
0.0120861
0.0124389
0.0127513
0.0130171
0.0132443
0.0134519
0.0136506
0.0138465
0.0140532
0.0142669
0.0144918
0.0147213
0.0149613
0.0152137
0.0154733
0.0157526
0.0160337
0.0163251
0.0166177
0.0169056
0.0171999
0.0174992
0.0178202
0.0181483
0.0184829
0.0188264
0.019166
0.019518
0.0198774
0.0202539
0.0206487
0.0210395
0.021445
0.0218438
0.02226
0.0227219
0.0231452
0.0235882
0.0240519
0.0244927
0.0250385
0.0255379
0.0259276
0.0265147
0.0271267
0.0275391
0.028055
0.0287238
0.0292761
0.0297955
0.0304412
0.03105
0.031614
0.0322737
0.0329502
0.0335631
0.0342435
0.0349354
0.0356131
0.0363304
0.0370717
0.0377864
0.0385436
0.0393285
0.0401005
0.040896
0.0417172
0.0425564
0.0433902
0.0442646
0.0451432
0.0460519
0.0469602
0.0479025
0.0488541
0.049829
0.0508268
0.0518346
0.052873
0.0539258
0.0550013
0.0561074
0.0572152
0.0583732
0.0595317
0.0607332
0.0619524
0.0631927
0.064443
0.0656579
0.066758
0.0674261
0.0115452
0.011257
0.010878
0.0105981
0.010498
0.0105925
0.0108632
0.0112631
0.0117123
0.0121509
0.012546
0.0128844
0.0131674
0.0134122
0.0136357
0.0138458
0.0140552
0.0142689
0.0144888
0.0147177
0.014955
0.015207
0.015467
0.0157409
0.0160214
0.0163098
0.0166091
0.0169026
0.0172036
0.0175091
0.017826
0.0181582
0.0184936
0.0188425
0.0191825
0.0195319
0.0198941
0.0202626
0.0206621
0.0210551
0.0214593
0.0218692
0.0222732
0.022726
0.0231603
0.0235946
0.0240722
0.0245174
0.0250178
0.0255513
0.0259771
0.0264935
0.0271194
0.0275948
0.0280617
0.0287071
0.0293042
0.0298157
0.0304384
0.0310643
0.0316276
0.0322683
0.0329542
0.0335753
0.0342463
0.0349401
0.0356189
0.0363293
0.0370751
0.037791
0.0385422
0.0393281
0.0401063
0.0408999
0.0417205
0.0425639
0.043398
0.0442716
0.0451519
0.0460601
0.0469664
0.0479093
0.0488609
0.0498351
0.0508321
0.0518395
0.0528776
0.0539299
0.0550059
0.0561125
0.0572211
0.05838
0.0595394
0.0607423
0.061962
0.0632041
0.0644551
0.0656702
0.0667706
0.0674376
0.0123333
0.0120148
0.0115724
0.0111908
0.0109457
0.0108717
0.0109612
0.0111757
0.0114603
0.011792
0.0121461
0.0125026
0.0128418
0.013156
0.013446
0.0137184
0.0139771
0.0142267
0.0144694
0.0147112
0.0149556
0.0152078
0.0154686
0.0157342
0.0160091
0.0162912
0.0165857
0.0168832
0.0171873
0.0175023
0.0178201
0.0181602
0.0184999
0.0188467
0.0191919
0.0195385
0.0199066
0.0202707
0.0206672
0.0210659
0.0214627
0.0218805
0.0222803
0.022718
0.0231639
0.0235964
0.0240763
0.0245383
0.0250068
0.0255384
0.0260132
0.0264912
0.0270845
0.0276217
0.0280804
0.0286748
0.0293058
0.0298338
0.0304249
0.0310671
0.0316438
0.0322597
0.0329537
0.0335884
0.0342461
0.0349432
0.0356254
0.0363261
0.0370788
0.0378034
0.0385444
0.0393301
0.0401146
0.0409044
0.0417211
0.0425668
0.0434001
0.0442726
0.0451546
0.0460621
0.0469672
0.0479112
0.0488639
0.0498374
0.0508343
0.051842
0.0528804
0.0539332
0.0550092
0.0561158
0.0572242
0.0583835
0.0595434
0.0607469
0.0619675
0.0632102
0.0644629
0.065679
0.0667806
0.0674494
0.0102909
0.0105709
0.0109369
0.0112573
0.0114905
0.0116318
0.0116973
0.0117398
0.0117995
0.0119174
0.0121112
0.0123728
0.012677
0.0129989
0.0133231
0.0136357
0.0139299
0.0142053
0.0144676
0.0147207
0.0149728
0.0152275
0.0154873
0.0157482
0.0160139
0.0162886
0.0165718
0.0168714
0.0171791
0.0175009
0.0178282
0.0181719
0.0185168
0.018854
0.0192022
0.0195498
0.0199181
0.0202892
0.0206761
0.0210823
0.0214758
0.0218927
0.0223007
0.0227188
0.0231709
0.0236084
0.0240799
0.0245586
0.0250134
0.0255275
0.0260369
0.0265166
0.0270659
0.0276315
0.0281265
0.0286694
0.0293001
0.0298683
0.0304246
0.031065
0.0316698
0.0322551
0.0329474
0.0336048
0.0342458
0.0349447
0.035637
0.0363209
0.0370778
0.0378131
0.0385433
0.039326
0.040121
0.0409093
0.0417247
0.0425746
0.0434084
0.0442806
0.0451646
0.0460712
0.0469736
0.0479185
0.0488711
0.0498436
0.0508393
0.0518465
0.0528846
0.0539371
0.0550139
0.0561207
0.05723
0.0583902
0.0595507
0.0607556
0.0619763
0.0632202
0.064473
0.0656892
0.0667905
0.0674584
0.0122727
0.0118998
0.011378
0.010903
0.0105585
0.0103953
0.0104213
0.0106055
0.0109112
0.0112914
0.0117036
0.0121206
0.012528
0.0129119
0.0132691
0.0135986
0.0139024
0.0141834
0.014447
0.0147008
0.0149532
0.0152106
0.0154706
0.0157334
0.0159964
0.0162673
0.016547
0.0168477
0.0171625
0.0174878
0.0178271
0.0181737
0.0185201
0.0188534
0.0191992
0.0195546
0.0199186
0.0202988
0.0206809
0.0210849
0.021484
0.0218907
0.0223099
0.0227184
0.0231665
0.0236179
0.0240783
0.0245672
0.0250227
0.0255179
0.0260398
0.0265334
0.0270587
0.0276146
0.0281487
0.0286757
0.0292756
0.0298835
0.0304311
0.0310495
0.031689
0.0322592
0.0329346
0.0336185
0.0342487
0.0349401
0.0356482
0.0363198
0.0370735
0.037825
0.0385478
0.0393237
0.040127
0.0409138
0.0417237
0.0425762
0.0434096
0.0442801
0.0451663
0.0460728
0.0469736
0.0479193
0.0488731
0.0498452
0.0508409
0.0518482
0.0528865
0.0539391
0.0550159
0.0561226
0.0572316
0.058392
0.0595528
0.0607581
0.0619794
0.0632236
0.0644778
0.0656949
0.0667972
0.0674658
0.0116538
0.0111863
0.0105939
0.0101021
0.00981061
0.00973068
0.00985606
0.0101605
0.0105873
0.011075
0.0115743
0.0120548
0.0125032
0.0129112
0.0132785
0.0136087
0.0139076
0.0141832
0.0144411
0.0146922
0.0149428
0.0151998
0.0154605
0.0157244
0.0159878
0.0162562
0.0165358
0.0168363
0.017155
0.0174828
0.0178269
0.0181766
0.0185202
0.0188541
0.0191964
0.0195553
0.0199191
0.0203001
0.0206863
0.0210853
0.0214898
0.0218926
0.0223115
0.0227221
0.0231609
0.0236185
0.0240762
0.0245635
0.0250271
0.0255154
0.0260385
0.0265426
0.0270664
0.027612
0.0281574
0.0286945
0.0292735
0.0298882
0.0304459
0.0310454
0.0316941
0.0322695
0.032928
0.0336216
0.0342552
0.0349371
0.0356532
0.0363231
0.037069
0.0378268
0.0385506
0.0393205
0.0401292
0.0409205
0.0417287
0.0425834
0.0434192
0.044289
0.0451755
0.0460827
0.0469814
0.0479264
0.0488797
0.0498511
0.0508457
0.0518523
0.0528905
0.0539427
0.0550203
0.0561273
0.0572371
0.0583982
0.0595592
0.0607654
0.0619864
0.0632313
0.0644848
0.065702
0.066804
0.0674727
)
;

boundaryField
{
    zeroGradientPlanes
    {
        type            zeroGradient;
    }
    inlet
    {
        type            zeroGradient;
    }
    plate
    {
        type            zeroGradient;
    }
    frontAndBack
    {
        type            empty;
    }
}


// ************************************************************************* //
