/*--------------------------------*- C++ -*----------------------------------*\
| =========                 |                                                 |
| \\      /  F ield         | OpenFOAM: The Open Source CFD Toolbox           |
|  \\    /   O peration     | Version:  v1906                                 |
|   \\  /    A nd           | Web:      www.OpenFOAM.com                      |
|    \\/     M anipulation  |                                                 |
\*---------------------------------------------------------------------------*/
FoamFile
{
    version     2.0;
    format      ascii;
    class       volScalarField;
    location    "4.3";
    object      p;
}
// * * * * * * * * * * * * * * * * * * * * * * * * * * * * * * * * * * * * * //

dimensions      [0 2 -2 0 0 0 0];


internalField   nonuniform List<scalar> 
9600
(
1.27527e-10
0.000151518
-0.00257031
0.00162336
0.00332066
-0.0012792
0.00055567
0.00580811
0.00411641
0.00752724
0.00623745
0.00734958
0.00859469
0.00813152
0.00857191
0.010783
0.0117129
0.0133121
0.0136709
0.0179441
-3.16687e-06
0.00014468
-0.00255715
0.00163854
0.00327723
-0.00129958
0.000564143
0.00581445
0.00412339
0.00745798
0.00623909
0.00735824
0.00858788
0.00812205
0.00857157
0.010718
0.0117243
0.0132143
0.0137473
0.0175692
-5.86358e-06
0.000137197
-0.00254611
0.00164464
0.00320586
-0.00130378
0.000577431
0.00581624
0.00413031
0.00737452
0.0062454
0.00736486
0.00857513
0.00811523
0.00856943
0.0106894
0.0117378
0.0131323
0.0137775
0.017144
-7.92549e-06
0.000129316
-0.00253399
0.00164284
0.00312943
-0.00127818
0.000598742
0.00581333
0.00414569
0.00727783
0.00625354
0.00736884
0.00856094
0.00811434
0.0085658
0.0106636
0.0117482
0.0130443
0.0137755
0.0167422
-1.05029e-05
0.000122399
-0.00251488
0.00163158
0.00305201
-0.00121731
0.000632666
0.00580599
0.0041743
0.00716878
0.00626352
0.00737106
0.00854604
0.00811569
0.0085619
0.0106367
0.0117567
0.0129525
0.0137467
0.0163588
-1.37294e-05
0.000118494
-0.00248371
0.00160632
0.00297735
-0.00112051
0.000681151
0.00579585
0.00421704
0.00705236
0.00627575
0.00737094
0.00853096
0.00811719
0.00855926
0.0106086
0.0117629
0.0128582
0.0136934
0.0159916
-1.77014e-05
0.000118994
-0.00243805
0.00156722
0.00291334
-0.000993598
0.000743237
0.00578421
0.00427164
0.00693309
0.00628957
0.00736901
0.00851661
0.00811789
0.00855811
0.0105796
0.0117658
0.0127623
0.0136165
0.0156395
-2.228e-05
0.000124626
-0.00237746
0.00151978
0.0028653
-0.000846776
0.000815377
0.0057713
0.004335
0.00681872
0.00630435
0.00736635
0.00850287
0.00811691
0.00855773
0.0105495
0.0117628
0.0126657
0.0135172
0.0153002
-2.70435e-05
0.000135701
-0.00230256
0.0014707
0.00283263
-0.000691081
0.000892802
0.00575682
0.00440464
0.00670821
0.00631963
0.00736336
0.00848928
0.00811368
0.00855676
0.0105184
0.0117526
0.0125696
0.0133964
0.0149704
-3.152e-05
0.000152284
-0.00221443
0.00142542
0.00281095
-0.00053564
0.000970763
0.00574042
0.00447882
0.00660139
0.00633498
0.00736036
0.00847595
0.0081079
0.00855384
0.0104866
0.0117338
0.0124725
0.0132558
0.0146476
-3.53869e-05
0.000174309
-0.00211467
0.00138738
0.00279587
-0.00038643
0.00104534
0.00572192
0.0045561
0.00649763
0.00635015
0.00735824
0.00846345
0.00809966
0.0085477
0.0104541
0.0117053
0.0123736
0.0130984
0.0143291
-3.84669e-05
0.000201589
-0.00200551
0.00135823
0.00278448
-0.000246506
0.0011144
0.00570137
0.004635
0.00639641
0.00636515
0.0073581
0.00845224
0.00808951
0.00853725
0.0104206
0.0116669
0.0122717
0.0129269
0.0140125
-4.06663e-05
0.000233621
-0.00188943
0.00133802
0.00277493
-0.000116641
0.00117779
0.0056791
0.00471412
0.00629739
0.0063799
0.00736075
0.00844243
0.00807824
0.00852164
0.010386
0.0116191
0.0121647
0.0127439
0.0136962
-4.18989e-05
0.000269587
-0.0017685
0.00132556
0.00276583
4.03152e-06
0.00123676
0.00565557
0.00479237
0.00620041
0.00639401
0.00736653
0.00843357
0.0080666
0.00850049
0.0103503
0.0115631
0.0120503
0.012552
0.0133804
-4.20396e-05
0.000308495
-0.00164424
0.00131924
0.0027563
0.000117178
0.00129315
0.00563127
0.00486902
0.00610548
0.00640695
0.00737533
0.00842471
0.00805509
0.00847381
0.0103128
0.0115001
0.0119267
0.0123536
0.0130667
-4.09347e-05
0.000349486
-0.00151752
0.00131757
0.00274596
0.000224475
0.00134877
0.00560662
0.00494356
0.00601278
0.00641814
0.00738683
0.00841474
0.00804396
0.008442
0.0102727
0.0114316
0.0117929
0.01215
0.0127567
-3.84068e-05
0.000391932
-0.00138883
0.00131951
0.00273489
0.000327226
0.001405
0.00558204
0.00501564
0.0059227
0.00642705
0.00740068
0.0084027
0.00803316
0.00840576
0.0102286
0.0113589
0.0116487
0.0119413
0.0124519
-3.42674e-05
0.000435387
-0.00125838
0.00132448
0.00272342
0.000426292
0.00146273
0.00555791
0.00508505
0.00583574
0.00643315
0.00741655
0.00838798
0.00802229
0.00836597
0.0101794
0.0112827
0.0114943
0.0117266
0.0121539
-2.83169e-05
0.000479484
-0.00112625
0.00133224
0.00271193
0.000522199
0.00152248
0.00553463
0.00515151
0.0057524
0.00643571
0.00743419
0.00837041
0.00801066
0.0083234
0.0101242
0.0112034
0.0113312
0.0115047
0.0118637
-2.03418e-05
0.000523909
-0.000992417
0.00134271
0.0027007
0.000615342
0.00158452
0.00551255
0.00521478
0.00567305
0.0064349
0.00745341
0.00835013
0.00799751
0.00827849
0.0100618
0.011121
0.0111618
0.0112744
0.0115815
-1.01206e-05
0.000568408
-0.00085693
0.00135589
0.00268995
0.000706056
0.00164894
0.00549201
0.00527459
0.00559796
0.00643067
0.00747386
0.00832739
0.00798211
0.00823152
0.00999143
0.0110352
0.0109885
0.0110361
0.0113066
2.58176e-06
0.000612796
-0.000719887
0.00137183
0.0026799
0.000794598
0.00171558
0.0054733
0.00533079
0.00552722
0.00642307
0.00749503
0.00830238
0.00796388
0.00818279
0.00991293
0.010945
0.0108129
0.0107901
0.0110387
1.80105e-05
0.000656948
-0.000581441
0.00139068
0.00267068
0.000881176
0.00178419
0.00545664
0.00538341
0.0054608
0.00641207
0.00751639
0.00827519
0.00794224
0.00813254
0.00982619
0.0108497
0.0106361
0.0105366
0.0107772
3.64059e-05
0.000700766
-0.000441794
0.00141262
0.00266234
0.000965969
0.00185446
0.00544218
0.00543254
0.00539862
0.00639769
0.00753765
0.0082459
0.00791648
0.00808098
0.00973125
0.0107486
0.0104603
0.0102755
0.0105189
5.79957e-05
0.000744211
-0.000301221
0.0014379
0.00265495
0.00104915
0.00192603
0.00542991
0.00547844
0.00534058
0.00637979
0.00755858
0.00821487
0.00788573
0.0080279
0.00962853
0.0106411
0.0102881
0.0100081
0.0102576
8.29908e-05
0.000787303
-0.000160071
0.00146677
0.00264855
0.00113093
0.0019985
0.00541957
0.00552165
0.00528666
0.00635805
0.00757895
0.00818274
0.00784932
0.00797271
0.00951841
0.0105264
0.0101216
0.00973857
0.00998572
0.000111588
0.000830122
-1.87187e-05
0.00149944
0.00264324
0.00121154
0.00207163
0.00541072
0.00556251
0.005237
0.00633218
0.00759844
0.0081502
0.00780695
0.00791513
0.00940134
0.0104023
0.00996168
0.00947456
0.00969993
0.000143987
0.000872823
0.000122412
0.00153607
0.0026391
0.00129125
0.0021454
0.00540301
0.00560099
0.00519164
0.00630197
0.00761645
0.00811782
0.00775836
0.00785516
0.00927891
0.0102668
0.00980573
0.00922309
0.00940525
0.000180347
0.000915627
0.000262888
0.00157681
0.00263628
0.00137013
0.00221987
0.00539628
0.00563714
0.00515071
0.00626718
0.00763208
0.00808607
0.0077034
0.00779213
0.00915356
0.0101206
0.00964863
0.00898635
0.00911294
0.000220782
0.00095883
0.000402326
0.00162176
0.00263499
0.00144804
0.002295
0.00539044
0.00567118
0.00511442
0.00622766
0.00764432
0.00805512
0.00764236
0.00772468
0.00902649
0.00996684
0.00948777
0.00875995
0.00883065
0.000265377
0.00100279
0.000540377
0.00167096
0.00263552
0.00152488
0.0023708
0.00538556
0.00570325
0.00508274
0.00618351
0.00765181
0.00802475
0.0075757
0.00765214
0.00889738
0.00980782
0.00932493
0.00853951
0.00855776
0.000314138
0.00104786
0.000676793
0.00172433
0.00263837
0.0016006
0.00244693
0.00538174
0.00573328
0.0050555
0.00613501
0.00765376
0.0079947
0.00750327
0.0075744
0.00876707
0.00964347
0.00916199
0.00832642
0.00829037
0.000367048
0.00109446
0.000811441
0.00178173
0.00264408
0.00167498
0.00252282
0.00537906
0.00576121
0.00503247
0.00608242
0.00764972
0.00796507
0.00742464
0.00749056
0.00863811
0.0094744
0.00899694
0.00812505
0.00802896
0.000424127
0.00114297
0.000944241
0.00184279
0.00265317
0.0017482
0.00259782
0.00537764
0.00578761
0.00501342
0.00602551
0.00763899
0.00793616
0.00733993
0.00739818
0.00851249
0.00930493
0.00882605
0.00793544
0.00778011
0.00048539
0.0011937
0.00107533
0.00190697
0.00266626
0.00182085
0.00267083
0.00537747
0.00581328
0.00499797
0.00596368
0.00762054
0.00790896
0.00724995
0.00729415
0.00838927
0.00914156
0.00864851
0.00775169
0.00755029
0.00055083
0.00124686
0.00120518
0.0019738
0.00268352
0.00189338
0.00274096
0.0053783
0.00583895
0.00498607
0.00589621
0.0075934
0.00788464
0.00715702
0.00717619
0.00826462
0.00898897
0.00846918
0.00756642
0.00734011
0.000620524
0.00130249
0.00133422
0.0020431
0.00270483
0.00196677
0.0028076
0.00537896
0.00586524
0.00497868
0.00582266
0.00755531
0.00786357
0.00706513
0.00704375
0.00813356
0.00884834
0.00829618
0.00737535
0.00714346
0.000694645
0.00136023
0.00146292
0.00211506
0.00272983
0.00204213
0.00287025
0.0053777
0.00589292
0.00497727
0.00574292
0.00750307
0.00784532
0.00697868
0.00689787
0.0079912
0.00871798
0.00813711
0.00717935
0.00695092
0.00077337
0.0014197
0.00159197
0.00219021
0.00275763
0.00212034
0.00292877
0.00537249
0.00592229
0.00498314
0.00565742
0.00743483
0.00782835
0.00690221
0.00674119
0.00783284
0.00859457
0.00799841
0.00698391
0.00675249
0.000856928
0.0014804
0.00172172
0.00226924
0.0027873
0.00220262
0.00298423
0.00536103
0.00595172
0.00499764
0.00556824
0.00734894
0.00780932
0.00684019
0.00657854
0.00765405
0.00847253
0.00788546
0.00679906
0.00654102
0.00094579
0.00154151
0.00185201
0.00235357
0.00281736
0.00228995
0.00303885
0.0053418
0.00597896
0.00502219
0.00547867
0.00724218
0.00778295
0.00679587
0.00641703
0.00745228
0.00834306
0.00779985
0.0066386
0.00631663
0.00104054
0.00160257
0.0019821
0.00244508
0.00284658
0.00238131
0.00309468
0.00531381
0.00600202
0.00505712
0.00539218
0.00711357
0.00774373
0.00676916
0.00626541
0.00722932
0.00819641
0.00773669
0.00651579
0.00608939
0.00114151
0.0016636
0.00211082
0.00254547
0.00287174
0.00247396
0.00315359
0.00527683
0.00601748
0.00510148
0.00531277
0.00696537
0.00768671
0.00675609
0.0061311
0.0069909
0.00802508
0.00768542
0.00643802
0.00587807
0.00124906
0.00172488
0.00223614
0.00265613
0.00290212
0.00256635
0.0032176
0.00523236
0.00602116
0.00515343
0.00524416
0.0068042
0.0076092
0.00675184
0.00601808
0.00674411
0.00782534
0.0076341
0.00640476
0.00570355
0.00136347
0.00178717
0.00235521
0.0027778
0.00293629
0.00265055
0.00328761
0.0051861
0.0060106
0.00520928
0.00518893
0.00663582
0.00751096
0.00675078
0.00592839
0.0064969
0.00759637
0.00757153
0.00640795
0.00558113
0.00148484
0.0018515
0.00246549
0.00290979
0.00297709
0.0027246
0.00336323
0.00514481
0.00598533
0.00526245
0.00514791
0.00646668
0.00739323
0.00674731
0.00586263
0.00625842
0.00733988
0.0074866
0.00643437
0.0055165
0.00161317
0.00191931
0.00256496
0.00304982
0.00302934
0.00278697
0.00344101
0.00511348
0.0059475
0.00530662
0.0051201
0.00630253
0.00725825
0.00673697
0.00581897
0.00603794
0.0070621
0.00736963
0.00646844
0.00550494
0.00174808
0.00199237
0.00265226
0.00319461
0.00309849
0.00283771
0.00351275
0.00509454
0.00590418
0.00533948
0.00510199
0.00614618
0.00711004
0.00671642
0.00579365
0.00584227
0.00677341
0.00721627
0.00649503
0.00553397
0.00188876
0.00207244
0.00272717
0.00333989
0.00318866
0.00287847
0.00356959
0.0050864
0.00586485
0.00536256
0.00508848
0.00599803
0.00695294
0.00668498
0.00578365
0.00567524
0.00648419
0.00702806
0.00650183
0.00558781
0.00203427
0.00216129
0.00279067
0.0034801
0.00330112
0.00291555
0.00360551
0.00508376
0.00583652
0.00537987
0.00507634
0.00585751
0.00678788
0.00664165
0.00578701
0.00554004
0.00620375
0.00680937
0.00648096
0.00565286
0.0021837
0.00226095
0.00284502
0.00360835
0.00343468
0.00295868
0.00361776
0.00507725
0.00582211
0.00539897
0.00506536
0.00572424
0.00661738
0.00658326
0.0057993
0.00543947
0.00594277
0.00656586
0.00642664
0.00571897
0.00233536
0.00237283
0.0028943
0.00371784
0.00358594
0.00301912
0.00360731
0.0050548
0.00582018
0.00542848
0.00505778
0.00559765
0.00644334
0.00650846
0.00581275
0.00537306
0.00571311
0.00630823
0.0063338
0.0057763
0.00248788
0.00249709
0.00294363
0.00380415
0.00374743
0.00310727
0.00358011
0.00500559
0.00582419
0.00547423
0.00505951
0.00547862
0.00626646
0.00641699
0.00582094
0.00533417
0.0055234
0.00605358
0.00620295
0.00581251
0.00264005
0.00263349
0.00299806
0.00386519
0.00390732
0.00322894
0.00355084
0.00492483
0.00581991
0.00553655
0.00507804
0.0053715
0.00608714
0.00630853
0.00582
0.00531378
0.00537299
0.00581727
0.00604436
0.00581599
0.00279064
0.00278108
0.0030619
0.00390174
0.00405241
0.00338192
0.00354056
0.00481648
0.00579046
0.00560967
0.0051185
0.00528283
0.0059102
0.00618164
0.00580617
0.00530653
0.00525577
0.00560712
0.00587425
0.00578417
0.00293909
0.00293704
0.00313847
0.00391844
0.0041741
0.00355934
0.00356333
0.00469392
0.00572557
0.00567999
0.00518233
0.00521806
0.00573219
0.00603858
0.00577317
0.00530747
0.00516886
0.00542392
0.00570491
0.0057245
0.00308492
0.0030983
0.00322995
0.00392283
0.004268
0.00374682
0.00362372
0.00457647
0.00562458
0.00572956
0.00526545
0.00518315
0.00558367
0.0058901
0.0057172
0.00530783
0.00511092
0.00526943
0.00554188
0.0056474
0.00322783
0.00326075
0.00333724
0.00392479
0.00433297
0.00392868
0.00371986
0.00448211
0.00549607
0.00574486
0.00535647
0.00518063
0.00546047
0.00574235
0.00564257
0.00529751
0.00507497
0.0051463
0.00538834
0.00556043
0.00336798
0.0034189
0.00345914
0.00393462
0.00437119
0.00409348
0.00384394
0.00442079
0.00535651
0.00572153
0.00543915
0.00520761
0.00536693
0.00560316
0.00555786
0.00527306
0.00504884
0.00505399
0.00524951
0.00546683
0.00350589
0.00357127
0.00359191
0.0039581
0.0043894
0.00423374
0.00398392
0.00439546
0.00522353
0.00566375
0.00549948
0.00525399
0.00530718
0.00547985
0.00546777
0.00523886
0.00502432
0.0049874
0.00513237
0.00536879
0.00364219
0.00371734
0.00372955
0.00399746
0.00439736
0.00434683
0.00412708
0.00440465
0.00510972
0.00558275
0.00553154
0.00530602
0.00527864
0.00538112
0.00537816
0.00519905
0.00500032
0.00493873
0.00504132
0.00527295
0.00377712
0.00385679
0.00386698
0.00405263
0.00440376
0.00443371
0.00426312
0.00444243
0.00502211
0.00549232
0.00553609
0.00535308
0.00527265
0.00531125
0.00529836
0.00515554
0.00497737
0.00490111
0.00497479
0.00519053
0.00391046
0.00398981
0.00400075
0.00412167
0.00441418
0.00449805
0.00438555
0.00450014
0.00496359
0.00540477
0.00551798
0.00538883
0.00528008
0.00526864
0.00523715
0.00511388
0.00495616
0.00487073
0.00492512
0.00512762
0.00404155
0.00411719
0.00412872
0.00420077
0.00443232
0.00454575
0.00449092
0.00456877
0.00493299
0.00532915
0.00548618
0.00541221
0.00529486
0.00524892
0.00519591
0.00508147
0.00493906
0.00484908
0.00488648
0.00508112
0.00416953
0.00423908
0.0042502
0.00428581
0.0044597
0.004583
0.00457861
0.00464097
0.00492574
0.0052705
0.00545097
0.00542697
0.00533543
0.00525014
0.00517288
0.00506139
0.00493005
0.00483869
0.00486064
0.00504703
0.00429355
0.00435568
0.00436456
0.00437342
0.00449595
0.00461454
0.00464962
0.0047118
0.00493724
0.00523058
0.00541861
0.00543321
0.00536228
0.00526598
0.00516908
0.00505381
0.00493115
0.00484092
0.00485017
0.00502514
0.00441293
0.00446668
0.00447122
0.00446071
0.0045398
0.00464377
0.00470629
0.00477735
0.00496233
0.0052096
0.00539368
0.00543678
0.00538272
0.00529052
0.00518528
0.00506193
0.00494265
0.00485572
0.00485601
0.00501787
0.00452665
0.00457243
0.00457033
0.00454497
0.00458869
0.00467288
0.00475198
0.0048355
0.00499506
0.00520527
0.00538047
0.00544417
0.00541026
0.00532427
0.00521943
0.00509135
0.00496839
0.00488369
0.00487822
0.00502713
0.00463336
0.00467151
0.00466187
0.00462491
0.00464064
0.00470291
0.00478903
0.00488503
0.0050314
0.00521524
0.00538119
0.00545894
0.00544697
0.00537246
0.00527124
0.00514566
0.00501634
0.00492859
0.00491889
0.00505588
0.00473216
0.00476304
0.00474561
0.00469812
0.0046927
0.00473452
0.00482016
0.00492518
0.00506659
0.00523554
0.00539592
0.005485
0.00549767
0.00544071
0.00534585
0.00522717
0.00509518
0.004998
0.00498154
0.00510628
0.00482245
0.00484886
0.00482149
0.00476282
0.00474019
0.00476501
0.00484745
0.00495756
0.00509641
0.00525954
0.0054228
0.00552338
0.00556862
0.00554068
0.00545942
0.00534657
0.00521362
0.00509836
0.00506291
0.00517197
0.00490182
0.00492414
0.00488962
0.00482219
0.00478383
0.0047912
0.00486794
0.00498274
0.00511927
0.00527625
0.00545819
0.00559134
0.00567321
0.00570451
0.00566984
0.0055857
0.00546185
0.00531769
0.00523042
0.0052711
0.00496834
0.00498778
0.0049497
0.00487372
0.00482247
0.00481477
0.00487975
0.00499563
0.00513496
0.0052676
0.00541748
0.005544
0.00564783
0.00572522
0.00576006
0.00576569
0.00575794
0.0057082
0.00565445
0.00570567
0.00502488
0.00504403
0.0049964
0.0049078
0.00485063
0.00484041
0.00489655
0.00499675
0.00515022
0.00538337
0.00563245
0.00586735
0.00606376
0.00619757
0.0062274
0.00613684
0.00600529
0.00591237
0.00582494
0.00578396
0.00506782
0.00508723
0.0050307
0.00492592
0.00485553
0.00483475
0.00488546
0.00497275
0.00500956
0.00503519
0.00513897
0.00540262
0.00581187
0.00627634
0.00669756
0.00701682
0.0072158
0.00734427
0.00751463
0.00767174
0.00508776
0.00510827
0.00507196
0.00499225
0.00492823
0.00487782
0.00487115
0.00490736
0.00508538
0.00543486
0.005847
0.00613321
0.00635587
0.00649467
0.00656894
0.0066424
0.00677872
0.00699069
0.00720048
0.00733261
0.00508459
0.00509304
0.00502129
0.00491344
0.00487216
0.00487085
0.00497507
0.00518808
0.00543149
0.00563587
0.00577619
0.00588142
0.00605333
0.00630552
0.00663186
0.00702803
0.00740498
0.00773307
0.00798929
0.0081418
0.00505041
0.00511951
0.00514765
0.00515702
0.00517036
0.00519368
0.00526624
0.00537131
0.00551911
0.00570355
0.00593017
0.00613572
0.00629613
0.00640761
0.00642658
0.00637536
0.00627404
0.00614235
0.00596774
0.00580111
0.00492091
0.00497439
0.00509404
0.00515083
0.00521297
0.00527458
0.00532594
0.00540571
0.00553151
0.00566309
0.00583482
0.00602208
0.00620466
0.00645234
0.00674701
0.00705144
0.007364
0.00765268
0.00790274
0.00802219
0.00489458
0.00499035
0.00519357
0.00536133
0.00548867
0.00552897
0.00556139
0.00560188
0.00570004
0.00581512
0.00595624
0.00613153
0.0062765
0.00640085
0.00651819
0.00663848
0.00679005
0.00696313
0.00711432
0.00715955
0.0208543
0.0150049
0.00745485
0.0021074
0.000804523
0.00187431
0.00319986
0.00403977
0.00450036
0.00489997
0.00531993
0.00561196
0.00577701
0.0059971
0.00629826
0.00654928
0.00670549
0.00687816
0.00717495
0.00753918
0.00783095
0.00800506
0.00813611
0.00834916
0.00867947
0.00900323
0.00922648
0.00943566
0.00970524
0.00996358
0.010181
0.0104549
0.0108237
0.0112123
0.0115736
0.0119377
0.0123098
0.012656
0.0129673
0.01326
0.0135457
0.0138335
0.0141255
0.0144301
0.0147732
0.0151563
0.0155367
0.0158958
0.0162704
0.0166874
0.0170923
0.0174653
0.0178674
0.0182968
0.0186873
0.0190654
0.0194714
0.0199013
0.0203504
0.020815
0.0213038
0.021814
0.0223068
0.0227682
0.0232456
0.0237364
0.0242501
0.0247774
0.0253146
0.0258527
0.0264153
0.0269795
0.0275499
0.0281349
0.0287392
0.02936
0.029992
0.0306471
0.0313094
0.0319981
0.0326891
0.0334044
0.0341192
0.0348641
0.0356239
0.036398
0.0371745
0.0379505
0.0387473
0.0395654
0.0403908
0.0412468
0.0420785
0.0429547
0.0438031
0.0446615
0.0455056
0.0462752
0.0469344
0.0474745
0.0201458
0.0148647
0.00754268
0.00225503
0.000892652
0.00191708
0.00322754
0.00405883
0.00451332
0.00490955
0.0053281
0.00561923
0.00578317
0.00600244
0.00630323
0.00655389
0.00670949
0.00688146
0.00717781
0.00754193
0.0078336
0.00800745
0.0081381
0.00835078
0.00868098
0.00900478
0.00922793
0.00943689
0.00970642
0.00996475
0.0101821
0.0104558
0.0108245
0.0112131
0.0115744
0.0119385
0.0123106
0.0126567
0.0129681
0.0132607
0.0135464
0.0138342
0.0141262
0.0144307
0.0147738
0.0151569
0.0155373
0.0158964
0.0162708
0.0166879
0.0170928
0.0174657
0.0178678
0.0182972
0.0186877
0.0190658
0.0194718
0.0199016
0.0203508
0.0208153
0.0213041
0.0218143
0.0223071
0.0227684
0.0232458
0.0237366
0.0242503
0.0247776
0.0253148
0.0258529
0.0264155
0.0269796
0.0275501
0.028135
0.0287394
0.0293602
0.0299921
0.0306473
0.0313095
0.0319982
0.0326892
0.0334045
0.0341194
0.0348643
0.035624
0.0363981
0.0371746
0.0379506
0.0387474
0.0395655
0.0403909
0.0412469
0.0420786
0.0429548
0.0438031
0.0446616
0.0455057
0.0462753
0.0469344
0.0474744
0.0194733
0.0147124
0.00771093
0.00252332
0.0010427
0.00196922
0.00325286
0.00408035
0.00453157
0.00492337
0.00533831
0.00562719
0.00578965
0.00600793
0.0063081
0.0065583
0.00671344
0.00688489
0.00718084
0.0075447
0.00783616
0.00800974
0.00814003
0.00835238
0.00868249
0.00900627
0.00922923
0.00943801
0.00970752
0.0099658
0.0101829
0.0104565
0.0108253
0.011214
0.0115752
0.0119392
0.0123113
0.0126574
0.0129688
0.0132614
0.013547
0.0138348
0.0141268
0.0144312
0.0147743
0.0151574
0.0155378
0.0158968
0.0162713
0.0166883
0.0170932
0.0174661
0.0178682
0.0182976
0.0186881
0.0190661
0.0194721
0.0199019
0.0203511
0.0208156
0.0213043
0.0218145
0.0223074
0.0227687
0.023246
0.0237368
0.0242505
0.0247778
0.025315
0.025853
0.0264156
0.0269798
0.0275503
0.0281352
0.0287395
0.0293603
0.0299923
0.0306474
0.0313097
0.0319984
0.0326894
0.0334046
0.0341195
0.0348644
0.0356241
0.0363982
0.0371748
0.0379507
0.0387475
0.0395656
0.040391
0.041247
0.0420787
0.0429549
0.0438032
0.0446617
0.0455058
0.0462754
0.0469345
0.0474743
0.0188334
0.0145584
0.00792837
0.00286587
0.0012499
0.0020421
0.00328805
0.00411223
0.00456017
0.0049449
0.00535293
0.00563792
0.0057988
0.00601566
0.00631409
0.00656328
0.0067184
0.00688989
0.00718523
0.0075482
0.00783912
0.00801262
0.00814281
0.0083548
0.00868451
0.00900805
0.00923081
0.00943943
0.00970886
0.00996697
0.0101838
0.0104572
0.0108261
0.0112148
0.011576
0.0119399
0.012312
0.0126582
0.0129695
0.013262
0.0135476
0.0138353
0.0141273
0.0144318
0.0147748
0.0151579
0.0155383
0.0158973
0.0162717
0.0166887
0.0170937
0.0174665
0.0178686
0.018298
0.0186885
0.0190664
0.0194724
0.0199022
0.0203513
0.0208159
0.0213046
0.0218148
0.0223077
0.0227689
0.0232463
0.023737
0.0242507
0.024778
0.0253152
0.0258532
0.0264158
0.02698
0.0275504
0.0281353
0.0287397
0.0293605
0.0299924
0.0306475
0.0313098
0.0319985
0.0326895
0.0334048
0.0341196
0.0348645
0.0356242
0.0363983
0.0371749
0.0379508
0.0387476
0.0395657
0.040391
0.0412471
0.0420787
0.0429549
0.0438033
0.0446618
0.0455059
0.0462755
0.0469347
0.0474742
0.0182066
0.0143923
0.00815865
0.00323213
0.00148189
0.00212619
0.00332835
0.00415152
0.00459818
0.00497455
0.00537281
0.00565247
0.00581206
0.00602726
0.00632239
0.00656942
0.00672494
0.00689727
0.00719177
0.00755277
0.00784257
0.00801645
0.00814725
0.00835886
0.00868755
0.00901044
0.0092331
0.00944166
0.00971078
0.00996845
0.0101849
0.0104582
0.0108271
0.0112158
0.011577
0.0119408
0.0123129
0.012659
0.0129703
0.0132628
0.0135483
0.0138359
0.0141279
0.0144323
0.0147754
0.0151585
0.0155389
0.0158979
0.0162722
0.0166892
0.0170942
0.0174669
0.017869
0.0182985
0.0186889
0.0190668
0.0194727
0.0199025
0.0203516
0.0208162
0.0213049
0.0218151
0.022308
0.0227692
0.0232465
0.0237373
0.0242509
0.0247782
0.0253154
0.0258534
0.026416
0.0269802
0.0275506
0.0281355
0.0287398
0.0293606
0.0299926
0.0306477
0.0313099
0.0319986
0.0326896
0.0334049
0.0341197
0.0348646
0.0356243
0.0363985
0.037175
0.0379509
0.0387477
0.0395658
0.0403911
0.0412472
0.0420788
0.042955
0.0438034
0.0446619
0.045506
0.0462756
0.0469349
0.0474741
0.0175933
0.0142066
0.00838082
0.00360228
0.00172684
0.00221628
0.0033691
0.00419317
0.00464104
0.00500891
0.00539595
0.00566983
0.00582901
0.00604277
0.00633344
0.00657721
0.00673335
0.00690727
0.00720061
0.00755839
0.00784635
0.00802121
0.00815366
0.008365
0.00869183
0.00901356
0.00923642
0.00944519
0.00971371
0.00997053
0.0101865
0.0104595
0.0108282
0.011217
0.0115781
0.0119418
0.0123137
0.0126598
0.0129712
0.0132637
0.013549
0.0138364
0.0141285
0.014433
0.014776
0.0151591
0.0155395
0.0158985
0.0162729
0.0166898
0.0170947
0.0174675
0.0178695
0.018299
0.0186893
0.0190672
0.0194731
0.0199029
0.020352
0.0208165
0.0213052
0.0218155
0.0223084
0.0227695
0.0232468
0.0237375
0.0242512
0.0247784
0.0253157
0.0258536
0.0264162
0.0269804
0.0275508
0.0281357
0.02874
0.0293608
0.0299927
0.0306478
0.0313101
0.0319988
0.0326898
0.033405
0.0341198
0.0348647
0.0356245
0.0363986
0.0371751
0.037951
0.0387478
0.0395659
0.0403912
0.0412473
0.0420789
0.0429551
0.0438035
0.044662
0.0455062
0.0462759
0.0469353
0.047474
0.0169985
0.0139988
0.00858662
0.00397193
0.00198451
0.00231336
0.00340989
0.00423555
0.00468671
0.0050461
0.00542099
0.00568885
0.00584827
0.00606102
0.00634676
0.00658672
0.00674362
0.00691949
0.00721131
0.00756481
0.0078503
0.0080267
0.00816189
0.00837319
0.00869733
0.00901735
0.0092408
0.00945022
0.00971794
0.00997357
0.0101888
0.0104614
0.0108297
0.0112182
0.0115793
0.0119429
0.0123146
0.0126608
0.0129724
0.0132649
0.0135499
0.0138371
0.0141291
0.0144337
0.0147767
0.0151596
0.0155401
0.0158993
0.0162736
0.0166905
0.0170954
0.0174681
0.0178702
0.0182996
0.0186898
0.0190676
0.0194735
0.0199032
0.0203524
0.0208169
0.0213056
0.0218159
0.0223088
0.0227699
0.0232471
0.0237378
0.0242515
0.0247787
0.0253159
0.0258539
0.0264165
0.0269806
0.027551
0.0281359
0.0287402
0.029361
0.0299929
0.030648
0.0313102
0.0319989
0.0326899
0.0334052
0.03412
0.0348648
0.0356246
0.0363987
0.0371752
0.0379511
0.0387479
0.039566
0.0403913
0.0412474
0.042079
0.0429552
0.0438037
0.0446621
0.0455064
0.0462762
0.0469359
0.047474
0.0164264
0.0137704
0.00877297
0.00433982
0.00225632
0.00242
0.00345152
0.00427811
0.00473465
0.00508594
0.00544788
0.00570916
0.00586891
0.00608092
0.0063617
0.00659765
0.00675537
0.00693332
0.0072233
0.00757178
0.00785436
0.00803266
0.00817143
0.00838295
0.00870381
0.00902163
0.00924598
0.00945651
0.00972343
0.00997773
0.0101923
0.0104642
0.0108316
0.0112196
0.0115807
0.0119439
0.0123152
0.0126615
0.0129737
0.0132664
0.0135511
0.0138379
0.0141299
0.0144347
0.0147776
0.0151602
0.0155406
0.0159001
0.0162745
0.0166911
0.017096
0.0174689
0.017871
0.0183002
0.0186904
0.0190682
0.019474
0.0199036
0.0203528
0.0208173
0.021306
0.0218163
0.0223093
0.0227704
0.0232475
0.0237382
0.0242519
0.0247791
0.0253163
0.0258542
0.0264168
0.0269809
0.0275512
0.0281361
0.0287404
0.0293612
0.0299931
0.0306482
0.0313104
0.0319991
0.0326901
0.0334053
0.0341201
0.034865
0.0356248
0.0363989
0.0371754
0.0379512
0.0387481
0.0395661
0.0403915
0.0412476
0.0420792
0.0429554
0.0438039
0.0446623
0.0455067
0.0462767
0.0469367
0.0474739
0.0158807
0.0135256
0.00893794
0.00470348
0.0025423
0.00253826
0.00349485
0.00432038
0.00478447
0.00512848
0.00547675
0.00573063
0.00589053
0.00610199
0.00637784
0.00660966
0.00676817
0.00694825
0.00723623
0.00757929
0.00785862
0.00803894
0.00818175
0.00839373
0.008711
0.00902627
0.00925163
0.00946355
0.00972977
0.00998284
0.0101969
0.010468
0.0108342
0.0112215
0.0115822
0.011945
0.0123156
0.0126619
0.0129748
0.0132681
0.0135526
0.0138391
0.0141311
0.0144361
0.0147787
0.0151608
0.0155411
0.015901
0.0162754
0.0166918
0.0170966
0.0174698
0.0178719
0.018301
0.0186911
0.019069
0.0194747
0.0199041
0.0203532
0.0208178
0.0213065
0.0218169
0.0223099
0.0227709
0.023248
0.0237387
0.0242523
0.0247795
0.0253167
0.0258546
0.0264171
0.0269812
0.0275515
0.0281364
0.0287406
0.0293614
0.0299933
0.0306484
0.0313106
0.0319993
0.0326903
0.0334055
0.0341203
0.0348651
0.0356249
0.036399
0.0371756
0.0379514
0.0387482
0.0395663
0.0403916
0.0412477
0.0420793
0.0429555
0.0438041
0.0446625
0.045507
0.0462774
0.0469378
0.047474
0.0153643
0.0132691
0.00907931
0.00505945
0.00284134
0.00266964
0.00354051
0.00436155
0.00483535
0.0051735
0.00550761
0.00575328
0.00591309
0.00612411
0.00639499
0.00662248
0.00678172
0.00696403
0.00724999
0.0075874
0.00786323
0.0080455
0.00819255
0.00840517
0.00871875
0.00903125
0.00925758
0.00947097
0.00973655
0.00998857
0.0102024
0.0104728
0.0108375
0.0112237
0.0115841
0.0119461
0.0123157
0.0126619
0.0129756
0.0132697
0.0135543
0.0138406
0.0141327
0.014438
0.0147803
0.0151616
0.0155417
0.015902
0.0162765
0.0166923
0.0170971
0.0174707
0.017873
0.0183018
0.018692
0.0190699
0.0194755
0.0199048
0.0203537
0.0208183
0.0213069
0.0218173
0.0223105
0.0227715
0.0232485
0.0237392
0.0242529
0.0247801
0.0253172
0.0258551
0.0264176
0.0269817
0.0275519
0.0281368
0.028741
0.0293617
0.0299936
0.0306487
0.0313108
0.0319995
0.0326905
0.0334057
0.0341205
0.0348653
0.0356251
0.0363992
0.0371758
0.0379516
0.0387484
0.0395664
0.0403918
0.0412479
0.0420795
0.0429557
0.0438043
0.0446627
0.0455074
0.0462783
0.0469392
0.0474741
0.014878
0.0130048
0.00919598
0.00540437
0.00315103
0.00281468
0.0035889
0.00440078
0.00488642
0.00522077
0.00554065
0.00577737
0.00593674
0.00614727
0.00641305
0.00663598
0.00679592
0.00698062
0.00726462
0.00759619
0.00786823
0.00805235
0.00820374
0.00841714
0.00872698
0.00903654
0.00926377
0.00947863
0.00974356
0.00999459
0.0102084
0.0104782
0.0108413
0.0112264
0.0115862
0.0119474
0.0123158
0.0126614
0.0129759
0.013271
0.013556
0.0138423
0.0141347
0.0144403
0.0147823
0.0151627
0.0155425
0.0159031
0.0162776
0.0166928
0.0170974
0.0174716
0.0178739
0.0183025
0.0186928
0.019071
0.0194766
0.0199056
0.0203544
0.0208188
0.0213072
0.0218177
0.0223111
0.0227722
0.0232491
0.0237398
0.0242535
0.0247807
0.0253178
0.0258557
0.0264182
0.0269823
0.0275525
0.0281372
0.0287414
0.0293621
0.0299939
0.030649
0.0313111
0.0319998
0.0326907
0.0334059
0.0341207
0.0348655
0.0356253
0.0363994
0.037176
0.0379517
0.0387486
0.0395666
0.040392
0.0412481
0.0420797
0.0429559
0.0438046
0.044663
0.045508
0.0462795
0.0469409
0.0474743
0.0144206
0.0127374
0.00928863
0.00573451
0.00346749
0.00297343
0.00364114
0.00443804
0.00493708
0.00527018
0.00557616
0.00580321
0.00596161
0.00617147
0.00643196
0.00665014
0.00681077
0.00699804
0.00728015
0.00760568
0.00787366
0.00805951
0.00821533
0.00842962
0.00873566
0.00904214
0.00927021
0.00948655
0.00975074
0.0100008
0.0102147
0.0104842
0.0108457
0.0112294
0.0115886
0.0119488
0.0123158
0.0126607
0.0129759
0.013272
0.0135575
0.0138441
0.014137
0.0144431
0.0147847
0.0151641
0.0155434
0.0159044
0.0162789
0.0166933
0.0170977
0.0174724
0.0178748
0.0183031
0.0186934
0.0190721
0.0194779
0.0199068
0.0203554
0.0208195
0.0213076
0.0218179
0.0223116
0.0227728
0.0232497
0.0237404
0.0242542
0.0247814
0.0253185
0.0258563
0.0264189
0.0269829
0.0275532
0.0281379
0.028742
0.0293626
0.0299944
0.0306494
0.0313114
0.0320001
0.032691
0.0334062
0.0341209
0.0348657
0.0356255
0.0363996
0.0371762
0.0379519
0.0387488
0.0395668
0.0403922
0.0412483
0.04208
0.0429561
0.043805
0.0446633
0.0455086
0.046281
0.0469431
0.0474747
0.0139908
0.0124718
0.00935802
0.00604539
0.00378684
0.00314674
0.00369958
0.00447386
0.00498664
0.00532129
0.00561427
0.00583104
0.00598784
0.00619675
0.00645175
0.00666498
0.0068263
0.00701633
0.00729662
0.00761591
0.00787954
0.00806702
0.00822735
0.00844262
0.00874479
0.00904804
0.00927692
0.00949475
0.00975809
0.010007
0.0102213
0.0104907
0.0108505
0.0112327
0.0115912
0.0119505
0.0123158
0.0126599
0.0129755
0.0132727
0.013559
0.0138459
0.0141395
0.0144462
0.0147875
0.0151658
0.0155446
0.0159059
0.0162803
0.0166938
0.0170979
0.0174731
0.0178756
0.0183035
0.0186939
0.0190731
0.0194791
0.0199081
0.0203568
0.0208206
0.021308
0.021818
0.0223118
0.0227732
0.0232503
0.0237411
0.024255
0.0247821
0.0253193
0.0258571
0.0264196
0.0269837
0.027554
0.0281386
0.0287427
0.0293633
0.029995
0.0306499
0.0313119
0.0320005
0.0326914
0.0334065
0.0341211
0.0348659
0.0356258
0.0363999
0.0371764
0.0379522
0.038749
0.039567
0.0403924
0.0412485
0.0420802
0.0429563
0.0438055
0.0446637
0.0455093
0.0462828
0.0469457
0.0474753
0.0135862
0.0122111
0.00940444
0.00633333
0.00410653
0.00333627
0.00376687
0.00450884
0.00503426
0.00537344
0.00565496
0.00586114
0.00601564
0.00622322
0.00647246
0.00668052
0.00684252
0.0070355
0.00731409
0.00762697
0.00788594
0.0080749
0.00823982
0.00845614
0.00875437
0.00905423
0.00928389
0.00950322
0.00976563
0.0100134
0.0102282
0.0104977
0.0108559
0.0112363
0.011594
0.0119523
0.012316
0.012659
0.0129749
0.0132732
0.0135603
0.0138478
0.0141421
0.0144496
0.0147905
0.0151676
0.0155459
0.0159076
0.0162819
0.0166945
0.0170982
0.0174738
0.0178763
0.0183037
0.0186942
0.0190739
0.0194803
0.0199096
0.0203584
0.020822
0.0213086
0.0218179
0.0223118
0.0227735
0.0232508
0.0237418
0.0242558
0.0247829
0.02532
0.0258579
0.0264203
0.0269845
0.0275548
0.0281396
0.0287435
0.0293641
0.0299957
0.0306505
0.0313124
0.032001
0.0326919
0.0334068
0.0341214
0.0348661
0.035626
0.0364001
0.0371767
0.0379524
0.0387493
0.0395673
0.0403926
0.0412488
0.0420805
0.0429566
0.043806
0.0446642
0.0455101
0.046285
0.0469488
0.047476
0.0132026
0.0119565
0.00942966
0.00659699
0.00442456
0.00354287
0.00384537
0.00454391
0.00507933
0.00542591
0.00569816
0.00589378
0.00604528
0.00625102
0.00649414
0.00669674
0.00685943
0.00705561
0.00733264
0.00763894
0.00789291
0.00808316
0.00825275
0.00847022
0.0087644
0.00906071
0.0092911
0.00951194
0.00977336
0.01002
0.0102356
0.0105054
0.0108619
0.0112403
0.011597
0.0119542
0.0123162
0.012658
0.0129743
0.0132737
0.0135616
0.0138497
0.0141449
0.0144532
0.0147938
0.0151697
0.0155473
0.0159094
0.0162836
0.0166952
0.0170984
0.0174745
0.017877
0.0183038
0.0186944
0.0190746
0.0194814
0.0199109
0.0203601
0.0208236
0.0213094
0.0218178
0.0223115
0.0227735
0.0232511
0.0237425
0.0242566
0.0247837
0.0253209
0.0258587
0.0264211
0.0269853
0.0275557
0.0281406
0.0287445
0.029365
0.0299965
0.0306512
0.0313131
0.0320016
0.0326924
0.0334073
0.0341218
0.0348663
0.0356262
0.0364003
0.037177
0.0379527
0.0387495
0.0395675
0.0403928
0.041249
0.0420809
0.0429568
0.0438065
0.0446647
0.0455111
0.0462876
0.0469523
0.047477
0.0128363
0.0117087
0.00943744
0.00683619
0.0047378
0.00376593
0.00393761
0.0045809
0.00512169
0.00547784
0.00574351
0.00592911
0.00607704
0.00628032
0.00651686
0.00671368
0.00687705
0.00707669
0.00735232
0.00765186
0.00790046
0.00809183
0.0082662
0.00848492
0.00877491
0.00906747
0.00929855
0.0095209
0.00978132
0.010027
0.0102438
0.0105142
0.0108687
0.0112447
0.0116003
0.0119564
0.0123167
0.0126571
0.0129736
0.0132742
0.013563
0.0138516
0.0141477
0.014457
0.0147974
0.015172
0.0155488
0.0159113
0.0162855
0.016696
0.0170987
0.0174752
0.0178777
0.0183038
0.0186944
0.0190752
0.0194824
0.0199122
0.0203619
0.0208255
0.0213104
0.0218177
0.0223111
0.0227732
0.0232513
0.0237431
0.0242575
0.0247846
0.0253217
0.0258596
0.0264219
0.026986
0.0275567
0.0281417
0.0287457
0.0293661
0.0299975
0.0306521
0.0313138
0.0320023
0.0326931
0.0334079
0.0341222
0.0348666
0.0356265
0.0364005
0.0371773
0.037953
0.0387499
0.0395677
0.0403931
0.0412492
0.0420812
0.0429571
0.0438071
0.0446653
0.0455121
0.0462905
0.0469563
0.0474781
0.0124845
0.0114683
0.00943174
0.00705078
0.00504232
0.00400388
0.00404623
0.00462232
0.00516147
0.00552819
0.00579034
0.00596716
0.00611126
0.00631138
0.0065407
0.00673135
0.00689537
0.00709877
0.00737317
0.00766575
0.00790862
0.00810097
0.00828023
0.00850029
0.00878594
0.00907451
0.00930623
0.00953012
0.00978959
0.0100346
0.0102529
0.0105242
0.0108764
0.0112495
0.0116037
0.0119588
0.0123172
0.0126563
0.012973
0.0132747
0.0135646
0.0138536
0.0141507
0.014461
0.0148011
0.0151743
0.0155504
0.0159133
0.0162875
0.0166969
0.017099
0.017476
0.0178783
0.0183038
0.0186945
0.0190758
0.0194834
0.0199135
0.0203636
0.0208273
0.0213114
0.0218175
0.0223105
0.0227729
0.0232514
0.0237437
0.0242584
0.0247855
0.0253226
0.0258605
0.0264227
0.0269868
0.0275575
0.0281428
0.0287469
0.0293673
0.0299986
0.0306531
0.0313147
0.032003
0.0326938
0.0334086
0.0341228
0.034867
0.0356267
0.0364007
0.0371775
0.0379534
0.0387503
0.039568
0.0403933
0.0412494
0.0420816
0.0429573
0.0438078
0.044666
0.0455133
0.0462936
0.0469607
0.0474795
0.0121467
0.0112356
0.00941546
0.00724126
0.00533455
0.00425401
0.00417331
0.00467077
0.00519907
0.00557596
0.00583783
0.00600784
0.00614824
0.00634448
0.00656578
0.00674978
0.00691442
0.00712184
0.0073952
0.00768062
0.00791741
0.00811061
0.0082949
0.00851637
0.00879748
0.00908185
0.0093142
0.00953969
0.00979826
0.0100428
0.0102631
0.0105354
0.0108849
0.0112547
0.0116074
0.0119614
0.0123179
0.0126555
0.0129724
0.0132754
0.0135662
0.0138557
0.0141538
0.0144652
0.0148051
0.0151769
0.0155521
0.0159154
0.0162897
0.0166979
0.0170994
0.0174768
0.017879
0.0183038
0.0186945
0.0190765
0.0194845
0.0199148
0.0203653
0.0208292
0.0213124
0.0218173
0.0223097
0.0227724
0.0232515
0.0237443
0.0242593
0.0247864
0.0253236
0.0258614
0.0264236
0.0269875
0.0275585
0.0281439
0.0287481
0.0293685
0.0299998
0.0306542
0.0313156
0.0320038
0.0326946
0.0334094
0.0341235
0.0348675
0.035627
0.0364008
0.0371778
0.0379538
0.0387507
0.0395683
0.0403936
0.0412496
0.0420819
0.0429576
0.0438085
0.0446668
0.0455146
0.0462971
0.0469654
0.0474811
0.0118232
0.0110097
0.00939066
0.00740942
0.00561155
0.00451223
0.00431983
0.0047289
0.00523555
0.00562051
0.00588502
0.00605085
0.00618818
0.00637996
0.00659229
0.00676901
0.0069342
0.00714588
0.00741841
0.00769653
0.00792688
0.00812078
0.00831022
0.00853317
0.00880957
0.00908953
0.0093225
0.00954967
0.00980742
0.0100517
0.0102744
0.0105476
0.0108943
0.0112603
0.0116113
0.0119642
0.0123188
0.0126548
0.0129719
0.0132762
0.0135679
0.0138579
0.014157
0.0144697
0.0148094
0.0151796
0.0155539
0.0159176
0.0162919
0.016699
0.0170998
0.0174776
0.0178798
0.0183038
0.0186946
0.0190774
0.0194859
0.0199163
0.020367
0.020831
0.0213135
0.0218171
0.0223089
0.0227721
0.0232518
0.0237451
0.0242603
0.0247874
0.0253246
0.0258624
0.0264245
0.0269884
0.0275594
0.028145
0.0287494
0.0293698
0.030001
0.0306553
0.0313166
0.0320047
0.0326954
0.0334102
0.0341243
0.034868
0.0356272
0.0364009
0.037178
0.0379541
0.0387512
0.0395687
0.0403939
0.0412498
0.0420823
0.0429578
0.0438093
0.0446676
0.0455159
0.0463008
0.0469705
0.0474828
0.0115142
0.0107898
0.00935917
0.00755783
0.00587062
0.00477352
0.00448565
0.00479949
0.00527267
0.0056615
0.00593083
0.00609559
0.00623115
0.00641817
0.0066205
0.00678909
0.00695466
0.00717088
0.00744277
0.00771349
0.00793708
0.0081315
0.00832619
0.0085507
0.00882224
0.00909759
0.00933119
0.00956015
0.00981711
0.0100613
0.0102865
0.0105608
0.0109042
0.0112663
0.0116154
0.0119672
0.0123199
0.0126542
0.0129715
0.0132771
0.0135698
0.0138602
0.0141603
0.0144743
0.0148138
0.0151824
0.0155557
0.0159199
0.0162943
0.0167002
0.0171002
0.0174785
0.0178806
0.0183038
0.0186948
0.0190784
0.0194876
0.0199181
0.0203687
0.0208328
0.0213146
0.0218169
0.0223081
0.0227719
0.0232523
0.023746
0.0242614
0.0247884
0.0253256
0.0258635
0.0264255
0.0269892
0.0275604
0.0281462
0.0287508
0.0293712
0.0300023
0.0306565
0.0313177
0.0320056
0.0326963
0.033411
0.0341251
0.0348687
0.0356276
0.036401
0.0371782
0.0379545
0.0387517
0.0395691
0.0403942
0.04125
0.0420827
0.0429581
0.0438101
0.0446684
0.0455174
0.0463047
0.0469758
0.0474847
0.0112197
0.010575
0.0093224
0.00768952
0.00610962
0.00503267
0.00466959
0.00488522
0.0053127
0.00569903
0.00597426
0.00614131
0.00627712
0.00645942
0.0066507
0.00681009
0.00697576
0.00719682
0.00746829
0.00773149
0.00794805
0.00814281
0.00834281
0.00856897
0.00883551
0.00910607
0.00934032
0.00957118
0.00982738
0.0100714
0.0102993
0.0105746
0.0109147
0.0112726
0.0116199
0.0119705
0.0123211
0.0126537
0.0129712
0.0132782
0.0135718
0.0138626
0.0141637
0.0144791
0.0148185
0.0151853
0.0155576
0.0159223
0.0162968
0.0167014
0.0171007
0.0174795
0.0178814
0.0183039
0.0186951
0.0190797
0.0194896
0.0199201
0.0203706
0.0208346
0.0213157
0.0218168
0.0223074
0.0227718
0.0232531
0.023747
0.0242625
0.0247895
0.0253267
0.0258646
0.0264264
0.0269902
0.0275615
0.0281475
0.0287522
0.0293726
0.0300037
0.0306577
0.0313189
0.0320065
0.0326972
0.0334119
0.034126
0.0348694
0.035628
0.0364011
0.0371783
0.0379549
0.0387522
0.0395696
0.0403945
0.0412502
0.0420832
0.0429583
0.0438109
0.0446694
0.045519
0.0463087
0.0469815
0.0474869
0.0109404
0.0103637
0.00928036
0.00780791
0.00632807
0.00528493
0.00486929
0.00498821
0.00535813
0.00573377
0.00601456
0.0061871
0.00632579
0.00650384
0.00668315
0.00683219
0.00699751
0.00722372
0.007495
0.00775053
0.00795983
0.00815479
0.00836012
0.00858798
0.00884939
0.00911499
0.00934993
0.00958282
0.00983823
0.0100821
0.0103125
0.010589
0.0109256
0.0112793
0.0116246
0.011974
0.0123224
0.0126533
0.012971
0.0132793
0.0135739
0.013865
0.0141672
0.0144841
0.0148233
0.0151884
0.0155596
0.0159247
0.0162994
0.0167027
0.0171012
0.0174805
0.0178824
0.0183041
0.0186954
0.0190812
0.0194919
0.0199224
0.0203727
0.0208364
0.0213169
0.0218167
0.0223067
0.022772
0.0232541
0.0237483
0.0242636
0.0247905
0.0253278
0.0258657
0.0264274
0.0269912
0.0275627
0.0281488
0.0287536
0.029374
0.0300051
0.030659
0.0313201
0.0320076
0.0326981
0.0334127
0.034127
0.0348702
0.0356284
0.0364012
0.0371785
0.0379553
0.0387528
0.0395701
0.0403949
0.0412504
0.0420836
0.0429586
0.0438117
0.0446705
0.0455207
0.046313
0.0469874
0.0474892
0.0106788
0.0101547
0.00923047
0.00791627
0.00652793
0.00552632
0.00508109
0.00510998
0.00541158
0.00576696
0.00605135
0.00623198
0.00637653
0.00655138
0.00671806
0.00685569
0.00702006
0.00725152
0.0075229
0.00777061
0.00797237
0.00816746
0.00837816
0.00860773
0.0088639
0.0091244
0.00936007
0.00959512
0.00984969
0.0100931
0.0103262
0.0106037
0.0109369
0.0112863
0.0116296
0.0119778
0.0123239
0.012653
0.0129709
0.0132807
0.0135761
0.0138675
0.0141707
0.0144892
0.0148283
0.0151916
0.0155617
0.0159273
0.0163022
0.0167041
0.0171018
0.0174816
0.0178835
0.0183043
0.0186959
0.0190829
0.0194945
0.019925
0.0203748
0.0208383
0.0213182
0.0218167
0.0223062
0.0227723
0.0232554
0.0237497
0.0242649
0.0247916
0.0253289
0.0258669
0.0264285
0.0269922
0.0275641
0.0281503
0.0287551
0.0293755
0.0300066
0.0306604
0.0313213
0.0320087
0.0326991
0.0334137
0.034128
0.034871
0.0356289
0.0364013
0.0371786
0.0379557
0.0387534
0.0395706
0.0403953
0.0412506
0.0420841
0.042959
0.0438127
0.0446716
0.0455226
0.0463174
0.0469935
0.0474917
0.0104387
0.00995007
0.0091686
0.00801597
0.00671312
0.00575382
0.00530005
0.00525122
0.00547582
0.00580027
0.00608455
0.00627493
0.00642848
0.00660193
0.00675571
0.00688089
0.00704357
0.0072802
0.00755193
0.00779177
0.00798567
0.00818082
0.00839699
0.00862829
0.00887906
0.00913431
0.00937077
0.00960812
0.00986177
0.0101046
0.0103402
0.0106188
0.0109485
0.0112936
0.011635
0.0119819
0.0123257
0.0126528
0.012971
0.0132822
0.0135784
0.0138701
0.0141744
0.0144944
0.0148335
0.0151949
0.0155638
0.01593
0.0163051
0.0167056
0.0171023
0.0174828
0.0178846
0.0183046
0.0186964
0.0190847
0.0194972
0.0199277
0.0203771
0.0208403
0.0213195
0.0218168
0.0223057
0.0227728
0.0232568
0.0237513
0.0242662
0.0247927
0.0253302
0.0258681
0.0264295
0.0269933
0.0275655
0.0281518
0.0287567
0.0293771
0.0300081
0.0306618
0.0313227
0.0320098
0.0327001
0.0334146
0.034129
0.0348719
0.0356294
0.0364015
0.0371788
0.0379561
0.0387541
0.0395711
0.0403958
0.0412509
0.0420846
0.0429593
0.0438136
0.0446728
0.0455245
0.046322
0.047
0.0474945
0.0102212
0.00975713
0.00909211
0.0081051
0.00688815
0.00596582
0.00552017
0.00541156
0.00555358
0.00583558
0.00611454
0.0063153
0.00648072
0.0066552
0.00679626
0.00690795
0.00706825
0.00730987
0.00758209
0.00781407
0.00799978
0.00819481
0.00841665
0.00864973
0.00889491
0.00914471
0.00938203
0.00962186
0.0098745
0.0101165
0.0103544
0.0106342
0.0109605
0.0113012
0.0116407
0.0119862
0.0123276
0.0126528
0.0129712
0.0132839
0.0135809
0.0138727
0.0141781
0.0144998
0.0148389
0.0151984
0.015566
0.0159328
0.0163082
0.0167072
0.0171029
0.017484
0.0178859
0.018305
0.018697
0.0190866
0.0195001
0.0199307
0.0203795
0.0208423
0.021321
0.0218169
0.0223053
0.0227733
0.0232582
0.0237529
0.0242675
0.0247939
0.0253314
0.0258693
0.0264307
0.0269945
0.027567
0.0281534
0.0287583
0.0293787
0.0300097
0.0306633
0.031324
0.032011
0.0327012
0.0334156
0.0341301
0.0348729
0.03563
0.0364016
0.037179
0.0379566
0.0387547
0.0395717
0.0403962
0.0412512
0.0420852
0.0429597
0.0438146
0.0446742
0.0455266
0.0463268
0.0470067
0.0474975
0.0100206
0.00958542
0.00900338
0.00817871
0.00705661
0.00616314
0.00573535
0.00558913
0.0056475
0.00587479
0.00614217
0.00635282
0.00653241
0.00671053
0.00683965
0.00693701
0.00709427
0.00734079
0.00761344
0.00783749
0.00801474
0.00820941
0.0084371
0.00867217
0.00891152
0.00915562
0.00939387
0.00963637
0.00988792
0.0101289
0.010369
0.0106499
0.0109728
0.0113092
0.0116467
0.0119909
0.0123298
0.012653
0.0129716
0.0132859
0.0135836
0.0138755
0.0141818
0.0145053
0.0148444
0.015202
0.0155684
0.0159357
0.0163114
0.0167089
0.0171036
0.0174853
0.0178872
0.0183055
0.0186977
0.0190887
0.0195032
0.0199337
0.020382
0.0208444
0.0213224
0.0218171
0.0223049
0.0227739
0.0232597
0.0237546
0.024269
0.0247951
0.0253327
0.0258707
0.0264318
0.0269957
0.0275685
0.0281551
0.02876
0.0293803
0.0300113
0.0306648
0.0313255
0.0320123
0.0327023
0.0334167
0.0341312
0.0348738
0.0356306
0.0364019
0.0371792
0.037957
0.0387554
0.0395722
0.0403967
0.0412515
0.0420858
0.0429602
0.0438157
0.0446756
0.0455289
0.0463318
0.0470137
0.0475007
0.00982553
0.00944048
0.00891062
0.00823145
0.00721945
0.00634964
0.00594046
0.00577979
0.00576003
0.00592017
0.00616842
0.00638769
0.00658281
0.006767
0.00688565
0.00696829
0.00712178
0.00737316
0.00764618
0.00786195
0.00803056
0.00822465
0.00845827
0.00869561
0.00892901
0.00916706
0.00940629
0.00965166
0.00990208
0.0101416
0.0103839
0.0106659
0.0109854
0.0113175
0.0116531
0.0119959
0.0123322
0.0126533
0.0129723
0.013288
0.0135865
0.0138784
0.0141857
0.0145109
0.0148501
0.0152057
0.0155708
0.0159388
0.0163148
0.0167107
0.0171043
0.0174866
0.0178887
0.018306
0.0186985
0.0190908
0.0195063
0.0199368
0.0203845
0.0208465
0.0213239
0.0218173
0.0223047
0.0227745
0.0232613
0.0237563
0.0242704
0.0247964
0.0253341
0.0258721
0.0264331
0.026997
0.0275702
0.0281569
0.0287617
0.029382
0.0300131
0.0306664
0.031327
0.0320136
0.0327035
0.0334178
0.0341323
0.0348748
0.0356312
0.0364021
0.0371795
0.0379575
0.0387561
0.0395728
0.0403972
0.0412518
0.0420864
0.0429607
0.0438168
0.0446772
0.0455312
0.046337
0.0470211
0.0475043
0.00962314
0.00931821
0.00882431
0.00826153
0.00737343
0.0065311
0.00613309
0.0059767
0.00589268
0.00597489
0.00619415
0.00642035
0.00663157
0.00682367
0.00693379
0.00700191
0.00715095
0.0074071
0.00768059
0.00788759
0.00804714
0.0082406
0.00848016
0.00872002
0.00894747
0.00917913
0.00941927
0.00966775
0.00991699
0.0101548
0.010399
0.0106822
0.0109984
0.0113261
0.0116598
0.0120013
0.0123349
0.0126539
0.0129731
0.0132904
0.0135896
0.0138814
0.0141896
0.0145167
0.014856
0.0152096
0.0155732
0.0159419
0.0163184
0.0167127
0.017105
0.0174881
0.0178903
0.0183067
0.0186993
0.019093
0.0195095
0.01994
0.0203871
0.0208487
0.0213255
0.0218175
0.0223044
0.0227752
0.0232629
0.023758
0.0242719
0.0247977
0.0253355
0.0258735
0.0264344
0.0269984
0.0275719
0.0281587
0.0287635
0.0293838
0.0300149
0.0306681
0.0313286
0.032015
0.0327048
0.0334189
0.0341335
0.0348759
0.0356319
0.0364024
0.0371797
0.0379581
0.0387569
0.0395735
0.0403978
0.0412521
0.0420871
0.0429612
0.043818
0.044679
0.0455338
0.0463424
0.0470287
0.0475081
0.00940748
0.00920741
0.00875276
0.00827327
0.00751154
0.0067118
0.00631547
0.00617185
0.00604452
0.00604296
0.00622013
0.00645108
0.00667893
0.00687987
0.00698334
0.00703771
0.00718191
0.00744265
0.00771686
0.00791473
0.00806442
0.00825718
0.00850286
0.00874535
0.00896691
0.00919192
0.00943285
0.00968463
0.00993268
0.0101686
0.0104144
0.0106989
0.0110118
0.0113351
0.011667
0.012007
0.0123378
0.0126546
0.0129742
0.0132931
0.0135929
0.0138845
0.0141936
0.0145226
0.0148622
0.0152136
0.0155758
0.0159452
0.0163222
0.0167147
0.0171057
0.0174896
0.0178921
0.0183074
0.0187001
0.0190953
0.0195128
0.0199432
0.0203898
0.0208509
0.0213271
0.0218178
0.0223043
0.022776
0.0232645
0.0237598
0.0242735
0.0247991
0.025337
0.025875
0.0264357
0.0269998
0.0275736
0.0281606
0.0287654
0.0293857
0.0300167
0.0306698
0.0313302
0.0320165
0.0327061
0.0334202
0.0341347
0.0348769
0.0356326
0.0364027
0.03718
0.0379586
0.0387577
0.0395741
0.0403984
0.0412525
0.0420878
0.0429618
0.0438192
0.0446808
0.0455365
0.046348
0.0470367
0.0475122
0.00918359
0.00909668
0.00869756
0.00827604
0.00762733
0.00689031
0.00649312
0.00635947
0.00621088
0.00612846
0.0062483
0.00647945
0.00672552
0.00693547
0.00703339
0.00707524
0.0072147
0.00747994
0.0077551
0.00794374
0.00808259
0.00827417
0.00852642
0.00877167
0.00898725
0.00920549
0.0094471
0.00970233
0.00994918
0.0101828
0.0104302
0.0107159
0.0110256
0.0113446
0.0116744
0.0120132
0.0123412
0.0126557
0.0129755
0.013296
0.0135964
0.0138877
0.0141977
0.0145287
0.0148685
0.0152178
0.0155784
0.0159487
0.0163262
0.0167169
0.0171065
0.0174912
0.017894
0.0183082
0.0187011
0.0190977
0.0195162
0.0199465
0.0203925
0.0208532
0.0213288
0.0218182
0.0223042
0.0227767
0.0232661
0.0237616
0.0242751
0.0248006
0.0253386
0.0258766
0.0264371
0.0270013
0.0275755
0.0281625
0.0287674
0.0293876
0.0300187
0.0306716
0.0313319
0.032018
0.0327074
0.0334214
0.034136
0.0348781
0.0356334
0.036403
0.0371803
0.0379592
0.0387585
0.0395748
0.040399
0.0412529
0.0420885
0.0429625
0.0438205
0.0446828
0.0455394
0.0463538
0.047045
0.0475167
0.00896024
0.00898092
0.00865262
0.00828046
0.00772067
0.00705848
0.00667154
0.0065394
0.00638364
0.00623337
0.00628295
0.00650475
0.00677158
0.00699103
0.00708312
0.00711373
0.00724912
0.00751915
0.00779542
0.00797483
0.00810205
0.00829147
0.00855063
0.00879917
0.00900852
0.00921978
0.00946212
0.00972087
0.00996648
0.0101975
0.0104463
0.0107333
0.0110398
0.0113544
0.0116823
0.0120197
0.0123449
0.012657
0.0129771
0.0132993
0.0136002
0.0138911
0.0142019
0.0145349
0.0148751
0.0152222
0.0155812
0.0159522
0.0163303
0.0167192
0.0171073
0.0174929
0.017896
0.0183092
0.0187021
0.0191002
0.0195196
0.0199499
0.0203953
0.0208556
0.0213305
0.0218187
0.0223042
0.0227776
0.0232678
0.0237634
0.0242768
0.0248021
0.0253402
0.0258782
0.0264386
0.0270028
0.0275774
0.0281646
0.0287694
0.0293897
0.0300207
0.0306735
0.0313336
0.0320195
0.0327089
0.0334228
0.0341373
0.0348792
0.0356341
0.0364033
0.0371807
0.0379598
0.0387593
0.0395755
0.0403997
0.0412533
0.0420893
0.0429632
0.0438218
0.044685
0.0455424
0.0463597
0.0470536
0.0475215
0.0087408
0.00886256
0.00860917
0.00829212
0.00779983
0.00720733
0.00685078
0.00671733
0.00655485
0.00635525
0.00632993
0.00652748
0.00681597
0.00704766
0.00713243
0.00715212
0.00728467
0.00756038
0.00783813
0.00800803
0.00812313
0.00830931
0.00857521
0.00882791
0.00903089
0.00923467
0.00947789
0.00974039
0.00998464
0.0102127
0.0104627
0.0107511
0.0110544
0.0113646
0.0116907
0.0120266
0.0123489
0.0126586
0.012979
0.0133028
0.0136043
0.0138947
0.0142062
0.0145413
0.0148819
0.0152268
0.015584
0.0159559
0.0163348
0.0167216
0.0171082
0.0174947
0.0178982
0.0183102
0.0187032
0.0191027
0.0195232
0.0199533
0.0203981
0.0208581
0.0213323
0.0218192
0.0223043
0.0227785
0.0232695
0.0237653
0.0242786
0.0248037
0.0253419
0.0258799
0.0264402
0.0270045
0.0275794
0.0281667
0.0287715
0.0293917
0.0300228
0.0306754
0.0313355
0.0320212
0.0327103
0.0334241
0.0341387
0.0348804
0.0356349
0.0364037
0.037181
0.0379605
0.0387602
0.0395763
0.0404004
0.0412537
0.0420902
0.042964
0.0438232
0.0446874
0.0455457
0.0463659
0.0470626
0.0475267
0.00852268
0.00874619
0.00856095
0.00830676
0.00787708
0.00733458
0.00702206
0.00689933
0.00672255
0.00648702
0.00639349
0.00655123
0.0068565
0.00710599
0.00718239
0.0071894
0.00732048
0.00760336
0.00788352
0.0080435
0.00814585
0.00832818
0.00860011
0.0088576
0.00905459
0.00925016
0.00949426
0.00976097
0.0100037
0.0102285
0.0104793
0.0107693
0.0110695
0.0113753
0.0116994
0.0120339
0.0123533
0.0126606
0.0129813
0.0133067
0.0136086
0.0138984
0.0142105
0.0145478
0.014889
0.0152315
0.0155869
0.0159598
0.0163394
0.0167243
0.0171091
0.0174966
0.0179006
0.0183114
0.0187043
0.0191053
0.0195268
0.0199568
0.020401
0.0208606
0.0213342
0.0218198
0.0223044
0.0227795
0.0232712
0.0237672
0.0242804
0.0248054
0.0253436
0.0258816
0.0264418
0.0270062
0.0275814
0.0281688
0.0287737
0.0293939
0.030025
0.0306775
0.0313374
0.0320229
0.0327119
0.0334256
0.0341401
0.0348817
0.0356358
0.0364042
0.0371814
0.0379611
0.0387611
0.0395771
0.0404011
0.0412542
0.0420911
0.0429649
0.0438247
0.0446899
0.0455492
0.0463723
0.0470719
0.0475322
0.00830285
0.0086334
0.00850831
0.00831348
0.00796067
0.00744887
0.00717345
0.00708606
0.00689316
0.00662018
0.00647238
0.00658242
0.00689219
0.00716484
0.00723491
0.0072254
0.00735518
0.00764745
0.00793174
0.00808173
0.0081701
0.00834829
0.00862578
0.0088879
0.0090796
0.00926651
0.00951106
0.00978261
0.010024
0.0102448
0.0104963
0.0107878
0.0110852
0.0113864
0.0117085
0.0120418
0.0123582
0.0126629
0.0129839
0.0133109
0.0136132
0.0139023
0.014215
0.0145545
0.0148963
0.0152364
0.0155899
0.0159637
0.0163443
0.0167271
0.0171101
0.0174986
0.0179031
0.0183127
0.0187056
0.0191081
0.0195305
0.0199604
0.0204039
0.0208632
0.0213362
0.0218205
0.0223047
0.0227805
0.0232729
0.0237691
0.0242822
0.0248071
0.0253454
0.0258834
0.0264435
0.027008
0.0275836
0.0281711
0.0287759
0.0293962
0.0300272
0.0306796
0.0313393
0.0320246
0.0327135
0.0334271
0.0341416
0.034883
0.0356366
0.0364047
0.0371819
0.0379619
0.0387621
0.0395779
0.0404019
0.0412548
0.042092
0.0429659
0.0438262
0.0446926
0.0455529
0.0463789
0.0470816
0.0475381
0.00808318
0.00852197
0.0084573
0.00830351
0.00804692
0.00756516
0.00729932
0.00726707
0.00707504
0.00675203
0.00655966
0.00662664
0.00692581
0.00722116
0.00729135
0.00726136
0.00738732
0.00769163
0.00798265
0.00812337
0.00819606
0.00836931
0.00865276
0.00891902
0.00910552
0.00928391
0.00952831
0.0098051
0.0100454
0.0102617
0.0105135
0.0108067
0.0111013
0.0113981
0.0117181
0.0120501
0.0123635
0.0126656
0.0129868
0.0133155
0.0136182
0.0139063
0.0142195
0.0145614
0.0149038
0.0152415
0.015593
0.0159679
0.0163494
0.01673
0.0171112
0.0175008
0.0179059
0.0183142
0.0187069
0.0191109
0.0195343
0.019964
0.0204069
0.0208658
0.0213382
0.0218213
0.0223051
0.0227816
0.0232747
0.0237711
0.0242842
0.0248089
0.0253473
0.0258853
0.0264453
0.0270098
0.0275858
0.0281734
0.0287782
0.0293985
0.0300296
0.0306817
0.0313414
0.0320265
0.0327152
0.0334287
0.0341431
0.0348843
0.0356376
0.0364052
0.0371823
0.0379626
0.0387631
0.0395787
0.0404027
0.0412554
0.042093
0.042967
0.0438278
0.0446956
0.0455568
0.0463857
0.0470916
0.0475445
0.00787094
0.00840856
0.00841351
0.00827524
0.00812143
0.00769659
0.00740772
0.00742585
0.00727059
0.00689096
0.00664635
0.00668332
0.00696381
0.00727291
0.00735076
0.00729955
0.00741631
0.00773444
0.00803572
0.00816872
0.00822434
0.00839076
0.00868113
0.00895177
0.00913206
0.00930208
0.00954629
0.00982828
0.0100681
0.0102795
0.0105309
0.0108259
0.0111179
0.0114102
0.0117282
0.0120589
0.0123693
0.0126687
0.0129901
0.0133205
0.0136235
0.0139106
0.0142241
0.0145684
0.0149117
0.0152469
0.0155962
0.0159721
0.0163548
0.0167332
0.0171123
0.017503
0.0179088
0.0183158
0.0187083
0.0191138
0.0195382
0.0199676
0.02041
0.0208685
0.0213403
0.0218221
0.0223055
0.0227828
0.0232766
0.0237731
0.0242862
0.0248108
0.0253493
0.0258873
0.0264471
0.0270118
0.0275881
0.0281758
0.0287807
0.0294009
0.030032
0.030684
0.0313435
0.0320284
0.032717
0.0334303
0.0341447
0.0348857
0.0356385
0.0364058
0.0371828
0.0379634
0.0387641
0.0395796
0.0404036
0.041256
0.042094
0.0429682
0.0438295
0.0446987
0.045561
0.0463927
0.0471019
0.0475513
0.00767417
0.00829308
0.00837849
0.00823525
0.00816883
0.00784435
0.00751782
0.00755005
0.00746821
0.00704927
0.00672948
0.00674467
0.00701235
0.00732234
0.0074101
0.00734181
0.00744323
0.0077743
0.00809013
0.0082176
0.00825561
0.0084127
0.00871018
0.00898696
0.00915972
0.00932036
0.00956506
0.00985238
0.0100919
0.0102982
0.0105486
0.0108454
0.0111351
0.0114228
0.0117387
0.0120682
0.0123757
0.0126722
0.0129937
0.0133259
0.0136293
0.0139152
0.0142288
0.0145755
0.0149198
0.0152525
0.0155995
0.0159765
0.0163604
0.0167366
0.0171135
0.0175053
0.017912
0.0183175
0.0187098
0.0191168
0.0195422
0.0199713
0.0204131
0.0208714
0.0213426
0.0218231
0.0223061
0.0227842
0.0232785
0.0237751
0.0242883
0.0248128
0.0253513
0.0258893
0.0264491
0.0270139
0.0275905
0.0281783
0.0287832
0.0294034
0.0300345
0.0306863
0.0313457
0.0320304
0.0327188
0.0334321
0.0341463
0.0348871
0.0356395
0.0364064
0.0371834
0.0379642
0.0387652
0.0395806
0.0404045
0.0412567
0.0420951
0.0429695
0.0438313
0.044702
0.0455655
0.0463999
0.0471127
0.0475586
0.00749651
0.0081803
0.00835158
0.00819425
0.00817983
0.00799421
0.00765038
0.00764264
0.00764627
0.00723334
0.00681928
0.00680051
0.00707082
0.0073757
0.0074673
0.00738765
0.00746993
0.00781031
0.00814483
0.00826966
0.00829008
0.00843579
0.00873922
0.00902458
0.00918975
0.00933834
0.00958395
0.00987775
0.0101167
0.0103178
0.0105667
0.0108652
0.0111529
0.011436
0.0117497
0.0120781
0.0123826
0.0126762
0.0129977
0.0133316
0.0136355
0.0139201
0.0142336
0.0145828
0.0149282
0.0152584
0.0156029
0.015981
0.0163663
0.0167402
0.0171148
0.0175078
0.0179154
0.0183194
0.0187114
0.01912
0.0195463
0.0199751
0.0204163
0.0208743
0.0213449
0.0218242
0.0223068
0.0227856
0.0232804
0.0237772
0.0242905
0.0248149
0.0253534
0.0258914
0.0264511
0.027016
0.027593
0.0281808
0.0287857
0.029406
0.0300371
0.0306888
0.0313479
0.0320324
0.0327208
0.0334339
0.034148
0.0348886
0.0356406
0.0364071
0.0371839
0.0379651
0.0387663
0.0395815
0.0404054
0.0412575
0.0420963
0.042971
0.0438332
0.0447055
0.0455702
0.0464073
0.0471237
0.0475664
0.00733331
0.00807711
0.00833312
0.00816245
0.00815492
0.00812358
0.00781699
0.00772493
0.00778416
0.00743347
0.0069327
0.00684702
0.00713034
0.00743872
0.00752465
0.00743495
0.00749759
0.0078425
0.00819883
0.00832475
0.00832736
0.00846051
0.0087683
0.00906374
0.00922322
0.00935683
0.00960187
0.00990432
0.0101431
0.0103381
0.0105853
0.0108853
0.0111712
0.0114497
0.0117611
0.0120886
0.0123901
0.0126807
0.0130021
0.0133378
0.0136421
0.0139253
0.0142386
0.0145901
0.0149369
0.0152645
0.0156064
0.0159856
0.0163725
0.0167441
0.0171161
0.0175104
0.017919
0.0183216
0.0187131
0.0191232
0.0195505
0.019979
0.0204195
0.0208772
0.0213473
0.0218254
0.0223077
0.0227871
0.0232824
0.0237793
0.0242927
0.0248171
0.0253556
0.0258936
0.0264533
0.0270182
0.0275956
0.0281835
0.0287884
0.0294087
0.0300398
0.0306913
0.0313503
0.0320346
0.0327228
0.0334358
0.0341497
0.0348901
0.0356417
0.0364078
0.0371846
0.0379661
0.0387675
0.0395826
0.0404065
0.0412584
0.0420975
0.0429726
0.0438351
0.0447092
0.0455753
0.0464148
0.0471351
0.0475746
0.00717313
0.00798719
0.00832583
0.00814893
0.00810433
0.00821145
0.00801057
0.00782418
0.00787531
0.00762519
0.00708179
0.00689521
0.00717951
0.00750996
0.007588
0.00748322
0.00752577
0.00787098
0.00825145
0.00838317
0.00836706
0.00848643
0.00879805
0.00910376
0.00926011
0.00937739
0.0096183
0.00993109
0.0101716
0.0103592
0.0106042
0.0109059
0.01119
0.011464
0.011773
0.0120996
0.0123984
0.0126858
0.0130069
0.0133443
0.0136491
0.0139308
0.0142437
0.0145976
0.0149458
0.0152709
0.01561
0.0159904
0.016379
0.0167482
0.0171176
0.0175131
0.0179229
0.0183239
0.0187149
0.0191265
0.0195548
0.0199829
0.0204228
0.0208803
0.0213499
0.0218268
0.0223087
0.0227887
0.0232844
0.0237815
0.024295
0.0248193
0.0253578
0.0258958
0.0264555
0.0270206
0.0275983
0.0281862
0.0287912
0.0294115
0.0300426
0.0306939
0.0313527
0.0320368
0.0327248
0.0334377
0.0341515
0.0348917
0.0356429
0.0364086
0.0371852
0.037967
0.0387687
0.0395836
0.0404075
0.0412593
0.0420987
0.0429744
0.0438372
0.0447132
0.0455807
0.0464226
0.0471468
0.0475834
0.00700157
0.00790648
0.00833252
0.00816165
0.00804522
0.00824398
0.00820707
0.00796394
0.0079368
0.00778108
0.00726108
0.00696454
0.00721397
0.00757993
0.00766154
0.00753592
0.00755409
0.00789487
0.00830164
0.00844566
0.00840948
0.00851219
0.00882873
0.00914515
0.00929953
0.00940106
0.00963412
0.00995662
0.0102022
0.0103819
0.0106229
0.0109269
0.0112095
0.0114788
0.0117854
0.0121111
0.0124074
0.0126915
0.0130121
0.0133512
0.0136566
0.0139367
0.014249
0.0146052
0.0149551
0.0152776
0.0156138
0.0159953
0.0163858
0.0167526
0.0171191
0.0175159
0.017927
0.0183264
0.0187168
0.01913
0.0195592
0.0199869
0.0204261
0.0208834
0.0213525
0.0218283
0.0223098
0.0227905
0.0232865
0.0237836
0.0242975
0.0248217
0.0253601
0.0258982
0.0264579
0.027023
0.027601
0.028189
0.0287941
0.0294144
0.0300455
0.0306966
0.0313552
0.0320392
0.032727
0.0334398
0.0341533
0.0348934
0.0356441
0.0364095
0.037186
0.0379681
0.03877
0.0395848
0.0404087
0.0412603
0.0421001
0.0429763
0.0438394
0.0447173
0.0455865
0.0464306
0.0471588
0.0475928
0.0068054
0.00782358
0.0083526
0.00820578
0.00799771
0.00821985
0.00837614
0.00815177
0.00799931
0.00788439
0.00744602
0.00707131
0.00724483
0.00763714
0.00774175
0.00759845
0.00758519
0.00791288
0.00834667
0.00851279
0.00845659
0.00853641
0.00885911
0.00918922
0.00934116
0.00942742
0.00965092
0.0099805
0.0102337
0.010407
0.0106418
0.0109479
0.0112299
0.0114942
0.0117982
0.0121232
0.012417
0.012698
0.0130178
0.0133586
0.0136646
0.013943
0.0142544
0.014613
0.0149646
0.0152847
0.0156176
0.0160003
0.016393
0.0167574
0.0171207
0.0175188
0.0179314
0.0183292
0.0187188
0.0191335
0.0195636
0.019991
0.0204295
0.0208866
0.0213553
0.0218299
0.022311
0.0227924
0.0232887
0.0237859
0.0243
0.0248242
0.0253625
0.0259006
0.0264604
0.0270256
0.0276039
0.028192
0.028797
0.0294174
0.0300485
0.0306994
0.0313578
0.0320416
0.0327292
0.0334419
0.0341552
0.0348951
0.0356453
0.0364104
0.0371868
0.0379691
0.0387713
0.039586
0.0404098
0.0412615
0.0421015
0.0429784
0.0438418
0.0447216
0.0455927
0.0464388
0.047171
0.0476026
0.00657901
0.00772215
0.00838057
0.00828177
0.00798179
0.0081536
0.00848913
0.00837243
0.00809528
0.00794324
0.00760596
0.00721437
0.00729205
0.00767813
0.00781832
0.00767229
0.00762522
0.00792644
0.00838203
0.00858326
0.00851194
0.00855902
0.0088862
0.00923653
0.00938647
0.00945531
0.00966931
0.0100039
0.0102646
0.0104343
0.0106617
0.0109685
0.0112512
0.0115104
0.0118112
0.0121359
0.0124272
0.012705
0.0130241
0.0133663
0.013673
0.0139497
0.0142599
0.0146209
0.0149746
0.015292
0.0156216
0.0160054
0.0164004
0.0167625
0.0171225
0.0175218
0.0179361
0.0183322
0.0187209
0.0191372
0.0195682
0.0199951
0.020433
0.0208899
0.0213582
0.0218316
0.0223124
0.0227944
0.023291
0.0237882
0.0243026
0.0248268
0.025365
0.0259031
0.0264629
0.0270283
0.0276069
0.028195
0.0288001
0.0294205
0.0300516
0.0307023
0.0313605
0.0320441
0.0327316
0.0334441
0.0341571
0.0348968
0.0356467
0.0364114
0.0371876
0.0379703
0.0387726
0.0395872
0.0404111
0.0412627
0.0421029
0.0429806
0.0438443
0.0447262
0.0455992
0.0464472
0.0471835
0.0476131
0.00632921
0.00758427
0.00840559
0.00838521
0.00801235
0.00807244
0.00852735
0.00859337
0.00824705
0.00798649
0.00771702
0.00737119
0.00737285
0.00771521
0.00788089
0.00775032
0.00767993
0.00794222
0.00840392
0.0086516
0.00857905
0.00858295
0.00890624
0.00928538
0.00943811
0.00948468
0.00968791
0.0100285
0.010295
0.0104623
0.0106835
0.010989
0.0112728
0.0115278
0.0118245
0.012149
0.0124384
0.0127127
0.0130309
0.0133746
0.0136819
0.0139568
0.0142657
0.0146289
0.0149849
0.0152998
0.0156257
0.0160105
0.0164082
0.0167681
0.0171244
0.0175248
0.017941
0.0183356
0.0187232
0.019141
0.019573
0.0199993
0.0204366
0.0208934
0.0213612
0.0218335
0.022314
0.0227966
0.0232933
0.0237905
0.0243053
0.0248295
0.0253676
0.0259057
0.0264656
0.0270311
0.0276099
0.0281981
0.0288033
0.0294237
0.0300547
0.0307053
0.0313633
0.0320467
0.032734
0.0334464
0.0341591
0.0348987
0.035648
0.0364125
0.0371886
0.0379715
0.0387741
0.0395886
0.0404124
0.0412641
0.0421045
0.0429831
0.0438471
0.0447309
0.0456062
0.0464558
0.0471963
0.0476241
0.00607568
0.00739735
0.00841031
0.00850744
0.0080943
0.00800693
0.00849188
0.00877731
0.00845444
0.00804923
0.0077787
0.00751129
0.00748692
0.00776828
0.00792949
0.00782014
0.00774766
0.00797065
0.00841438
0.00870868
0.00865827
0.00861494
0.00891701
0.00933122
0.0094982
0.00951784
0.00970458
0.0100541
0.010327
0.0104897
0.0107063
0.0110107
0.0112944
0.0115461
0.0118385
0.0121622
0.0124505
0.0127212
0.0130382
0.0133834
0.0136914
0.0139644
0.0142716
0.0146369
0.0149955
0.0153081
0.0156299
0.0160156
0.0164162
0.0167741
0.0171265
0.0175279
0.0179463
0.0183392
0.0187256
0.0191448
0.0195778
0.0200037
0.0204402
0.0208969
0.0213644
0.0218356
0.0223157
0.0227988
0.0232957
0.0237929
0.0243081
0.0248323
0.0253702
0.0259084
0.0264685
0.027034
0.0276131
0.0282013
0.0288066
0.0294271
0.030058
0.0307084
0.0313662
0.0320494
0.0327365
0.0334488
0.0341612
0.0349006
0.0356495
0.0364137
0.0371896
0.0379727
0.0387756
0.03959
0.0404137
0.0412655
0.0421061
0.0429857
0.04385
0.0447358
0.0456136
0.0464647
0.0472093
0.0476356
0.00584434
0.0071641
0.00837336
0.00863578
0.00822347
0.00798313
0.00840592
0.00889104
0.00869252
0.00816312
0.00781449
0.00760864
0.00761256
0.00785322
0.00797994
0.00787194
0.00781595
0.0080197
0.00842446
0.0087461
0.00874225
0.00866294
0.00892089
0.00936729
0.00956609
0.00955914
0.00971866
0.0100783
0.0103623
0.0105175
0.0107281
0.0110339
0.0113168
0.0115648
0.0118535
0.0121756
0.0124631
0.0127308
0.0130457
0.0133926
0.0137017
0.0139724
0.0142776
0.0146449
0.0150065
0.015317
0.0156343
0.0160206
0.0164245
0.0167805
0.0171288
0.017531
0.0179517
0.0183431
0.0187282
0.0191488
0.0195828
0.0200081
0.0204438
0.0209005
0.0213678
0.0218378
0.0223176
0.0228013
0.0232982
0.0237954
0.0243111
0.0248353
0.0253729
0.0259112
0.0264715
0.027037
0.0276163
0.0282046
0.02881
0.0294305
0.0300614
0.0307117
0.0313692
0.0320523
0.0327391
0.0334513
0.0341634
0.0349025
0.035651
0.036415
0.0371906
0.0379741
0.0387771
0.0395915
0.0404152
0.0412672
0.0421078
0.0429884
0.0438532
0.0447408
0.0456214
0.0464738
0.0472224
0.0476477
0.00565816
0.00690544
0.00827802
0.00875171
0.0083908
0.00801628
0.00830374
0.00891802
0.00892271
0.00834177
0.00785752
0.0076582
0.00772045
0.00796679
0.0080537
0.00790988
0.00786765
0.0080856
0.00845044
0.00876439
0.00881704
0.00873121
0.00892719
0.0093874
0.00963666
0.00961315
0.00973236
0.0100978
0.010401
0.0105485
0.0107477
0.0110569
0.0113415
0.0115839
0.0118688
0.0121897
0.0124761
0.0127414
0.0130541
0.013402
0.0137127
0.0139813
0.0142837
0.0146529
0.0150178
0.0153265
0.015639
0.0160256
0.016433
0.0167875
0.0171314
0.0175343
0.0179575
0.0183474
0.0187309
0.0191529
0.019588
0.0200126
0.0204476
0.0209041
0.0213713
0.0218403
0.0223196
0.0228038
0.0233008
0.0237979
0.0243142
0.0248384
0.0253757
0.0259141
0.0264746
0.0270402
0.0276197
0.0282081
0.0288135
0.029434
0.0300649
0.030715
0.0313723
0.0320552
0.0327418
0.0334538
0.0341656
0.0349046
0.0356527
0.0364163
0.0371918
0.0379755
0.0387787
0.039593
0.0404166
0.0412689
0.0421096
0.0429914
0.0438567
0.044746
0.0456295
0.0464833
0.0472357
0.0476604
0.00553007
0.00665039
0.00812192
0.00883097
0.00858184
0.00811079
0.00821943
0.00886669
0.00910436
0.00857253
0.00794231
0.00767885
0.007786
0.00808549
0.00816598
0.00795532
0.00789059
0.00814967
0.00850511
0.00877849
0.00886864
0.00881263
0.00894852
0.00939111
0.00970053
0.0096821
0.00975095
0.0101101
0.0104401
0.0105854
0.0107665
0.0110772
0.0113685
0.011605
0.0118839
0.0122044
0.0124896
0.0127526
0.0130634
0.0134118
0.0137243
0.013991
0.01429
0.0146607
0.0150294
0.0153366
0.0156441
0.0160306
0.0164417
0.0167949
0.0171342
0.0175375
0.0179635
0.0183521
0.0187338
0.019157
0.0195932
0.0200174
0.0204514
0.0209079
0.0213749
0.0218429
0.0223218
0.0228066
0.0233035
0.0238005
0.0243174
0.0248416
0.0253785
0.0259171
0.0264779
0.0270434
0.0276231
0.0282116
0.0288171
0.0294377
0.0300685
0.0307184
0.0313755
0.0320582
0.0327446
0.0334565
0.0341679
0.0349067
0.0356543
0.0364177
0.037193
0.0379769
0.0387803
0.0395947
0.0404182
0.0412708
0.0421116
0.0429945
0.0438605
0.0447514
0.0456381
0.0464931
0.0472491
0.0476736
0.00545973
0.00642624
0.0079213
0.0088513
0.00877483
0.00826315
0.00818093
0.00876591
0.00920722
0.00882182
0.00809043
0.00770022
0.00780357
0.00817943
0.00831062
0.00803463
0.00789129
0.00818747
0.00858452
0.00881118
0.00889433
0.00888898
0.00899425
0.00938865
0.0097471
0.00976226
0.00978142
0.0101158
0.0104752
0.0106287
0.0107879
0.0110934
0.0113956
0.0116297
0.0118992
0.0122188
0.0125041
0.0127643
0.0130734
0.0134222
0.0137361
0.0140015
0.0142968
0.0146683
0.0150412
0.0153473
0.0156496
0.0160355
0.0164505
0.0168029
0.0171373
0.0175407
0.0179699
0.0183572
0.0187368
0.0191612
0.0195986
0.0200222
0.0204553
0.0209117
0.0213788
0.0218458
0.0223242
0.0228094
0.0233063
0.0238032
0.0243207
0.0248449
0.0253814
0.0259201
0.0264813
0.0270469
0.0276267
0.0282152
0.0288209
0.0294415
0.0300721
0.0307219
0.0313788
0.0320614
0.0327475
0.0334593
0.0341702
0.0349088
0.0356561
0.0364192
0.0371944
0.0379785
0.038782
0.0395965
0.0404198
0.0412729
0.0421137
0.0429977
0.0438646
0.044757
0.0456471
0.0465032
0.0472627
0.0476872
0.00543736
0.00624986
0.00770345
0.00880455
0.00894206
0.00845964
0.00820544
0.00865131
0.00922367
0.00904941
0.00829957
0.00775455
0.00778918
0.00822391
0.00846046
0.00816661
0.00789735
0.00818093
0.00866401
0.0088817
0.00891153
0.00894061
0.00905955
0.00939682
0.00977157
0.00984274
0.00982965
0.0101196
0.0105024
0.0106764
0.010815
0.0111068
0.0114199
0.0116579
0.0119168
0.012232
0.0125191
0.012777
0.0130836
0.0134334
0.0137487
0.0140126
0.0143042
0.0146758
0.0150529
0.0153588
0.0156555
0.0160405
0.0164595
0.0168115
0.0171408
0.0175439
0.0179765
0.0183629
0.01874
0.0191653
0.0196042
0.0200273
0.0204594
0.0209156
0.0213827
0.0218488
0.0223268
0.0228125
0.0233092
0.023806
0.0243242
0.0248484
0.0253845
0.0259233
0.0264849
0.0270504
0.0276303
0.028219
0.0288248
0.0294454
0.0300759
0.0307256
0.0313822
0.0320646
0.0327505
0.0334621
0.0341727
0.0349111
0.035658
0.0364209
0.0371958
0.0379802
0.0387838
0.0395984
0.0404216
0.0412751
0.0421161
0.0430011
0.043869
0.0447628
0.0456564
0.0465137
0.0472763
0.0477013
0.00545119
0.00612397
0.00749409
0.00870204
0.009059
0.0086753
0.00829747
0.00855771
0.00916941
0.0092191
0.00854435
0.00786607
0.00777032
0.00821303
0.00858234
0.00834545
0.00794238
0.00813567
0.00871103
0.00898824
0.00894854
0.00895999
0.00912305
0.00943006
0.00978339
0.00990951
0.00989522
0.0101297
0.0105193
0.0107246
0.0108492
0.0111202
0.01144
0.0116872
0.0119385
0.0122451
0.0125335
0.0127911
0.0130941
0.0134449
0.0137624
0.0140243
0.014312
0.0146833
0.0150646
0.0153709
0.015662
0.0160452
0.0164687
0.0168207
0.0171445
0.017547
0.0179833
0.0183691
0.0187435
0.0191695
0.0196098
0.0200325
0.0204636
0.0209197
0.0213868
0.021852
0.0223295
0.0228157
0.0233123
0.0238088
0.0243278
0.024852
0.0253876
0.0259266
0.0264886
0.0270541
0.027634
0.0282228
0.0288288
0.0294494
0.0300798
0.0307293
0.0313858
0.032068
0.0327536
0.0334651
0.0341752
0.0349135
0.0356599
0.0364226
0.0371973
0.0379819
0.0387856
0.0396005
0.0404234
0.0412774
0.0421186
0.0430046
0.0438738
0.0447687
0.045666
0.0465245
0.04729
0.0477158
0.00549254
0.00604303
0.00730899
0.00856564
0.00911575
0.00888125
0.00844757
0.00851244
0.0090739
0.00931159
0.00878913
0.00803959
0.00777778
0.00816167
0.00864817
0.00854096
0.00805237
0.00808338
0.00870013
0.00910316
0.00903139
0.0089649
0.0091599
0.00948639
0.00980232
0.00995387
0.00996739
0.010155
0.0105283
0.0107682
0.0108905
0.0111357
0.0114564
0.0117154
0.0119639
0.0122603
0.0125465
0.0128058
0.0131058
0.0134561
0.013777
0.0140372
0.0143198
0.0146909
0.0150765
0.0153837
0.0156691
0.0160498
0.0164779
0.0168308
0.0171487
0.0175498
0.0179903
0.018376
0.0187473
0.0191736
0.0196155
0.0200379
0.0204679
0.0209238
0.0213911
0.0218554
0.0223323
0.022819
0.0233155
0.0238118
0.0243315
0.0248558
0.0253908
0.0259299
0.0264925
0.0270579
0.0276378
0.0282268
0.028833
0.0294535
0.0300838
0.0307332
0.0313895
0.0320715
0.0327568
0.0334681
0.0341778
0.0349159
0.0356619
0.0364245
0.0371989
0.0379838
0.0387875
0.0396026
0.0404253
0.0412799
0.0421213
0.0430082
0.043879
0.044775
0.0456759
0.0465359
0.0473038
0.0477307
0.00555393
0.00600237
0.00715365
0.00841472
0.00911774
0.00905366
0.00863334
0.00852959
0.0089703
0.00932886
0.00899844
0.0082574
0.00783678
0.00809743
0.00864834
0.00871632
0.00822695
0.00806338
0.00863219
0.00918816
0.00916349
0.00898838
0.00915717
0.00954197
0.00984682
0.00998358
0.01003
0.0101985
0.0105375
0.0108027
0.0109375
0.0111558
0.0114698
0.0117416
0.0119912
0.0122786
0.0125593
0.0128197
0.0131188
0.0134676
0.0137919
0.0140518
0.0143282
0.014698
0.0150886
0.015397
0.0156768
0.0160543
0.0164871
0.0168418
0.0171534
0.0175522
0.0179973
0.0183834
0.0187514
0.0191777
0.0196213
0.0200435
0.0204724
0.0209281
0.0213956
0.0218591
0.0223353
0.0228224
0.023319
0.0238149
0.0243353
0.0248597
0.0253941
0.0259335
0.0264967
0.0270618
0.0276416
0.0282309
0.0288373
0.0294577
0.0300879
0.0307372
0.0313932
0.0320751
0.0327602
0.0334712
0.0341805
0.0349185
0.035664
0.0364264
0.0372006
0.0379858
0.0387894
0.0396048
0.0404274
0.0412825
0.0421244
0.043012
0.0438845
0.0447814
0.045686
0.0465476
0.0473177
0.0477459
0.00562369
0.00600015
0.00703125
0.00826239
0.00907721
0.00918074
0.0088284
0.0086075
0.00888976
0.00928988
0.00914878
0.00848973
0.0079558
0.00805143
0.00859415
0.00883856
0.00843784
0.00810826
0.00853802
0.00920973
0.00931685
0.00906312
0.00913158
0.00956707
0.0099178
0.0100206
0.0100711
0.0102506
0.0105574
0.010827
0.0109853
0.0111833
0.0114808
0.0117654
0.0120199
0.0122993
0.0125737
0.0128326
0.013132
0.0134801
0.0138066
0.0140676
0.0143377
0.0147045
0.0151007
0.0154116
0.015685
0.0160583
0.016496
0.0168538
0.017159
0.0175544
0.0180043
0.0183917
0.0187559
0.0191817
0.0196272
0.0200493
0.0204769
0.0209324
0.0214004
0.021863
0.0223384
0.0228259
0.0233226
0.0238182
0.0243392
0.0248637
0.0253975
0.0259371
0.0265009
0.0270659
0.0276456
0.0282351
0.0288418
0.029462
0.0300921
0.0307413
0.0313971
0.0320788
0.0327636
0.0334744
0.0341833
0.0349211
0.0356662
0.0364285
0.0372024
0.0379879
0.0387915
0.0396072
0.0404297
0.0412852
0.0421277
0.0430159
0.0438904
0.0447883
0.0456962
0.0465597
0.0473317
0.0477613
0.00568629
0.0060318
0.00694772
0.00811893
0.00900628
0.00926102
0.00900966
0.00872993
0.00885231
0.00922052
0.00923333
0.00870539
0.00812257
0.00804985
0.00851248
0.00889166
0.00864779
0.00822663
0.00845902
0.00916068
0.00944975
0.00919921
0.00911981
0.00954363
0.00999035
0.0100872
0.0100967
0.0102939
0.0105935
0.0108473
0.0110273
0.0112198
0.0114917
0.0117844
0.0120507
0.0123222
0.0125894
0.0128461
0.0131444
0.0134931
0.0138217
0.0140839
0.0143488
0.0147106
0.0151121
0.0154276
0.0156942
0.0160617
0.0165046
0.0168666
0.0171655
0.0175563
0.018011
0.0184006
0.018761
0.0191857
0.0196332
0.0200554
0.0204816
0.0209368
0.0214053
0.0218673
0.0223418
0.0228295
0.0233263
0.0238217
0.0243433
0.0248679
0.025401
0.0259408
0.0265053
0.02707
0.0276496
0.0282394
0.0288464
0.0294665
0.0300963
0.0307455
0.0314011
0.0320827
0.0327671
0.0334777
0.0341861
0.0349239
0.0356685
0.0364308
0.0372043
0.0379902
0.0387936
0.0396096
0.0404322
0.0412879
0.0421313
0.0430199
0.0438965
0.0447955
0.0457067
0.0465722
0.0473459
0.047777
0.00572805
0.00608343
0.00690671
0.00799542
0.00891637
0.00929869
0.00916223
0.00887485
0.00886341
0.00914747
0.00925966
0.008882
0.00831279
0.00810337
0.00843539
0.00888002
0.00882145
0.0083997
0.00843182
0.0090669
0.00952333
0.00937074
0.00915926
0.00948493
0.0100302
0.010188
0.010131
0.0103143
0.0106388
0.010875
0.0110589
0.0112621
0.0115079
0.0117959
0.0120817
0.0123494
0.0126049
0.0128607
0.0131574
0.0135057
0.0138376
0.0141008
0.014361
0.014717
0.0151225
0.0154446
0.015705
0.0160643
0.0165126
0.0168808
0.0171731
0.0175579
0.0180174
0.0184101
0.0187665
0.0191896
0.0196392
0.0200618
0.0204864
0.0209412
0.0214103
0.0218718
0.0223452
0.0228332
0.0233303
0.0238253
0.0243475
0.0248721
0.0254047
0.0259447
0.02651
0.0270744
0.0276537
0.0282438
0.0288512
0.029471
0.0301007
0.0307499
0.0314052
0.0320866
0.0327707
0.0334811
0.034189
0.0349268
0.0356709
0.0364331
0.0372063
0.0379925
0.0387959
0.0396121
0.0404349
0.0412908
0.0421352
0.0430242
0.0439029
0.044803
0.0457172
0.046585
0.0473602
0.0477928
0.00574414
0.00613587
0.00690171
0.00790168
0.00882019
0.00930152
0.00928028
0.00902325
0.00891704
0.00909301
0.00924437
0.00900922
0.00850139
0.00820276
0.00838974
0.00882467
0.00893527
0.0085952
0.00847315
0.00896855
0.00952421
0.00953533
0.00926668
0.00942881
0.0100121
0.0102979
0.0101997
0.0103151
0.0106752
0.0109184
0.0110841
0.0113024
0.0115348
0.0118014
0.0121073
0.0123837
0.0126214
0.0128731
0.0131724
0.0135181
0.013853
0.0141191
0.0143741
0.0147238
0.0151321
0.015462
0.0157179
0.0160665
0.0165189
0.016896
0.0171821
0.0175593
0.0180237
0.0184202
0.0187725
0.0191935
0.0196453
0.0200686
0.0204915
0.0209456
0.0214155
0.0218766
0.0223489
0.022837
0.0233344
0.023829
0.0243519
0.0248766
0.0254084
0.0259486
0.0265147
0.0270788
0.0276579
0.0282484
0.0288561
0.0294757
0.0301051
0.0307543
0.0314094
0.0320908
0.0327744
0.0334846
0.0341919
0.0349299
0.0356734
0.0364356
0.0372084
0.0379949
0.0387983
0.0396146
0.0404378
0.0412937
0.0421395
0.0430287
0.0439095
0.044811
0.0457278
0.0465982
0.0473747
0.0478088
0.00574052
0.00617736
0.00691852
0.00784141
0.00873019
0.00927891
0.00936316
0.00916023
0.00899995
0.00906977
0.00920798
0.00908662
0.0086696
0.00832906
0.00838719
0.00875479
0.00898307
0.00877846
0.0085743
0.00890218
0.00947165
0.00965321
0.00942346
0.00941678
0.0099433
0.0103792
0.010312
0.0103198
0.0106857
0.0109733
0.0111139
0.0113335
0.0115724
0.0118085
0.0121212
0.0124233
0.0126451
0.012881
0.0131875
0.013533
0.0138668
0.014138
0.0143889
0.0147305
0.0151415
0.0154797
0.0157325
0.016069
0.0165236
0.0169117
0.017193
0.0175604
0.0180293
0.0184311
0.018779
0.0191971
0.0196515
0.0200757
0.0204968
0.0209501
0.0214208
0.0218816
0.0223527
0.022841
0.0233388
0.0238329
0.0243562
0.0248812
0.0254124
0.0259526
0.0265195
0.0270833
0.0276621
0.0282531
0.0288612
0.0294805
0.0301096
0.0307589
0.0314137
0.032095
0.0327782
0.0334883
0.034195
0.0349331
0.0356759
0.0364381
0.0372107
0.0379974
0.0388009
0.0396172
0.040441
0.0412968
0.0421439
0.0430334
0.0439163
0.0448195
0.0457385
0.0466116
0.0473895
0.0478248
0.00572488
0.00620804
0.00694479
0.00781033
0.00865474
0.00923979
0.00941291
0.0092746
0.00909517
0.00907901
0.0091711
0.00912248
0.00880737
0.00846546
0.00842411
0.00869791
0.00897751
0.00892075
0.00871095
0.00888591
0.00939911
0.00970657
0.00958919
0.00947314
0.00986101
0.0104013
0.0104474
0.0103574
0.0106688
0.0110222
0.0111581
0.0113546
0.011613
0.0118262
0.0121224
0.0124596
0.012682
0.0128876
0.013197
0.0135523
0.0138811
0.0141551
0.0144057
0.0147373
0.0151498
0.0154984
0.0157486
0.016072
0.0165271
0.0169274
0.0172058
0.0175617
0.0180341
0.0184426
0.0187862
0.0192004
0.0196576
0.0200833
0.0205024
0.0209545
0.0214261
0.0218868
0.0223567
0.0228451
0.0233435
0.0238369
0.0243606
0.0248858
0.0254165
0.0259568
0.0265245
0.027088
0.0276664
0.0282579
0.0288663
0.0294852
0.0301142
0.0307638
0.0314182
0.0320994
0.032782
0.0334919
0.0341981
0.0349364
0.0356786
0.0364408
0.0372132
0.038
0.0388037
0.0396199
0.0404445
0.0413
0.0421485
0.0430385
0.0439232
0.0448283
0.0457494
0.046625
0.0474044
0.047841
0.00569786
0.00623064
0.00697394
0.00780086
0.00859847
0.00919404
0.00943592
0.00936253
0.00918774
0.00911199
0.00914671
0.00912935
0.00890904
0.00859832
0.00848867
0.00866931
0.00894397
0.00900919
0.00885607
0.00891894
0.0093372
0.00970699
0.00972395
0.0095861
0.00980698
0.010362
0.0105687
0.0104444
0.0106461
0.0110471
0.0112175
0.0113746
0.0116462
0.0118582
0.012118
0.0124816
0.0127312
0.0129021
0.0131967
0.0135719
0.013901
0.0141702
0.0144229
0.0147455
0.0151563
0.0155177
0.0157668
0.0160747
0.0165293
0.0169432
0.0172201
0.0175637
0.0180382
0.0184546
0.0187944
0.0192035
0.0196634
0.0200914
0.0205084
0.020959
0.0214316
0.0218923
0.0223607
0.0228494
0.0233484
0.0238411
0.024365
0.0248907
0.0254209
0.0259611
0.0265295
0.0270928
0.0276708
0.0282629
0.0288717
0.0294901
0.0301187
0.0307686
0.0314226
0.0321039
0.032786
0.0334957
0.0342013
0.0349398
0.0356814
0.0364435
0.0372159
0.0380026
0.0388067
0.0396225
0.0404481
0.0413035
0.0421534
0.0430441
0.0439302
0.0448376
0.0457604
0.0466386
0.0474195
0.0478572
0.00565669
0.00624273
0.00700215
0.00780618
0.00856262
0.00915117
0.00944071
0.00942703
0.00926912
0.00915647
0.00913789
0.00912044
0.00897363
0.00871605
0.0085689
0.00866947
0.00890682
0.00904805
0.00898401
0.00898879
0.00930358
0.0096816
0.00980903
0.00972096
0.00980873
0.010289
0.0106409
0.0105676
0.0106455
0.0110416
0.0112793
0.011406
0.0116681
0.0119001
0.0121205
0.012484
0.0127818
0.0129339
0.0131898
0.0135825
0.0139283
0.0141877
0.0144374
0.0147555
0.0151623
0.0155364
0.015788
0.0160778
0.0165295
0.0169592
0.0172359
0.0175659
0.0180417
0.0184669
0.0188035
0.0192065
0.0196688
0.0200998
0.020515
0.0209634
0.021437
0.021898
0.0223648
0.0228537
0.0233537
0.0238455
0.0243692
0.0248955
0.0254255
0.0259655
0.0265346
0.0270976
0.0276753
0.028268
0.0288772
0.0294952
0.0301235
0.0307737
0.0314271
0.0321085
0.03279
0.0334995
0.0342047
0.0349434
0.0356844
0.0364462
0.0372188
0.0380052
0.0388099
0.0396253
0.0404519
0.0413072
0.0421581
0.0430499
0.0439373
0.0448472
0.0457717
0.0466523
0.0474349
0.0478735
0.00560578
0.00624157
0.00702547
0.0078203
0.00854424
0.00911611
0.00943343
0.00947109
0.00933658
0.00920224
0.00914179
0.00910709
0.00900669
0.00880969
0.0086548
0.0086925
0.00888108
0.00905395
0.00907727
0.00907661
0.00930073
0.00965257
0.00985176
0.00984429
0.00986632
0.0102219
0.0106518
0.0106948
0.010686
0.0110178
0.0113246
0.0114523
0.0116833
0.0119418
0.0121394
0.0124735
0.0128202
0.012985
0.0131884
0.0135771
0.0139565
0.0142143
0.0144491
0.0147634
0.0151691
0.0155541
0.0158118
0.0160827
0.016527
0.0169751
0.0172542
0.017568
0.0180442
0.0184798
0.0188136
0.0192094
0.0196737
0.0201084
0.0205222
0.0209681
0.0214423
0.0219039
0.0223691
0.022858
0.0233593
0.0238501
0.0243736
0.0249004
0.0254301
0.02597
0.0265397
0.0271026
0.0276798
0.0282732
0.0288828
0.0295002
0.0301282
0.0307789
0.0314318
0.0321134
0.0327942
0.0335035
0.0342081
0.0349469
0.0356875
0.0364489
0.0372219
0.0380078
0.0388133
0.0396282
0.0404558
0.0413113
0.0421632
0.0430562
0.0439446
0.0448568
0.0457831
0.0466659
0.0474503
0.0478899
0.00555559
0.00622898
0.00704062
0.00783717
0.00853891
0.00909055
0.00941978
0.00949715
0.00939041
0.00924392
0.00915241
0.00909543
0.00901671
0.00887381
0.00873455
0.00873066
0.00887137
0.00904645
0.00913415
0.00916352
0.0093243
0.0096313
0.00986845
0.0099362
0.00995484
0.0101917
0.0106182
0.0107938
0.0107671
0.0109998
0.0113435
0.0115056
0.0117
0.0119735
0.0121734
0.0124634
0.012838
0.0130458
0.0132057
0.0135593
0.0139739
0.0142527
0.0144655
0.0147653
0.0151751
0.0155721
0.0158369
0.0160903
0.0165219
0.0169892
0.0172758
0.0175709
0.0180447
0.0184933
0.0188252
0.0192122
0.0196779
0.0201172
0.02053
0.0209729
0.0214477
0.0219099
0.0223735
0.0228624
0.0233652
0.023855
0.0243779
0.0249055
0.0254352
0.0259746
0.0265449
0.0271077
0.0276843
0.0282785
0.0288883
0.0295054
0.0301329
0.0307841
0.0314364
0.0321181
0.0327984
0.0335075
0.0342118
0.0349507
0.035691
0.0364517
0.0372253
0.0380106
0.0388168
0.0396312
0.0404597
0.0413156
0.0421681
0.0430629
0.0439522
0.0448668
0.0457949
0.0466796
0.0474657
0.0479062
0.00551368
0.00620995
0.00704601
0.00785012
0.00854039
0.0090734
0.00940438
0.00950855
0.00943059
0.00928024
0.00916416
0.00908701
0.00901262
0.00890931
0.00879736
0.00877397
0.00887504
0.00903784
0.00916413
0.00923526
0.00936672
0.00962394
0.00987349
0.00999685
0.0100456
0.010206
0.0105702
0.0108445
0.0108668
0.0110075
0.0113419
0.0115552
0.0117257
0.0119944
0.0122131
0.012464
0.0128363
0.0131003
0.0132465
0.0135427
0.0139714
0.0142948
0.0144961
0.0147634
0.0151748
0.0155916
0.0158645
0.0161004
0.0165153
0.017
0.0173001
0.017576
0.0180426
0.0185064
0.0188392
0.0192153
0.019681
0.0201259
0.0205383
0.0209778
0.0214529
0.0219162
0.022378
0.0228668
0.0233712
0.0238599
0.0243821
0.0249107
0.0254403
0.0259793
0.0265502
0.0271132
0.0276891
0.0282841
0.0288941
0.0295107
0.0301377
0.0307895
0.0314412
0.0321229
0.0328027
0.0335112
0.0342154
0.0349542
0.0356946
0.0364545
0.0372288
0.0380136
0.0388204
0.0396347
0.0404638
0.0413204
0.0421732
0.0430696
0.0439599
0.0448766
0.0458068
0.0466932
0.0474812
0.0479227
0.0054829
0.00619132
0.00704413
0.00785561
0.00854162
0.00906058
0.00938705
0.00950687
0.00945391
0.00930873
0.00917332
0.00907987
0.00900187
0.00892248
0.00883922
0.00881303
0.00888694
0.00903152
0.0091774
0.0092854
0.00941492
0.00963232
0.00987568
0.0100369
0.0101222
0.010252
0.0105377
0.0108507
0.0109574
0.0110452
0.0113325
0.0115908
0.0117601
0.0120107
0.0122509
0.0124795
0.0128264
0.0131365
0.0133015
0.0135418
0.0139511
0.0143252
0.0145436
0.014768
0.0151628
0.0156083
0.0158979
0.0161136
0.0165069
0.0170076
0.0173265
0.0175844
0.0180382
0.0185177
0.0188554
0.0192193
0.019683
0.0201345
0.0205476
0.0209829
0.0214578
0.0219227
0.0223828
0.0228713
0.0233776
0.0238651
0.0243862
0.024916
0.0254455
0.0259837
0.026555
0.0271185
0.0276938
0.0282896
0.0288998
0.029516
0.0301427
0.030795
0.0314462
0.0321279
0.0328074
0.0335154
0.0342196
0.0349578
0.0356982
0.0364573
0.0372322
0.0380166
0.0388238
0.0396382
0.0404677
0.0413254
0.0421785
0.0430767
0.0439681
0.0448867
0.0458189
0.0467067
0.0474962
0.0479387
0.00546215
0.00617778
0.00704018
0.00785579
0.00853878
0.00904848
0.00936717
0.00949366
0.00945835
0.0093242
0.00917645
0.00906849
0.00898604
0.00891857
0.00886045
0.00884149
0.00890176
0.00902874
0.0091818
0.00931742
0.00945698
0.00965179
0.00987841
0.0100627
0.0101801
0.0103081
0.010535
0.0108349
0.0110203
0.0111052
0.0113304
0.0116105
0.0117972
0.0120264
0.012282
0.0125064
0.0128198
0.0131543
0.0133564
0.0135631
0.0139281
0.0143324
0.0145969
0.0147914
0.015142
0.0156122
0.0159382
0.0161341
0.0164952
0.0170106
0.0173549
0.0175968
0.0180323
0.0185266
0.0188737
0.0192252
0.0196838
0.0201423
0.0205575
0.0209884
0.0214624
0.0219293
0.0223876
0.0228755
0.0233839
0.0238704
0.0243903
0.0249217
0.0254513
0.0259885
0.0265602
0.0271242
0.0276987
0.0282952
0.0289055
0.0295212
0.0301476
0.0308004
0.0314512
0.0321326
0.0328119
0.0335192
0.0342237
0.0349616
0.0357023
0.0364606
0.037236
0.0380201
0.0388274
0.0396422
0.0404718
0.0413306
0.0421839
0.0430836
0.0439763
0.0448966
0.045831
0.0467204
0.0475115
0.0479548
0.00545059
0.00617003
0.00703696
0.00785303
0.00853063
0.00903263
0.00934312
0.00946959
0.00944457
0.00932201
0.00917009
0.00904855
0.00896264
0.00890134
0.0088626
0.00885651
0.00891346
0.00902912
0.00918145
0.00933737
0.00948957
0.00967582
0.00988544
0.0100784
0.0102218
0.0103575
0.0105531
0.0108181
0.0110491
0.0111693
0.011345
0.0116195
0.0118328
0.0120458
0.0123064
0.0125389
0.0128217
0.0131603
0.0134009
0.0136
0.0139186
0.0143204
0.0146385
0.0148378
0.015127
0.0155948
0.015978
0.0161688
0.0164812
0.0170051
0.0173851
0.0176142
0.0180245
0.0185319
0.0188933
0.0192334
0.0196841
0.0201493
0.0205682
0.0209942
0.0214667
0.0219364
0.0223932
0.0228798
0.0233902
0.0238757
0.0243937
0.024927
0.0254568
0.0259927
0.0265649
0.0271299
0.0277038
0.0283009
0.0289113
0.0295265
0.0301528
0.0308058
0.0314565
0.0321375
0.0328167
0.0335232
0.0342278
0.0349651
0.0357059
0.0364637
0.0372395
0.0380237
0.038831
0.0396464
0.0404761
0.0413362
0.0421899
0.0430909
0.0439851
0.0449067
0.0458431
0.0467339
0.0475263
0.047971
0.00545056
0.00616833
0.00703534
0.00784742
0.00851619
0.00900777
0.00930964
0.00943205
0.0094116
0.00929806
0.0091482
0.00901704
0.00892764
0.00887272
0.00884871
0.0088581
0.00891825
0.00903078
0.00917991
0.00934806
0.00951337
0.00969753
0.00989694
0.0100898
0.0102527
0.0103973
0.0105786
0.0108125
0.0110531
0.0112183
0.0113736
0.0116231
0.0118605
0.012069
0.0123255
0.012572
0.012833
0.0131614
0.0134331
0.0136408
0.013927
0.0143047
0.0146574
0.014895
0.0151348
0.0155606
0.0160041
0.0162219
0.0164732
0.016987
0.0174154
0.0176398
0.0180158
0.0185325
0.0189134
0.0192438
0.0196834
0.0201547
0.0205792
0.0210003
0.0214701
0.0219434
0.0223991
0.0228839
0.0233968
0.0238817
0.0243976
0.0249329
0.0254629
0.0259971
0.0265697
0.0271354
0.0277088
0.0283063
0.0289167
0.0295315
0.0301578
0.030811
0.0314617
0.0321421
0.0328212
0.0335271
0.0342321
0.034969
0.0357098
0.036467
0.0372428
0.0380272
0.0388343
0.0396504
0.04048
0.0413412
0.0421954
0.0430976
0.0439935
0.0449166
0.045855
0.0467473
0.0475408
0.047986
0.00546688
0.00617581
0.0070368
0.00783926
0.00849451
0.00897082
0.00926033
0.0093757
0.00935489
0.0092474
0.00910238
0.0089686
0.00887694
0.00883
0.0088207
0.00884725
0.00891619
0.0090319
0.00918101
0.00935331
0.00952973
0.009714
0.00990806
0.0100992
0.0102742
0.0104295
0.0106027
0.0108175
0.0110496
0.011247
0.0114099
0.0116304
0.0118789
0.0120943
0.0123406
0.0125996
0.0128504
0.0131608
0.0134547
0.0136782
0.0139459
0.0142966
0.0146561
0.0149433
0.0151687
0.0155255
0.0160039
0.0162852
0.0164825
0.016956
0.0174396
0.0176766
0.0180091
0.018528
0.0189347
0.0192587
0.0196837
0.0201592
0.0205911
0.0210073
0.0214731
0.0219508
0.0224058
0.0228876
0.0234028
0.0238874
0.0244009
0.0249385
0.0254694
0.0260021
0.0265749
0.0271417
0.0277148
0.0283125
0.028923
0.0295373
0.0301636
0.0308168
0.0314676
0.0321474
0.0328263
0.0335316
0.0342367
0.034973
0.0357139
0.0364712
0.0372469
0.0380317
0.0388385
0.0396553
0.0404852
0.0413474
0.0422022
0.0431053
0.0440027
0.0449269
0.0458668
0.0467606
0.0475554
0.0480022
0.00550214
0.0061956
0.00704238
0.0078286
0.00846407
0.00891961
0.00918932
0.00929178
0.00926502
0.00916057
0.00902243
0.0088937
0.00880599
0.00876898
0.00877794
0.00882502
0.00890898
0.00903216
0.00918526
0.00935791
0.00954003
0.00972626
0.00991644
0.0101078
0.0102888
0.0104537
0.0106224
0.010824
0.0110461
0.0112589
0.0114433
0.0116461
0.0118914
0.0121212
0.012358
0.012622
0.0128725
0.0131613
0.0134679
0.0137111
0.0139679
0.0142983
0.0146476
0.0149703
0.015217
0.0155053
0.0159751
0.0163402
0.0165141
0.016916
0.0174462
0.0177212
0.0180055
0.0185133
0.0189518
0.0192757
0.0196833
0.0201606
0.0206019
0.0210143
0.0214746
0.0219575
0.0224129
0.0228911
0.0234086
0.0238935
0.0244039
0.0249432
0.0254752
0.0260055
0.0265785
0.0271462
0.0277195
0.0283172
0.0289278
0.0295418
0.0301683
0.0308213
0.0314724
0.0321515
0.03283
0.0335352
0.0342406
0.0349765
0.0357169
0.0364742
0.0372495
0.0380347
0.0388414
0.0396588
0.040489
0.0413519
0.0422077
0.0431117
0.044011
0.0449366
0.045878
0.0467733
0.0475688
0.0480156
0.00554889
0.00622048
0.00704339
0.00780748
0.00841822
0.00884848
0.00909327
0.00917635
0.0091384
0.00903336
0.00890498
0.0087887
0.00871461
0.00869281
0.00872423
0.00879615
0.00890104
0.00903654
0.00919428
0.00936628
0.00954673
0.00973439
0.00992268
0.0101159
0.0103013
0.0104724
0.0106412
0.0108314
0.0110466
0.0112648
0.011469
0.0116701
0.0119034
0.0121468
0.0123811
0.0126412
0.0128992
0.0131699
0.013478
0.0137437
0.0139934
0.0143102
0.0146472
0.0149808
0.0152684
0.0155191
0.0159373
0.016377
0.0165751
0.0168889
0.0174359
0.0177749
0.0180181
0.018495
0.0189674
0.0193
0.0196867
0.0201618
0.0206138
0.0210232
0.0214768
0.0219648
0.0224215
0.0228948
0.0234142
0.0239002
0.0244078
0.024949
0.025483
0.0260117
0.0265842
0.0271529
0.0277262
0.0283237
0.0289342
0.029548
0.0301744
0.0308273
0.0314789
0.0321575
0.0328354
0.0335403
0.0342456
0.0349813
0.0357216
0.0364793
0.0372543
0.0380396
0.0388463
0.0396641
0.0404948
0.0413583
0.0422149
0.0431195
0.0440201
0.0449468
0.0458894
0.0467862
0.0475832
0.0480314
0.00558637
0.00620571
0.00698291
0.00770652
0.00827719
0.00866725
0.00887885
0.00894138
0.00889876
0.00880057
0.00869339
0.00860524
0.00856214
0.00857235
0.00863778
0.00874326
0.00887408
0.00902627
0.00918827
0.00936032
0.00953575
0.00972165
0.00991198
0.0101066
0.0102967
0.0104725
0.0106467
0.0108309
0.0110408
0.011263
0.011479
0.01169
0.0119133
0.0121614
0.0124007
0.0126503
0.0129158
0.0131784
0.013477
0.0137649
0.014015
0.0143186
0.0146506
0.0149748
0.0152952
0.0155517
0.0158993
0.0163715
0.0166384
0.0168791
0.0173991
0.0178153
0.0180433
0.018469
0.0189695
0.019326
0.0196909
0.0201585
0.0206233
0.0210311
0.0214769
0.0219703
0.0224294
0.0228977
0.0234184
0.0239059
0.0244101
0.0249519
0.025488
0.0260147
0.026587
0.0271569
0.027731
0.0283283
0.028939
0.0295529
0.0301791
0.0308316
0.0314836
0.0321616
0.0328386
0.033544
0.0342492
0.0349843
0.0357241
0.036482
0.0372567
0.0380424
0.0388495
0.0396676
0.0404989
0.0413629
0.0422207
0.0431262
0.0440283
0.0449563
0.0458999
0.0467978
0.0475951
0.0480433
0.0059933
0.00654893
0.00722346
0.007829
0.00828382
0.0085647
0.00868552
0.00869523
0.00864115
0.0085577
0.00848276
0.00843774
0.00843924
0.00849126
0.00858872
0.00871916
0.00886498
0.00902501
0.00918669
0.00935552
0.00952653
0.00970698
0.00990023
0.0100951
0.0102891
0.0104713
0.0106533
0.0108402
0.0110441
0.0112681
0.0114881
0.0117093
0.0119332
0.0121775
0.0124253
0.0126678
0.0129335
0.0131993
0.0134823
0.0137829
0.014044
0.0143315
0.0146649
0.0149785
0.0153069
0.0156004
0.0158971
0.016345
0.0166936
0.0169082
0.0173604
0.0178376
0.0180887
0.0184528
0.0189603
0.0193551
0.0197027
0.0201539
0.0206328
0.0210417
0.0214782
0.0219763
0.0224391
0.0229014
0.023423
0.0239136
0.0244148
0.0249569
0.0254964
0.0260217
0.0265922
0.027163
0.0277373
0.0283337
0.0289441
0.0295586
0.0301844
0.0308368
0.0314895
0.0321672
0.0328432
0.0335488
0.0342541
0.0349888
0.0357288
0.036487
0.0372614
0.0380469
0.0388541
0.0396724
0.0405041
0.0413686
0.042227
0.0431332
0.0440362
0.0449656
0.0459106
0.0468099
0.0476088
0.0480579
0.00593815
0.0063366
0.00685137
0.0073169
0.00767835
0.00794132
0.00810955
0.00817541
0.00819436
0.00820941
0.00823879
0.00828688
0.00835711
0.00845405
0.00857283
0.00871161
0.00885837
0.0090134
0.00917061
0.00933322
0.00950158
0.0096774
0.00987022
0.0100663
0.0102641
0.0104577
0.0106486
0.0108453
0.0110478
0.0112699
0.0114919
0.0117173
0.0119489
0.0121869
0.0124376
0.0126812
0.0129399
0.0132142
0.0134885
0.0137882
0.0140683
0.014343
0.014672
0.0149849
0.0153019
0.0156318
0.0159171
0.0163107
0.0167152
0.0169572
0.0173342
0.0178311
0.0181374
0.0184533
0.0189393
0.0193787
0.0197233
0.0201484
0.0206379
0.0210534
0.0214786
0.0219792
0.0224485
0.0229046
0.0234249
0.0239197
0.0244172
0.0249572
0.0255007
0.0260257
0.0265943
0.0271674
0.0277436
0.0283392
0.0289499
0.0295655
0.0301904
0.0308421
0.0314952
0.0321722
0.0328473
0.0335536
0.0342585
0.0349922
0.0357317
0.0364902
0.0372645
0.0380502
0.0388583
0.0396769
0.0405094
0.0413744
0.0422338
0.0431409
0.0440447
0.0449751
0.0459201
0.0468203
0.0476194
0.0480691
0.00765791
0.0074306
0.00712531
0.00689762
0.00679457
0.00680103
0.0069127
0.00714038
0.00742157
0.00769417
0.00793914
0.00814814
0.0083178
0.00846112
0.00859042
0.00872182
0.00885711
0.00899831
0.009148
0.0093048
0.00947074
0.00964555
0.0098337
0.0100308
0.0102325
0.0104377
0.0106381
0.010843
0.0110492
0.011267
0.0114929
0.0117215
0.0119617
0.0121999
0.0124471
0.0126975
0.0129485
0.0132257
0.0134996
0.013789
0.0140856
0.014358
0.014675
0.0149931
0.0152986
0.0156476
0.0159468
0.0162874
0.016707
0.0170039
0.0173281
0.0178023
0.018171
0.0184698
0.0189123
0.0193861
0.0197476
0.0201443
0.0206357
0.0210661
0.0214818
0.0219791
0.0224578
0.0229095
0.0234259
0.0239275
0.0244237
0.0249595
0.0255077
0.0260337
0.026598
0.0271716
0.0277488
0.028342
0.0289522
0.0295693
0.0301936
0.0308451
0.0314992
0.0321756
0.0328498
0.0335567
0.0342619
0.0349951
0.0357352
0.0364941
0.037268
0.0380534
0.0388615
0.0396803
0.0405128
0.0413783
0.0422381
0.043146
0.0440509
0.0449826
0.0459295
0.0468308
0.0476312
0.048081
0.00723438
0.00688028
0.00644307
0.00611345
0.00596569
0.00602167
0.00625724
0.00658739
0.00695812
0.00733404
0.00767429
0.00796123
0.0081939
0.00838459
0.00854639
0.00869639
0.00884065
0.00898331
0.00913165
0.00928813
0.00945371
0.00963011
0.00981285
0.0100071
0.0102097
0.010419
0.0106282
0.0108374
0.01105
0.0112658
0.0114958
0.0117295
0.0119707
0.0122137
0.0124547
0.0127119
0.0129624
0.0132366
0.0135184
0.0137967
0.0141016
0.0143802
0.014681
0.0150043
0.0153055
0.0156565
0.0159798
0.0162915
0.0166941
0.0170442
0.0173544
0.0177801
0.0181919
0.0185084
0.0189014
0.0193843
0.0197781
0.0201512
0.0206294
0.0210794
0.02149
0.0219767
0.0224667
0.0229168
0.0234245
0.023933
0.024429
0.0249574
0.0255098
0.0260394
0.0266003
0.0271759
0.0277572
0.0283492
0.0289592
0.0295783
0.0302019
0.0308523
0.0315067
0.0321821
0.0328555
0.033563
0.0342675
0.0349994
0.0357389
0.0364981
0.037272
0.0380577
0.0388667
0.039686
0.0405194
0.0413853
0.042246
0.0431544
0.0440594
0.0449915
0.0459379
0.0468395
0.0476402
0.048091
0.00805453
0.00769431
0.00720745
0.00677725
0.00648506
0.0063524
0.00637234
0.00651264
0.00673621
0.00700494
0.00729594
0.00758778
0.00786234
0.0081146
0.00834176
0.00855282
0.00874719
0.00892832
0.00909944
0.00927029
0.00944481
0.00962361
0.00980339
0.00999048
0.0101869
0.0103887
0.0105998
0.0108102
0.0110277
0.0112512
0.0114865
0.0117303
0.0119683
0.012216
0.0124571
0.0127147
0.0129725
0.0132381
0.0135265
0.0137989
0.0141001
0.0143907
0.0146773
0.015004
0.0153088
0.0156502
0.0159937
0.0162969
0.0166716
0.0170515
0.0173762
0.0177593
0.01818
0.0185364
0.0188988
0.0193614
0.0197955
0.0201642
0.020615
0.021087
0.0215018
0.0219694
0.0224718
0.0229253
0.0234212
0.0239388
0.024438
0.0249575
0.0255141
0.0260478
0.0266028
0.0271777
0.0277613
0.0283505
0.0289591
0.0295799
0.0302035
0.0308537
0.0315088
0.0321834
0.0328564
0.0335648
0.0342697
0.0350011
0.0357412
0.0365008
0.0372743
0.0380597
0.0388687
0.039688
0.0405211
0.0413875
0.0422485
0.0431579
0.0440639
0.0449973
0.0459453
0.0468479
0.0476497
0.0480999
0.0058072
0.00603328
0.00635474
0.00662623
0.00681234
0.00691197
0.00694555
0.0069497
0.00697517
0.00705984
0.00721004
0.00741913
0.00766494
0.00793057
0.0081942
0.00844641
0.00867814
0.00888936
0.00908346
0.00926845
0.00945362
0.00963496
0.00981599
0.0099968
0.0101822
0.0103737
0.0105799
0.0107938
0.0110151
0.0112518
0.0114916
0.0117396
0.0119755
0.0122187
0.0124663
0.01272
0.0129887
0.0132518
0.0135375
0.0138165
0.0141046
0.0144064
0.0146862
0.015006
0.0153254
0.0156517
0.0160071
0.0163196
0.0166693
0.0170603
0.0174046
0.0177677
0.018172
0.0185596
0.0189252
0.0193465
0.0198027
0.0201916
0.0206041
0.0210878
0.021521
0.0219631
0.0224734
0.0229377
0.0234162
0.02394
0.0244461
0.0249535
0.0255129
0.0260542
0.026605
0.0271814
0.0277704
0.0283585
0.0289668
0.0295892
0.0302123
0.0308618
0.031517
0.0321898
0.0328621
0.0335711
0.034275
0.035005
0.0357446
0.0365046
0.0372783
0.0380641
0.0388741
0.039694
0.0405281
0.0413947
0.0422562
0.0431656
0.0440711
0.0450045
0.0459519
0.0468545
0.0476564
0.0481085
0.007874
0.00742834
0.00683485
0.00629904
0.00591359
0.0057063
0.00568257
0.00582525
0.00608456
0.00641504
0.00677493
0.00714204
0.00749514
0.00782507
0.00812543
0.00839587
0.00863903
0.00885536
0.00905354
0.00924009
0.00942699
0.00961098
0.00979482
0.00997527
0.0101538
0.010344
0.0105473
0.0107665
0.0109954
0.0112428
0.0114895
0.0117351
0.011974
0.0122117
0.0124647
0.0127184
0.0129901
0.0132604
0.0135357
0.0138228
0.0141036
0.014406
0.0146932
0.0149986
0.0153333
0.0156526
0.0160018
0.0163319
0.016664
0.0170536
0.0174128
0.0177721
0.018163
0.0185567
0.0189453
0.0193411
0.0197906
0.0202138
0.0206028
0.0210778
0.0215388
0.0219621
0.0224677
0.02295
0.023415
0.0239385
0.024457
0.0249551
0.0255127
0.0260616
0.0266073
0.0271807
0.0277734
0.0283595
0.0289658
0.02959
0.0302131
0.0308624
0.0315187
0.0321908
0.0328623
0.0335725
0.0342768
0.0350064
0.0357462
0.0365063
0.0372797
0.0380652
0.0388751
0.0396949
0.0405288
0.0413957
0.0422574
0.0431676
0.0440737
0.0450081
0.0459567
0.0468601
0.0476626
0.0481134
0.00695022
0.00645779
0.00584972
0.00534245
0.0050213
0.00491241
0.00500996
0.00528379
0.00567806
0.00613112
0.00659222
0.00703366
0.00743896
0.00780131
0.00811921
0.00839412
0.00863431
0.00884453
0.00903742
0.0092213
0.00940632
0.0095926
0.00977805
0.00995939
0.0101355
0.0103258
0.0105295
0.0107505
0.0109862
0.0112376
0.0114882
0.0117309
0.0119704
0.0122072
0.0124594
0.0127171
0.0129867
0.0132629
0.0135354
0.0138217
0.0141046
0.0144005
0.0146939
0.014994
0.0153303
0.0156567
0.0159984
0.0163387
0.016671
0.017054
0.0174206
0.0177805
0.0181674
0.0185571
0.0189548
0.0193495
0.0197839
0.0202206
0.0206105
0.0210704
0.0215439
0.0219672
0.0224625
0.0229542
0.0234169
0.0239339
0.0244589
0.0249553
0.0255093
0.0260644
0.0266121
0.0271842
0.0277808
0.0283687
0.0289741
0.0295988
0.030222
0.03087
0.031526
0.0321975
0.0328677
0.0335776
0.0342812
0.0350099
0.0357492
0.0365097
0.0372836
0.0380696
0.0388805
0.0397009
0.0405356
0.0414024
0.0422642
0.0431739
0.0440791
0.045013
0.0459604
0.0468644
0.0476674
0.0481212
)
;

boundaryField
{
    zeroGradientPlanes
    {
        type            zeroGradient;
    }
    inlet
    {
        type            zeroGradient;
    }
    plate
    {
        type            zeroGradient;
    }
    frontAndBack
    {
        type            empty;
    }
}


// ************************************************************************* //
