/*--------------------------------*- C++ -*----------------------------------*\
| =========                 |                                                 |
| \\      /  F ield         | OpenFOAM: The Open Source CFD Toolbox           |
|  \\    /   O peration     | Version:  v1812                                 |
|   \\  /    A nd           | Web:      www.OpenFOAM.com                      |
|    \\/     M anipulation  |                                                 |
\*---------------------------------------------------------------------------*/
FoamFile
{
    version     2.0;
    format      ascii;
    class       volScalarField;
    location    "5.2";
    object      p;
}
// * * * * * * * * * * * * * * * * * * * * * * * * * * * * * * * * * * * * * //

dimensions      [0 2 -2 0 0 0 0];


internalField   nonuniform List<scalar> 
9600
(
1.63815e-11
0.00193315
0.00618772
0.0017992
-0.00360878
0.00297217
0.00491793
0.00482271
0.00933209
0.00975481
0.00833144
0.00983868
0.00941575
0.0112626
0.011274
0.0125572
0.0130858
0.0160164
0.0184642
0.0221892
1.90063e-06
0.00193356
0.00618306
0.00181707
-0.00359289
0.00295615
0.00490646
0.0048335
0.00933236
0.00976734
0.00834312
0.00982644
0.00941688
0.0112538
0.011282
0.0125427
0.0131063
0.0159828
0.0184739
0.0217525
5.15876e-06
0.00194386
0.00618007
0.00183312
-0.00357021
0.0029287
0.00489159
0.00487756
0.0093393
0.00979021
0.00836262
0.00980031
0.00942746
0.0112358
0.0112952
0.0125196
0.0131278
0.0159334
0.0184568
0.0212631
1.25699e-05
0.00197127
0.00616677
0.00185147
-0.00352388
0.00291704
0.0048773
0.00495087
0.00934584
0.00981884
0.00839469
0.00977087
0.00945119
0.0112124
0.0113121
0.0124901
0.0131486
0.0158735
0.0184088
0.0208036
2.70525e-05
0.00201172
0.00613494
0.00187293
-0.00344243
0.00292792
0.00485862
0.00504209
0.00935472
0.00985137
0.00843784
0.00974467
0.0094868
0.0111885
0.0113321
0.0124564
0.0131697
0.0158022
0.018339
0.0203781
4.96398e-05
0.00205862
0.00608114
0.00189934
-0.00332378
0.00295749
0.00483304
0.00514543
0.00936893
0.00988455
0.00849025
0.00972494
0.00953227
0.0111671
0.0113548
0.0124207
0.0131898
0.0157217
0.0182503
0.0199757
7.97067e-05
0.00210719
0.00600811
0.00193143
-0.0031759
0.0030026
0.0048024
0.00525625
0.00939011
0.00991595
0.00854931
0.00971082
0.00958517
0.0111487
0.0113796
0.0123836
0.0132076
0.015635
0.0181412
0.0195907
0.000115633
0.00215514
0.00592279
0.00196917
-0.00301066
0.00306008
0.00476831
0.00536993
0.00941686
0.00994304
0.00861199
0.00970061
0.00964346
0.0111327
0.0114056
0.0123449
0.0132216
0.0155437
0.0180095
0.0192213
0.000155618
0.00220229
0.00583299
0.00201251
-0.00283752
0.00312372
0.00473103
0.00548198
0.00944539
0.00996331
0.00867493
0.00969279
0.00970548
0.0111181
0.0114318
0.0123059
0.0132305
0.0154492
0.0178553
0.0188673
0.000198315
0.00224959
0.00574446
0.00206155
-0.00266048
0.00318613
0.00469055
0.00558876
0.00947107
0.00997452
0.00873526
0.00968645
0.00976993
0.0111048
0.0114578
0.0122669
0.013233
0.0153536
0.0176809
0.0185281
0.000243062
0.00229804
0.00565983
0.002116
-0.00247898
0.00324243
0.00464772
0.00568787
0.0094901
0.00997511
0.00879096
0.00968123
0.00983575
0.0110933
0.0114835
0.012229
0.0132169
0.0152593
0.0174902
0.0182028
0.000289769
0.00234816
0.0055795
0.00217487
-0.00229006
0.00329103
0.00460447
0.00577837
0.00950037
0.00996448
0.00884085
0.00967716
0.0099021
0.0110841
0.0115089
0.0121943
0.0132079
0.0151683
0.0172884
0.0178913
0.000338607
0.0023998
0.00550263
0.00223697
-0.00209061
0.00333245
0.00456313
0.00586093
0.00950177
0.00994301
0.00888448
0.00967454
0.00996808
0.0110777
0.0115337
0.0121641
0.0131941
0.0150815
0.0170816
0.0175943
0.000389758
0.00245252
0.00542816
0.0023014
-0.00187931
0.00336866
0.00452606
0.00593697
0.00949597
0.00991193
0.00892205
0.00967381
0.0100329
0.0110741
0.0115572
0.0121385
0.0131756
0.0149999
0.0168744
0.0173114
0.000443334
0.00250594
0.00535537
0.00236782
-0.00165707
0.00340178
0.00449475
0.00600765
0.00948574
0.009873
0.00895406
0.00967557
0.0100958
0.0110734
0.0115787
0.0121163
0.0131525
0.0149234
0.0166692
0.0170405
0.000499349
0.00255985
0.00528409
0.00243621
-0.0014261
0.00343314
0.00446965
0.00607356
0.0094739
0.00982821
0.00898104
0.00968049
0.0101567
0.011075
0.0115972
0.0120957
0.0131247
0.0148443
0.0164657
0.0167791
0.000557769
0.00261414
0.00521458
0.00250658
-0.00118879
0.00346303
0.00445049
0.00613487
0.00946273
0.00977949
0.00900331
0.0096891
0.0102152
0.0110787
0.011612
0.0120752
0.0130916
0.0147642
0.0162637
0.0165247
0.000618616
0.00266876
0.00514721
0.00257884
-0.000947043
0.00349027
0.00443734
0.0061917
0.00945369
0.00972857
0.00902094
0.00970176
0.0102713
0.011084
0.0116231
0.0120534
0.0130525
0.0146821
0.0160636
0.016275
0.000681974
0.0027236
0.00508244
0.0026528
-0.000702177
0.00352141
0.00442991
0.00624411
0.0094475
0.00967697
0.00903377
0.00971847
0.0103251
0.0110901
0.0116309
0.0120297
0.0130068
0.0145976
0.0158659
0.0160268
0.000747936
0.00277854
0.00502076
0.00272833
-0.000455034
0.0035535
0.00442811
0.00629225
0.00944436
0.00962613
0.00904156
0.00973897
0.0103771
0.0110965
0.0116352
0.0120041
0.012954
0.0145105
0.0156722
0.0157784
0.000816609
0.00283343
0.00496268
0.00280536
-0.000206198
0.00358668
0.00443182
0.00633636
0.00944405
0.00957742
0.0090441
0.0097628
0.0104277
0.0111022
0.011636
0.0119769
0.012894
0.01442
0.0154835
0.0155298
0.000888132
0.00288815
0.00490874
0.00288387
4.37082e-05
0.00362125
0.00444101
0.00637674
0.00944616
0.00953198
0.00904139
0.00978934
0.0104775
0.0111068
0.0116326
0.0119479
0.0128269
0.0143244
0.0153002
0.0152825
0.000962667
0.00294252
0.00485943
0.002964
0.000294044
0.00365749
0.00445565
0.00641377
0.00945011
0.00949065
0.0090337
0.00981778
0.010527
0.0111096
0.0116248
0.0119171
0.0127532
0.0142211
0.0151228
0.0150365
0.00104043
0.00299637
0.00481515
0.00304589
0.000544247
0.00369566
0.00447568
0.00644786
0.00945537
0.00945409
0.00902128
0.00984716
0.0105768
0.0111105
0.0116116
0.0118845
0.012673
0.0141137
0.0149527
0.0147913
0.00112166
0.00304951
0.00477619
0.00312965
0.000793694
0.00373608
0.00450102
0.00647938
0.00946141
0.00942299
0.00900436
0.0098765
0.0106276
0.0111095
0.0115926
0.0118499
0.0125868
0.0140001
0.0147923
0.0145494
0.00120661
0.00310174
0.00474283
0.00321551
0.0010417
0.00377907
0.00453151
0.0065088
0.00946772
0.00939795
0.00898341
0.00990463
0.0106796
0.0111064
0.011567
0.011814
0.0124954
0.0138769
0.0146427
0.0143183
0.00129552
0.00315293
0.00471519
0.00330378
0.00128764
0.00382498
0.00456696
0.00653658
0.00947372
0.00937941
0.00895926
0.00993022
0.0107333
0.0111017
0.0115336
0.0117771
0.012401
0.0137417
0.0145004
0.0141081
0.00138863
0.00320295
0.00469333
0.00339477
0.00153094
0.00387414
0.00460733
0.00656275
0.00947878
0.00936758
0.00893279
0.00995199
0.0107887
0.0110966
0.0114914
0.0117382
0.0123074
0.0135925
0.0143571
0.0139239
0.00148618
0.00325179
0.00467718
0.00348884
0.00177117
0.00392683
0.0046527
0.00658795
0.00948219
0.00936255
0.00890477
0.00996866
0.0108451
0.0110922
0.0114408
0.0116953
0.0122172
0.0134336
0.014204
0.0137627
0.00158837
0.00329957
0.00466652
0.00358622
0.0020081
0.00398323
0.00470308
0.00661291
0.00948316
0.00936438
0.00887628
0.00997898
0.0109017
0.0110896
0.0113826
0.0116475
0.0121305
0.0132685
0.0140376
0.0136164
0.00169543
0.00334647
0.00466109
0.00368709
0.00224154
0.00404347
0.00475846
0.00663839
0.00948103
0.00937288
0.00884866
0.00998206
0.0109575
0.0110892
0.0113176
0.0115944
0.012047
0.0131025
0.0138598
0.0134766
0.00180753
0.00339279
0.00466062
0.00379167
0.00247142
0.00410749
0.00481857
0.00666523
0.00947557
0.00938727
0.00882298
0.00997724
0.0110115
0.0110918
0.0112457
0.0115354
0.0119682
0.0129391
0.0136728
0.0133379
0.00192478
0.00343895
0.00466469
0.00390005
0.00269799
0.00417533
0.00488287
0.00669411
0.00946677
0.00940665
0.00880042
0.00996401
0.0110621
0.0110979
0.011167
0.0114693
0.011896
0.0127802
0.0134772
0.0131966
0.00204725
0.00348546
0.00467292
0.00401217
0.0029216
0.00424705
0.0049509
0.00672558
0.00945484
0.00943011
0.00878178
0.00994218
0.0111075
0.0111082
0.0110831
0.0113942
0.0118303
0.0126169
0.0132744
0.0130482
0.00217493
0.00353287
0.00468509
0.0041279
0.00314256
0.00432271
0.0050223
0.00676028
0.00944029
0.00945674
0.00876732
0.0099115
0.011146
0.0111234
0.010996
0.0113084
0.0117694
0.0124824
0.0130693
0.0128881
0.00230786
0.00358176
0.00470091
0.00424691
0.00336125
0.00440276
0.00509621
0.00679811
0.00942382
0.00948613
0.00875749
0.00987171
0.0111762
0.011144
0.0109083
0.011211
0.0117105
0.0123638
0.0128682
0.0127133
0.00244615
0.00363267
0.00472006
0.00436896
0.00357813
0.0044878
0.00517166
0.00683838
0.00940591
0.00951827
0.00875311
0.00982257
0.0111956
0.01117
0.0108226
0.011102
0.011651
0.0122613
0.0126781
0.0125243
0.00258972
0.00368601
0.00474272
0.00449386
0.00379308
0.00457866
0.00524859
0.00688013
0.00938659
0.00955328
0.00875536
0.0097637
0.0112011
0.0112012
0.0107426
0.0109813
0.0115871
0.0121741
0.0125062
0.0123267
0.00273854
0.00374207
0.00476944
0.00462168
0.0040054
0.0046762
0.00532731
0.00692252
0.00936578
0.00959087
0.00876576
0.00969586
0.0111892
0.011236
0.0106726
0.0108496
0.0115137
0.0121001
0.0123594
0.0121315
0.00289263
0.00380101
0.00480056
0.00475281
0.00421399
0.00478052
0.00540903
0.00696523
0.009343
0.00963004
0.00878602
0.00962149
0.0111564
0.0112713
0.0106173
0.0107101
0.0114258
0.0120362
0.0122418
0.0119512
0.00305198
0.00386331
0.00483578
0.00488769
0.00441822
0.0048912
0.0054954
0.00700813
0.00931707
0.00966934
0.00881786
0.00954422
0.0111002
0.0113019
0.0105804
0.0105685
0.0113201
0.0119825
0.0121546
0.0117965
0.00321638
0.00392975
0.00487471
0.00502678
0.0046186
0.00500712
0.00558753
0.00705166
0.00928671
0.00970702
0.00886195
0.00946813
0.0110207
0.0113219
0.0105638
0.0104323
0.0111939
0.0119598
0.0120978
0.0116766
0.00338572
0.00400121
0.00491656
0.00517058
0.00481639
0.005126
0.00568552
0.00709742
0.00925163
0.00974079
0.00891755
0.00939703
0.0109192
0.0113262
0.010567
0.01031
0.0110446
0.0119001
0.0120641
0.0115987
0.00355992
0.00407879
0.00495985
0.00531886
0.0050141
0.00524579
0.00578837
0.00714776
0.00921242
0.00976733
0.0089831
0.00933488
0.0107988
0.0113103
0.0105867
0.01021
0.0108768
0.0118194
0.0120432
0.0115635
0.00373839
0.00416416
0.00500336
0.00547025
0.00521525
0.00536533
0.00589406
0.0072046
0.00917063
0.0097835
0.00905557
0.0092854
0.0106649
0.0112722
0.0106169
0.010138
0.0106992
0.0117017
0.0120208
0.011564
0.00392033
0.00425919
0.00504686
0.00562238
0.00542319
0.005485
0.00599903
0.00726834
0.00912967
0.00978817
0.00913039
0.00925058
0.0105243
0.0112123
0.0106505
0.0100954
0.0105228
0.0115187
0.0119802
0.0115905
0.004105
0.00436527
0.00509063
0.00577211
0.00564019
0.00560672
0.00609835
0.00733744
0.0090945
0.00978242
0.00920265
0.00923022
0.0103841
0.0111333
0.0106816
0.0100798
0.0103618
0.0113105
0.011908
0.0116318
0.00429153
0.00448333
0.00513649
0.00591535
0.00586625
0.00573465
0.00618796
0.00740908
0.00907027
0.00976906
0.00926834
0.00922248
0.0102497
0.0110389
0.0107059
0.0100869
0.010226
0.0110885
0.0117949
0.0116733
0.00447907
0.00461404
0.00518733
0.00604734
0.00609882
0.00587555
0.00626691
0.00747657
0.00905929
0.00975489
0.00932668
0.00922512
0.0101244
0.0109313
0.0107191
0.0101114
0.0101226
0.0108676
0.0116385
0.0116964
0.00466685
0.00475787
0.00524631
0.00616409
0.00633386
0.00603674
0.00633704
0.00753037
0.00905961
0.00974908
0.00938038
0.00923543
0.0100098
0.0108137
0.0107185
0.0101472
0.0100534
0.0106638
0.0114456
0.0116814
0.00485411
0.00491473
0.00531689
0.00626377
0.00656573
0.00622255
0.00640256
0.00756325
0.00906604
0.00975753
0.00943581
0.00925242
0.00990534
0.0106887
0.010703
0.0101887
0.0100155
0.0104907
0.0112343
0.0116176
0.00504023
0.00508419
0.00540236
0.00634687
0.00678615
0.00643316
0.00647498
0.00757327
0.00906639
0.00978023
0.00950131
0.00927847
0.00981144
0.010558
0.0106713
0.0102311
0.0100037
0.0103537
0.0110239
0.0115074
0.00522495
0.0052654
0.00550544
0.00641567
0.00698572
0.00666378
0.00656968
0.00756393
0.00904666
0.0098124
0.0095824
0.0093192
0.00973131
0.0104238
0.0106221
0.0102706
0.0100132
0.0102535
0.0108345
0.0113655
0.00540845
0.00545615
0.0056284
0.00647425
0.00715753
0.00690709
0.00669673
0.00754523
0.00899845
0.00984236
0.00968063
0.00938171
0.00967012
0.0102892
0.010554
0.0103015
0.0100387
0.0101883
0.0106763
0.0112097
0.00559139
0.00565363
0.00577223
0.00652794
0.00729751
0.00715102
0.00685975
0.0075368
0.00892269
0.00985276
0.00979204
0.00947057
0.0096349
0.0101616
0.0104675
0.0103175
0.0100748
0.0101529
0.0105523
0.0110547
0.00577465
0.00585457
0.00593636
0.00658357
0.00740409
0.00738174
0.00705571
0.00755826
0.00882761
0.0098286
0.00990375
0.00958644
0.0096325
0.0100504
0.0103671
0.0103124
0.0101146
0.0101427
0.0104631
0.0109271
0.00595912
0.00605618
0.00611893
0.00664836
0.0074781
0.00758877
0.00727787
0.00762084
0.00873275
0.00976681
0.00999579
0.00972479
0.00966804
0.00996522
0.0102625
0.0102845
0.0101481
0.0101525
0.0104066
0.0108256
0.00614558
0.00625586
0.00631611
0.00672943
0.00752428
0.00776532
0.0075141
0.00772506
0.00866006
0.00967426
0.0100493
0.00987132
0.00974331
0.00991555
0.0101648
0.010238
0.0101666
0.0101737
0.0103793
0.0107526
0.00633408
0.00644985
0.00652281
0.00683322
0.00755544
0.00790669
0.00774955
0.00786674
0.0086241
0.00956867
0.0100583
0.0100041
0.00985232
0.00990991
0.0100857
0.0101808
0.0101668
0.0101954
0.0103752
0.0107102
0.00652448
0.00663862
0.0067305
0.00696071
0.00758749
0.00801404
0.00797002
0.00803673
0.00862994
0.00947171
0.0100288
0.0101046
0.00997868
0.00994964
0.0100382
0.0101238
0.0101522
0.0102093
0.0103845
0.0106947
0.00671661
0.00682276
0.00693296
0.00710875
0.00763188
0.00809227
0.00816521
0.00822244
0.0086763
0.00939993
0.00997491
0.0101658
0.0101017
0.0100271
0.010032
0.0100799
0.0101304
0.0102132
0.0103961
0.0106994
0.00690976
0.00700316
0.00712662
0.00727211
0.00769518
0.00815137
0.0083298
0.00841171
0.0087593
0.00936295
0.00991578
0.0101911
0.0102056
0.0101264
0.0100679
0.0100629
0.0101103
0.0102109
0.0104035
0.0107136
0.00710269
0.00718021
0.0073108
0.00744398
0.00778025
0.00820346
0.00846368
0.00859293
0.00887012
0.00936266
0.00986862
0.0101916
0.0102835
0.0102309
0.0101381
0.0100807
0.0101029
0.0102088
0.0104072
0.0107281
0.00729391
0.00735565
0.00748615
0.00761639
0.00788482
0.00825933
0.00857057
0.00875738
0.00899938
0.00939708
0.00984355
0.0101829
0.0103366
0.0103286
0.010231
0.0101333
0.0101185
0.0102145
0.0104128
0.0107405
0.00748172
0.00752912
0.00765415
0.00778413
0.00800469
0.00832551
0.00865793
0.00890007
0.00913716
0.00946298
0.00984501
0.0101792
0.0103735
0.0104117
0.0103343
0.0102168
0.0101629
0.0102357
0.0104267
0.010754
0.00766472
0.00770049
0.0078153
0.00794404
0.00813479
0.00840563
0.00873521
0.00902085
0.00927242
0.0095535
0.00987553
0.0101899
0.0104071
0.0104827
0.0104359
0.0103231
0.0102386
0.0102785
0.0104545
0.010775
0.00784163
0.00786826
0.00797149
0.0080945
0.00826766
0.00849864
0.00881059
0.00912396
0.00939971
0.00965944
0.00993426
0.0102207
0.010447
0.0105515
0.0105332
0.0104408
0.0103437
0.0103487
0.0105015
0.0108096
0.00801097
0.00803148
0.00812276
0.00823682
0.00839788
0.00860072
0.00888811
0.00921325
0.0095167
0.00977325
0.0100158
0.0102752
0.0105001
0.0106284
0.010636
0.010566
0.0104733
0.0104492
0.0105707
0.010861
0.0081712
0.00818764
0.00826856
0.00837079
0.00852282
0.00870859
0.00897158
0.00929313
0.00962029
0.00989053
0.0101175
0.0103546
0.0105705
0.0107149
0.0107509
0.0107043
0.0106264
0.0105867
0.0106733
0.0109378
0.00832144
0.00833405
0.00840798
0.00849625
0.00863823
0.00881537
0.00906101
0.00937244
0.00971101
0.0100026
0.0102354
0.0104639
0.0106705
0.0108184
0.0108782
0.0108565
0.0107953
0.0107544
0.0108132
0.0110465
0.00846081
0.00847329
0.00853958
0.00861384
0.00874423
0.0089132
0.00914775
0.00945356
0.00979667
0.0101017
0.0103533
0.0105938
0.0108101
0.0109675
0.0110459
0.0110486
0.0109997
0.0109593
0.0109959
0.0111914
0.00858608
0.0085988
0.00866204
0.0087233
0.00884115
0.00900435
0.00922877
0.0095278
0.00987908
0.0101979
0.0104627
0.0107204
0.0109616
0.0111533
0.0112691
0.0113117
0.0112873
0.011252
0.0112743
0.011435
0.00869587
0.00870765
0.00877241
0.00882278
0.00892562
0.00908576
0.00930796
0.00959472
0.00994635
0.0102921
0.0105852
0.0108559
0.0111103
0.0113339
0.0114949
0.0115873
0.0116027
0.011582
0.0115936
0.0117193
0.00879186
0.00880306
0.00886621
0.00890628
0.00899539
0.0091476
0.00937141
0.00965238
0.00999077
0.010363
0.0107354
0.0111047
0.0114482
0.0117367
0.0119473
0.0120832
0.0121451
0.0121183
0.012058
0.0120582
0.0088739
0.00888117
0.00893769
0.00897157
0.0090506
0.00919649
0.00941622
0.00968372
0.00997598
0.0102552
0.0105431
0.0109372
0.0114613
0.011986
0.0123922
0.0127019
0.0129936
0.0132902
0.0135948
0.0138739
0.00892358
0.00893509
0.00901331
0.00905275
0.00913308
0.00926677
0.00946615
0.00971565
0.0100616
0.0105402
0.0110677
0.0115755
0.0119821
0.0123212
0.0126337
0.0129325
0.0132264
0.0134864
0.013701
0.0138397
0.00894451
0.00893064
0.00899472
0.00903338
0.00912119
0.0093041
0.00962922
0.0100331
0.0104378
0.0108403
0.0112135
0.0115385
0.0118287
0.0121563
0.0125432
0.0129386
0.0133702
0.0138585
0.0143151
0.0146218
0.00894357
0.00899974
0.00910888
0.0092195
0.00937816
0.00959541
0.0098923
0.0102261
0.0105667
0.0109286
0.0112911
0.0116906
0.0121097
0.0124569
0.012734
0.0129198
0.0129425
0.0128283
0.0126475
0.0125069
0.00883039
0.00885084
0.00908518
0.00932348
0.00953456
0.00972957
0.00997805
0.0102734
0.0105835
0.0109417
0.0113217
0.0116904
0.0120807
0.0124637
0.0128378
0.0132272
0.0136431
0.0140737
0.0144468
0.0146839
0.00881968
0.00888387
0.00915305
0.00942186
0.00967695
0.00990021
0.0101586
0.0104572
0.0107542
0.0110854
0.011455
0.0118192
0.012215
0.0126401
0.013046
0.0134331
0.0137741
0.0140474
0.0142196
0.0142634
0.0261247
0.0210761
0.0129185
0.00675327
0.00535753
0.00690631
0.00875437
0.0100036
0.0107393
0.0112002
0.0115331
0.0118943
0.0123705
0.0128384
0.0131952
0.0135238
0.0138862
0.0142473
0.014584
0.0148987
0.0152481
0.01569
0.0161584
0.0165322
0.016818
0.0171552
0.0176107
0.0180628
0.0184213
0.0187841
0.0192373
0.0197142
0.0201483
0.0205586
0.0209767
0.0214147
0.0218838
0.022398
0.0229332
0.0234717
0.0240329
0.02461
0.0251524
0.0256464
0.0261167
0.0266118
0.0271425
0.0276911
0.0282444
0.0288311
0.0294578
0.0300832
0.030679
0.0312915
0.0319736
0.03265
0.033284
0.0339256
0.03459
0.0352334
0.0358956
0.0365953
0.0373486
0.0381159
0.0389101
0.0397369
0.0405395
0.0412801
0.0420417
0.0428532
0.0437048
0.0445939
0.0454784
0.0463694
0.0472565
0.0481732
0.0490899
0.0500625
0.0510448
0.0520362
0.0530431
0.0540809
0.0551542
0.0562269
0.0573337
0.0584629
0.0596247
0.060842
0.0620304
0.0632471
0.0644561
0.065724
0.0670103
0.0683052
0.0695849
0.0708573
0.0721207
0.0732808
0.0744122
0.075406
0.0253314
0.0208969
0.0129958
0.00690288
0.00545275
0.00695231
0.00878231
0.0100228
0.0107535
0.0112115
0.0115421
0.0119016
0.0123768
0.0128443
0.0132004
0.0135283
0.0138903
0.0142511
0.0145874
0.0149018
0.0152507
0.0156924
0.0161607
0.0165344
0.0168199
0.0171568
0.0176121
0.0180642
0.0184226
0.0187852
0.0192383
0.0197151
0.0201492
0.0205595
0.0209775
0.0214154
0.0218845
0.0223986
0.0229339
0.0234723
0.0240335
0.0246106
0.025153
0.0256471
0.0261173
0.0266124
0.0271431
0.0276917
0.0282449
0.0288316
0.0294583
0.0300837
0.0306795
0.0312919
0.031974
0.0326504
0.0332844
0.033926
0.0345904
0.0352338
0.0358959
0.0365956
0.0373489
0.0381162
0.0389103
0.0397371
0.0405397
0.0412804
0.0420419
0.0428534
0.043705
0.0445941
0.0454786
0.0463696
0.0472566
0.0481734
0.04909
0.0500627
0.051045
0.0520364
0.0530433
0.054081
0.0551544
0.0562271
0.0573338
0.0584631
0.0596249
0.0608421
0.0620305
0.0632472
0.0644562
0.0657241
0.0670104
0.0683053
0.069585
0.0708574
0.0721208
0.0732808
0.0744121
0.075406
0.0245748
0.0207216
0.0131695
0.00718633
0.00561874
0.00701446
0.00881153
0.0100439
0.0107702
0.0112251
0.0115534
0.0119105
0.0123839
0.0128502
0.0132055
0.0135329
0.0138943
0.0142546
0.0145906
0.0149047
0.0152532
0.0156947
0.016163
0.0165365
0.0168216
0.0171582
0.0176135
0.0180656
0.0184238
0.0187861
0.0192392
0.0197161
0.0201501
0.0205602
0.0209782
0.0214161
0.0218851
0.0223992
0.0229345
0.0234728
0.024034
0.0246112
0.0251536
0.0256476
0.0261178
0.0266128
0.0271435
0.0276921
0.0282454
0.028832
0.0294587
0.0300841
0.0306798
0.0312922
0.0319743
0.0326508
0.0332848
0.0339263
0.0345907
0.0352341
0.0358962
0.0365959
0.0373491
0.0381164
0.0389105
0.0397373
0.04054
0.0412806
0.0420421
0.0428535
0.0437052
0.0445943
0.0454787
0.0463697
0.0472568
0.0481735
0.0490901
0.0500628
0.0510451
0.0520365
0.0530434
0.0540811
0.0551545
0.0562272
0.0573339
0.0584632
0.059625
0.0608422
0.0620306
0.0632473
0.0644563
0.0657242
0.0670105
0.0683054
0.0695851
0.0708574
0.0721209
0.0732809
0.0744121
0.075406
0.0238617
0.0205443
0.0133921
0.00754515
0.00584658
0.007103
0.00885391
0.0100748
0.0107944
0.0112447
0.01157
0.0119238
0.0123936
0.0128574
0.0132119
0.0135389
0.0138996
0.0142589
0.0145944
0.0149084
0.0152566
0.0156976
0.0161655
0.016539
0.016824
0.0171603
0.0176153
0.0180672
0.0184252
0.0187874
0.0192404
0.0197171
0.0201511
0.0205611
0.020979
0.0214167
0.0218857
0.0223998
0.0229351
0.0234734
0.0240345
0.0246118
0.0251542
0.0256482
0.0261183
0.0266133
0.0271439
0.0276926
0.0282458
0.0288324
0.0294591
0.0300845
0.0306802
0.0312926
0.0319746
0.0326511
0.0332851
0.0339266
0.034591
0.0352343
0.0358964
0.0365961
0.0373493
0.0381167
0.0389107
0.0397376
0.0405403
0.0412808
0.0420422
0.0428537
0.0437054
0.0445945
0.0454789
0.0463699
0.0472569
0.0481737
0.0490903
0.0500629
0.0510452
0.0520366
0.0530435
0.0540812
0.0551546
0.0562273
0.057334
0.0584633
0.059625
0.0608423
0.0620307
0.0632474
0.0644564
0.0657243
0.0670106
0.0683055
0.0695852
0.0708575
0.072121
0.073281
0.0744123
0.0754061
0.0231514
0.0203336
0.0136198
0.00792911
0.00610249
0.00720592
0.0089034
0.0101131
0.010826
0.0112711
0.0115933
0.0119433
0.0124073
0.0128667
0.0132201
0.0135472
0.013907
0.0142647
0.0145995
0.0149136
0.0152617
0.0157016
0.0161685
0.016542
0.0168275
0.0171638
0.0176181
0.0180694
0.0184272
0.0187893
0.0192421
0.0197186
0.0201523
0.0205623
0.02098
0.0214175
0.0218863
0.0224004
0.0229357
0.023474
0.0240352
0.0246124
0.0251548
0.0256487
0.0261188
0.0266138
0.0271444
0.027693
0.0282463
0.0288329
0.0294596
0.030085
0.0306807
0.0312929
0.031975
0.0326516
0.0332855
0.0339269
0.0345914
0.0352346
0.0358967
0.0365964
0.0373496
0.038117
0.038911
0.0397379
0.0405406
0.0412811
0.0420424
0.0428539
0.0437055
0.0445947
0.0454791
0.0463701
0.0472571
0.0481738
0.0490904
0.0500631
0.0510454
0.0520367
0.0530436
0.0540813
0.0551547
0.0562274
0.0573341
0.0584634
0.0596251
0.0608424
0.0620308
0.0632475
0.0644565
0.0657244
0.0670107
0.0683056
0.0695853
0.0708576
0.0721211
0.0732811
0.0744125
0.0754063
0.0224358
0.0200819
0.0138401
0.00832373
0.00637558
0.0073171
0.00895432
0.0101536
0.0108618
0.0113022
0.0116219
0.0119678
0.0124245
0.0128781
0.0132301
0.0135578
0.0139165
0.014272
0.0146059
0.0149208
0.015269
0.015707
0.0161719
0.0165455
0.0168325
0.0171691
0.0176221
0.0180722
0.01843
0.0187924
0.0192448
0.0197207
0.0201541
0.020564
0.0209815
0.0214186
0.0218871
0.0224011
0.0229364
0.0234747
0.0240359
0.0246131
0.0251555
0.0256494
0.0261194
0.0266143
0.0271448
0.0276934
0.0282468
0.0288334
0.0294601
0.0300855
0.0306812
0.0312934
0.0319755
0.032652
0.0332859
0.0339273
0.0345917
0.035235
0.035897
0.0365966
0.0373499
0.0381173
0.0389112
0.0397382
0.040541
0.0412814
0.0420426
0.042854
0.0437058
0.0445949
0.0454793
0.0463703
0.0472573
0.048174
0.0490905
0.0500632
0.0510455
0.0520369
0.0530438
0.0540815
0.0551549
0.0562275
0.0573343
0.0584635
0.0596252
0.0608426
0.062031
0.0632476
0.0644566
0.0657245
0.0670108
0.0683057
0.0695854
0.0708578
0.0721213
0.0732814
0.0744128
0.0754066
0.0217219
0.0197945
0.01405
0.00872521
0.00666431
0.00743662
0.00900582
0.0101949
0.0109004
0.0113369
0.0116539
0.0119954
0.012444
0.0128909
0.0132415
0.0135701
0.0139277
0.0142807
0.0146136
0.0149298
0.0152785
0.0157139
0.0161757
0.0165494
0.0168387
0.0171761
0.0176272
0.0180757
0.0184337
0.0187966
0.0192486
0.0197236
0.0201567
0.0205665
0.0209837
0.0214202
0.0218882
0.0224019
0.0229371
0.0234755
0.0240367
0.0246139
0.0251562
0.0256501
0.0261202
0.0266149
0.0271452
0.0276939
0.0282474
0.0288341
0.0294606
0.030086
0.0306817
0.031294
0.031976
0.0326525
0.0332865
0.0339278
0.0345921
0.0352353
0.0358973
0.0365969
0.0373502
0.0381176
0.0389115
0.0397386
0.0405414
0.0412817
0.0420428
0.0428543
0.043706
0.0445952
0.0454796
0.0463705
0.0472575
0.0481742
0.0490907
0.0500634
0.0510457
0.052037
0.0530439
0.0540816
0.055155
0.0562276
0.0573344
0.0584636
0.0596253
0.0608427
0.0620311
0.0632477
0.0644567
0.0657246
0.067011
0.0683058
0.0695856
0.0708579
0.0721215
0.0732818
0.0744134
0.075407
0.0210213
0.0194772
0.0142449
0.00912962
0.0069682
0.00756628
0.0090587
0.0102365
0.0109413
0.0113746
0.0116887
0.0120253
0.0124653
0.0129049
0.0132541
0.0135835
0.0139401
0.0142903
0.0146223
0.0149402
0.0152896
0.0157221
0.0161802
0.0165537
0.016846
0.0171844
0.0176332
0.0180797
0.0184383
0.0188021
0.0192532
0.0197271
0.0201599
0.0205699
0.0209868
0.0214226
0.0218898
0.022403
0.0229379
0.0234763
0.0240375
0.0246146
0.0251569
0.0256511
0.0261213
0.0266157
0.0271457
0.0276943
0.0282481
0.0288348
0.0294611
0.0300864
0.0306824
0.0312947
0.0319766
0.0326531
0.0332871
0.0339285
0.0345926
0.0352357
0.0358976
0.0365973
0.0373505
0.0381179
0.0389119
0.039739
0.040542
0.0412821
0.0420431
0.0428546
0.0437063
0.0445955
0.0454799
0.0463708
0.0472578
0.0481744
0.0490909
0.0500636
0.0510459
0.0520372
0.0530441
0.0540818
0.0551552
0.0562278
0.0573345
0.0584637
0.0596255
0.0608429
0.0620312
0.0632478
0.0644568
0.0657247
0.0670111
0.068306
0.0695858
0.0708582
0.0721218
0.0732824
0.0744143
0.0754075
0.020344
0.0191338
0.0144192
0.00953254
0.00728616
0.00770754
0.00911373
0.0102777
0.0109839
0.011415
0.011726
0.0120572
0.012488
0.0129201
0.0132676
0.013598
0.0139534
0.0143007
0.0146316
0.0149514
0.0153018
0.0157314
0.0161853
0.0165586
0.0168541
0.0171936
0.0176397
0.018084
0.0184436
0.0188084
0.0192585
0.0197309
0.0201636
0.0205742
0.0209909
0.0214258
0.0218921
0.0224045
0.022939
0.0234771
0.0240383
0.0246152
0.0251576
0.0256521
0.0261227
0.026617
0.0271464
0.0276949
0.028249
0.0288357
0.0294616
0.0300868
0.030683
0.0312954
0.0319772
0.0326536
0.0332879
0.0339292
0.0345933
0.0352362
0.0358981
0.0365977
0.0373508
0.0381182
0.0389122
0.0397394
0.0405426
0.0412826
0.0420434
0.0428549
0.0437067
0.0445959
0.0454802
0.0463712
0.0472581
0.0481747
0.0490912
0.0500639
0.0510462
0.0520374
0.0530443
0.0540819
0.0551554
0.0562279
0.0573347
0.0584638
0.0596256
0.060843
0.0620314
0.063248
0.0644569
0.0657248
0.0670113
0.0683062
0.0695861
0.0708584
0.0721222
0.0732833
0.0744154
0.0754081
0.0196981
0.0187694
0.0145686
0.00992956
0.00761588
0.00786087
0.00917144
0.0103179
0.0110272
0.0114579
0.0117659
0.0120912
0.0125124
0.0129364
0.0132821
0.0136134
0.0139675
0.0143117
0.0146414
0.0149631
0.0153148
0.0157413
0.016191
0.016564
0.0168628
0.0172034
0.0176466
0.0180886
0.0184493
0.0188155
0.0192644
0.0197349
0.0201674
0.0205788
0.0209956
0.0214298
0.0218952
0.0224066
0.0229404
0.0234781
0.0240389
0.0246155
0.0251579
0.0256532
0.0261244
0.0266186
0.0271474
0.0276957
0.0282501
0.0288368
0.0294622
0.0300871
0.0306836
0.0312962
0.0319777
0.0326541
0.0332886
0.0339301
0.034594
0.0352368
0.0358988
0.0365982
0.0373512
0.0381185
0.0389125
0.0397399
0.0405432
0.0412831
0.0420438
0.0428553
0.0437072
0.0445963
0.0454806
0.0463716
0.0472585
0.0481751
0.0490915
0.0500642
0.0510465
0.0520377
0.0530445
0.0540822
0.0551556
0.0562281
0.0573348
0.058464
0.0596257
0.0608432
0.0620316
0.0632481
0.0644571
0.065725
0.0670115
0.0683063
0.0695864
0.0708588
0.0721227
0.0732844
0.074417
0.075409
0.0190906
0.0183913
0.0146909
0.0103161
0.00795397
0.0080262
0.00923246
0.0103566
0.0110704
0.011503
0.0118084
0.0121274
0.0125382
0.0129537
0.0132974
0.0136298
0.0139826
0.0143234
0.0146517
0.0149754
0.0153283
0.0157518
0.0161971
0.0165698
0.016872
0.0172138
0.0176538
0.0180933
0.0184552
0.018823
0.0192706
0.019739
0.0201712
0.0205836
0.0210008
0.0214345
0.0218989
0.0224093
0.0229423
0.0234795
0.0240396
0.0246155
0.0251578
0.025654
0.0261263
0.0266206
0.0271487
0.0276968
0.0282516
0.0288382
0.0294629
0.0300874
0.0306843
0.031297
0.031978
0.0326543
0.0332893
0.033931
0.0345947
0.0352376
0.0358998
0.036599
0.0373517
0.0381187
0.0389125
0.0397401
0.0405438
0.0412837
0.0420442
0.0428557
0.0437077
0.0445968
0.0454811
0.0463721
0.047259
0.0481756
0.0490919
0.0500647
0.051047
0.052038
0.0530448
0.0540825
0.0551558
0.0562283
0.057335
0.0584642
0.0596259
0.0608434
0.0620317
0.0632482
0.0644572
0.0657251
0.0670117
0.0683065
0.0695867
0.0708592
0.0721232
0.073286
0.0744191
0.07541
0.0185272
0.0180079
0.0147851
0.010688
0.00829693
0.00820337
0.00929762
0.0103935
0.0111126
0.0115495
0.0118533
0.0121655
0.0125654
0.012972
0.0133137
0.0136473
0.0139987
0.0143358
0.0146624
0.014988
0.0153423
0.0157627
0.0162034
0.0165758
0.0168815
0.0172246
0.0176615
0.0180984
0.0184614
0.0188308
0.0192772
0.0197432
0.020175
0.0205884
0.0210062
0.0214394
0.021903
0.0224124
0.0229446
0.0234811
0.0240403
0.0246152
0.0251573
0.0256545
0.0261282
0.0266229
0.0271504
0.0276983
0.0282534
0.0288399
0.0294637
0.0300879
0.0306852
0.0312979
0.0319782
0.0326543
0.0332898
0.0339318
0.0345954
0.0352385
0.035901
0.0366002
0.0373525
0.0381191
0.0389125
0.0397401
0.0405442
0.0412843
0.0420447
0.0428563
0.0437083
0.0445973
0.0454815
0.0463726
0.0472596
0.0481761
0.0490924
0.0500652
0.0510475
0.0520385
0.0530453
0.0540829
0.0551562
0.0562286
0.0573352
0.0584643
0.0596261
0.0608436
0.0620319
0.0632484
0.0644574
0.0657253
0.067012
0.0683067
0.0695872
0.0708597
0.0721238
0.073288
0.0744217
0.0754112
0.0180111
0.0176264
0.0148514
0.011042
0.00864189
0.00839217
0.00936775
0.0104285
0.0111526
0.0115969
0.0119003
0.0122055
0.0125937
0.0129912
0.013331
0.0136658
0.0140157
0.0143488
0.0146735
0.0150011
0.0153568
0.015774
0.0162097
0.0165817
0.0168911
0.0172357
0.0176696
0.0181037
0.0184679
0.018839
0.019284
0.0197477
0.0201789
0.0205932
0.0210115
0.0214445
0.0219074
0.0224159
0.0229473
0.023483
0.0240412
0.0246147
0.0251564
0.0256547
0.02613
0.0266253
0.0271524
0.0277001
0.0282556
0.0288418
0.0294647
0.0300884
0.0306861
0.0312989
0.0319784
0.032654
0.03329
0.0339323
0.0345957
0.0352391
0.0359022
0.0366017
0.0373538
0.0381198
0.0389124
0.0397397
0.0405442
0.0412846
0.0420451
0.0428569
0.0437091
0.0445979
0.045482
0.0463731
0.0472601
0.0481767
0.049093
0.0500659
0.0510481
0.052039
0.0530458
0.0540835
0.0551567
0.0562289
0.0573355
0.0584646
0.0596263
0.0608439
0.0620321
0.0632485
0.0644575
0.0657254
0.0670123
0.0683069
0.0695877
0.0708603
0.0721245
0.0732904
0.0744249
0.0754126
0.0175413
0.0172521
0.0148908
0.0113761
0.0089865
0.00859216
0.00944393
0.0104618
0.01119
0.0116443
0.011949
0.012247
0.012623
0.0130109
0.0133489
0.0136852
0.0140336
0.0143625
0.0146852
0.0150147
0.015372
0.0157857
0.0162162
0.0165875
0.0169008
0.0172472
0.017678
0.0181093
0.0184747
0.0188474
0.0192912
0.0197524
0.020183
0.0205981
0.0210168
0.0214496
0.021912
0.0224197
0.0229502
0.0234853
0.0240422
0.0246142
0.0251553
0.0256546
0.0261317
0.0266279
0.0271546
0.027702
0.0282579
0.028844
0.0294659
0.030089
0.0306872
0.0313
0.0319785
0.0326536
0.0332901
0.0339325
0.0345959
0.0352396
0.0359034
0.0366034
0.0373555
0.038121
0.0389125
0.039739
0.0405438
0.0412846
0.0420454
0.0428576
0.04371
0.0445986
0.0454824
0.0463735
0.0472607
0.0481772
0.0490937
0.0500666
0.0510488
0.0520397
0.0530466
0.0540842
0.0551573
0.0562295
0.0573359
0.0584648
0.0596266
0.0608441
0.0620324
0.0632487
0.0644577
0.0657255
0.0670126
0.0683072
0.0695883
0.0708611
0.0721254
0.0732933
0.0744286
0.0754143
0.0171147
0.0168894
0.0149055
0.0116888
0.00932834
0.00880283
0.00952798
0.0104951
0.0112244
0.0116908
0.0119988
0.0122897
0.0126528
0.0130311
0.0133674
0.0137052
0.0140519
0.0143766
0.0146974
0.0150292
0.0153881
0.0157981
0.0162229
0.0165933
0.0169105
0.017259
0.0176868
0.0181152
0.0184817
0.0188562
0.0192987
0.0197575
0.0201875
0.0206031
0.0210222
0.0214549
0.0219169
0.0224238
0.0229535
0.0234878
0.0240434
0.0246136
0.0251539
0.0256544
0.0261334
0.0266305
0.0271569
0.0277042
0.0282605
0.0288463
0.0294671
0.0300897
0.0306884
0.0313013
0.0319787
0.032653
0.0332899
0.0339326
0.0345958
0.0352398
0.0359044
0.036605
0.0373574
0.0381226
0.0389127
0.0397382
0.040543
0.0412841
0.0420454
0.0428583
0.0437111
0.0445995
0.0454829
0.0463739
0.0472611
0.0481778
0.0490944
0.0500674
0.0510495
0.0520404
0.0530474
0.054085
0.0551581
0.0562302
0.0573365
0.0584652
0.0596268
0.0608444
0.0620328
0.063249
0.0644579
0.0657257
0.0670128
0.0683074
0.0695889
0.0708619
0.0721263
0.0732967
0.074433
0.0754162
0.0167274
0.0165417
0.0148969
0.011978
0.00966521
0.0090239
0.00962216
0.0105301
0.0112558
0.0117354
0.0120491
0.0123336
0.0126835
0.0130518
0.0133864
0.0137257
0.0140708
0.0143913
0.0147103
0.0150446
0.0154053
0.0158116
0.0162301
0.0165992
0.0169204
0.0172711
0.017696
0.0181214
0.018489
0.0188653
0.0193065
0.019763
0.0201923
0.0206084
0.0210277
0.0214605
0.0219223
0.0224284
0.0229572
0.0234907
0.0240448
0.0246131
0.0251525
0.025654
0.026135
0.0266331
0.0271593
0.0277065
0.0282633
0.0288489
0.0294684
0.0300905
0.0306897
0.0313027
0.0319789
0.0326524
0.0332896
0.0339325
0.0345955
0.0352398
0.0359053
0.0366065
0.0373592
0.0381243
0.0389131
0.0397371
0.0405417
0.0412833
0.0420451
0.0428588
0.0437122
0.0446004
0.0454835
0.0463743
0.0472615
0.0481782
0.0490951
0.0500682
0.0510502
0.0520411
0.0530483
0.054086
0.055159
0.056231
0.0573372
0.0584657
0.0596271
0.0608447
0.0620332
0.0632494
0.0644582
0.0657258
0.0670131
0.0683075
0.0695895
0.0708629
0.0721273
0.0733004
0.0744379
0.0754183
0.0163759
0.016211
0.0148655
0.012242
0.0099958
0.0092549
0.00972806
0.0105689
0.0112845
0.0117773
0.0120997
0.012379
0.0127156
0.0130733
0.013406
0.0137469
0.0140902
0.0144065
0.0147239
0.015061
0.0154238
0.0158261
0.0162379
0.0166053
0.0169306
0.0172837
0.0177056
0.0181279
0.0184966
0.0188747
0.0193147
0.0197687
0.0201974
0.020614
0.0210336
0.0214666
0.0219282
0.0224335
0.0229612
0.0234939
0.0240466
0.0246126
0.0251509
0.0256536
0.0261368
0.0266359
0.0271619
0.027709
0.0282663
0.0288516
0.0294698
0.0300912
0.0306911
0.0313043
0.0319792
0.0326517
0.0332891
0.0339322
0.0345952
0.0352398
0.0359061
0.0366078
0.0373609
0.038126
0.0389136
0.0397357
0.0405399
0.0412821
0.0420447
0.0428593
0.0437134
0.0446015
0.0454842
0.0463747
0.0472618
0.0481785
0.0490957
0.050069
0.0510509
0.0520417
0.0530492
0.0540871
0.05516
0.056232
0.0573381
0.0584664
0.0596275
0.0608449
0.0620335
0.0632498
0.0644587
0.065726
0.0670134
0.0683077
0.0695902
0.070864
0.0721284
0.0733045
0.0744434
0.0754206
0.0160551
0.0158976
0.0148123
0.0124809
0.0103192
0.00949415
0.00984622
0.0106137
0.0113119
0.0118166
0.0121501
0.0124264
0.0127495
0.013096
0.0134266
0.0137689
0.0141103
0.0144223
0.0147383
0.0150783
0.0154435
0.0158418
0.0162464
0.0166118
0.0169411
0.0172969
0.0177158
0.0181348
0.0185045
0.0188846
0.0193233
0.0197748
0.0202027
0.0206198
0.02104
0.0214735
0.0219348
0.0224391
0.0229657
0.0234976
0.0240486
0.0246123
0.0251494
0.0256532
0.0261386
0.0266388
0.0271646
0.0277117
0.0282694
0.0288544
0.0294713
0.0300919
0.0306925
0.031306
0.0319796
0.032651
0.0332885
0.033932
0.0345949
0.03524
0.0359071
0.0366092
0.0373625
0.0381276
0.038914
0.0397342
0.0405379
0.0412807
0.0420442
0.0428598
0.0437146
0.0446026
0.0454849
0.0463751
0.0472621
0.0481789
0.0490964
0.0500699
0.0510517
0.0520423
0.0530501
0.0540883
0.055161
0.056233
0.0573392
0.0584672
0.059628
0.0608451
0.0620339
0.0632503
0.0644592
0.0657262
0.0670136
0.0683078
0.0695909
0.0708652
0.0721297
0.0733089
0.0744493
0.0754232
0.0157585
0.0156022
0.0147413
0.0126952
0.0106335
0.00973904
0.00997686
0.0106671
0.0113402
0.0118534
0.0122
0.0124755
0.0127857
0.0131206
0.0134484
0.0137918
0.0141313
0.0144389
0.0147534
0.0150966
0.0154642
0.0158584
0.0162556
0.0166186
0.0169521
0.0173106
0.0177265
0.0181421
0.0185128
0.0188949
0.0193323
0.019781
0.0202081
0.0206259
0.021047
0.0214811
0.0219423
0.0224454
0.0229707
0.0235016
0.0240509
0.0246121
0.0251479
0.0256528
0.0261405
0.0266419
0.0271675
0.0277145
0.0282727
0.0288575
0.0294729
0.0300927
0.0306939
0.0313078
0.0319801
0.0326503
0.0332879
0.0339318
0.0345947
0.0352403
0.0359083
0.0366107
0.037364
0.038129
0.0389145
0.0397327
0.0405356
0.0412793
0.0420441
0.0428605
0.0437157
0.0446037
0.0454855
0.0463755
0.0472624
0.0481792
0.0490971
0.0500709
0.0510524
0.0520429
0.053051
0.0540894
0.0551621
0.0562341
0.0573403
0.0584682
0.0596285
0.0608452
0.0620342
0.0632508
0.0644599
0.0657266
0.0670139
0.0683079
0.0695915
0.0708665
0.0721312
0.0733136
0.0744556
0.0754259
0.01548
0.0153257
0.0146565
0.012885
0.0109367
0.00998744
0.0101199
0.0107312
0.0113714
0.0118878
0.0122482
0.012526
0.0128246
0.0131476
0.0134719
0.013816
0.0141532
0.0144562
0.0147692
0.0151156
0.0154859
0.015876
0.0162654
0.0166259
0.0169635
0.0173251
0.0177379
0.0181499
0.0185216
0.0189058
0.0193417
0.0197874
0.0202135
0.0206322
0.0210546
0.0214896
0.0219505
0.0224522
0.022976
0.0235059
0.0240535
0.0246121
0.0251465
0.0256525
0.0261425
0.0266451
0.0271705
0.0277176
0.0282762
0.0288607
0.0294746
0.0300934
0.0306954
0.0313098
0.0319807
0.0326496
0.0332873
0.0339316
0.0345947
0.0352409
0.0359098
0.0366125
0.0373655
0.0381303
0.0389149
0.0397312
0.0405333
0.0412782
0.0420443
0.0428614
0.0437169
0.0446046
0.0454861
0.0463759
0.0472627
0.0481797
0.0490979
0.0500718
0.0510533
0.0520436
0.0530518
0.0540906
0.0551633
0.0562352
0.0573415
0.0584694
0.0596292
0.0608453
0.0620345
0.0632513
0.0644606
0.065727
0.0670141
0.068308
0.0695922
0.0708679
0.0721328
0.0733186
0.0744622
0.0754289
0.0152153
0.0150677
0.0145607
0.0130503
0.0112279
0.0102381
0.0102745
0.010807
0.0114076
0.0119207
0.0122943
0.0125772
0.0128661
0.0131772
0.0134975
0.0138417
0.014176
0.0144742
0.0147856
0.0151355
0.0155084
0.0158944
0.0162758
0.0166336
0.0169755
0.0173402
0.0177498
0.0181581
0.0185308
0.0189172
0.0193515
0.0197939
0.020219
0.0206388
0.0210629
0.0214989
0.0219594
0.0224595
0.0229818
0.0235106
0.0240563
0.0246122
0.0251452
0.0256523
0.0261446
0.0266485
0.0271738
0.0277207
0.0282799
0.0288641
0.0294763
0.0300942
0.0306969
0.0313118
0.0319814
0.0326489
0.0332866
0.0339316
0.0345949
0.0352418
0.0359117
0.0366146
0.0373672
0.0381316
0.0389155
0.0397299
0.040531
0.0412774
0.0420452
0.0428626
0.0437182
0.0446054
0.0454865
0.0463762
0.0472631
0.0481803
0.0490988
0.0500728
0.0510541
0.0520443
0.0530528
0.0540918
0.0551644
0.0562363
0.0573428
0.0584706
0.0596299
0.0608454
0.0620346
0.0632518
0.0644614
0.0657276
0.0670145
0.0683081
0.0695929
0.0708694
0.0721346
0.0733238
0.0744693
0.0754322
0.0149621
0.0148275
0.0144554
0.0131911
0.0115071
0.0104901
0.0104385
0.0108949
0.0114511
0.0119535
0.0123377
0.0126279
0.0129098
0.0132097
0.0135255
0.013869
0.0141999
0.0144928
0.0148027
0.0151561
0.015532
0.0159137
0.0162869
0.0166419
0.0169881
0.017356
0.0177625
0.0181668
0.0185405
0.0189291
0.0193617
0.0198006
0.0202246
0.0206458
0.0210717
0.0215087
0.0219687
0.0224672
0.0229878
0.0235155
0.0240594
0.0246125
0.025144
0.0256521
0.0261468
0.026652
0.0271772
0.027724
0.0282836
0.0288676
0.0294782
0.0300951
0.0306985
0.0313139
0.0319822
0.0326482
0.0332861
0.0339316
0.0345952
0.035243
0.0359139
0.0366171
0.0373692
0.0381329
0.0389161
0.0397286
0.040529
0.041277
0.0420466
0.0428643
0.0437195
0.0446062
0.0454868
0.0463764
0.0472636
0.0481811
0.0490999
0.0500739
0.051055
0.0520451
0.0530538
0.054093
0.0551656
0.0562374
0.0573441
0.0584719
0.0596308
0.0608456
0.0620348
0.0632522
0.0644623
0.0657282
0.0670148
0.0683083
0.0695936
0.0708709
0.0721366
0.0733291
0.0744766
0.0754356
0.0147181
0.0146059
0.0143432
0.0133069
0.0117737
0.0107423
0.0106095
0.010995
0.0115044
0.0119885
0.0123784
0.0126767
0.0129548
0.013245
0.0135562
0.0138983
0.0142249
0.0145121
0.0148204
0.0151777
0.0155565
0.015934
0.0162988
0.0166507
0.0170012
0.0173725
0.0177758
0.0181759
0.0185506
0.0189415
0.0193724
0.0198077
0.0202305
0.0206531
0.021081
0.021519
0.0219784
0.0224752
0.0229941
0.0235206
0.0240626
0.0246129
0.0251428
0.025652
0.0261491
0.0266556
0.0271807
0.0277274
0.0282876
0.0288713
0.0294802
0.030096
0.0307001
0.0313161
0.031983
0.0326476
0.0332855
0.0339318
0.0345958
0.0352445
0.0359164
0.0366199
0.0373713
0.0381342
0.0389168
0.0397276
0.040527
0.0412769
0.0420485
0.0428664
0.0437209
0.0446068
0.0454871
0.0463766
0.0472642
0.0481821
0.0491012
0.050075
0.0510559
0.052046
0.0530549
0.0540943
0.0551668
0.0562386
0.0573454
0.0584733
0.0596318
0.0608458
0.0620349
0.0632527
0.0644632
0.0657289
0.0670152
0.0683084
0.0695943
0.0708727
0.0721387
0.0733347
0.0744843
0.0754394
0.0144785
0.0144042
0.0142298
0.0133967
0.012026
0.0109942
0.010785
0.0111064
0.0115693
0.0120276
0.0124166
0.0127226
0.013
0.0132831
0.0135898
0.0139296
0.0142512
0.0145321
0.0148388
0.0152001
0.015582
0.0159552
0.0163115
0.0166601
0.017015
0.0173897
0.0177897
0.0181855
0.0185611
0.0189544
0.0193836
0.0198151
0.0202367
0.0206609
0.0210907
0.0215296
0.0219884
0.0224835
0.0230007
0.023526
0.024066
0.0246136
0.0251419
0.0256521
0.0261515
0.0266594
0.0271843
0.0277309
0.0282916
0.0288751
0.0294823
0.030097
0.0307018
0.0313184
0.031984
0.032647
0.0332851
0.0339321
0.0345965
0.0352462
0.0359192
0.036623
0.0373737
0.0381357
0.0389176
0.0397267
0.0405253
0.0412771
0.0420507
0.0428687
0.0437224
0.0446075
0.0454873
0.0463768
0.0472647
0.0481832
0.0491027
0.0500761
0.0510568
0.052047
0.0530561
0.0540955
0.0551681
0.0562398
0.0573469
0.0584748
0.0596329
0.060846
0.0620351
0.0632531
0.0644642
0.0657297
0.0670157
0.0683086
0.0695951
0.0708745
0.072141
0.0733404
0.0744923
0.0754435
0.0142359
0.0142201
0.014123
0.0134607
0.0122611
0.0112461
0.0109631
0.0112266
0.011647
0.0120734
0.0124533
0.0127648
0.0130442
0.0133235
0.0136267
0.0139635
0.014279
0.0145531
0.0148579
0.0152234
0.0156086
0.0159774
0.016325
0.0166703
0.0170294
0.0174077
0.0178044
0.0181956
0.0185721
0.0189679
0.0193953
0.0198229
0.0202434
0.0206691
0.0211008
0.0215404
0.0219986
0.022492
0.0230074
0.0235315
0.0240696
0.0246144
0.025141
0.0256522
0.0261541
0.0266633
0.027188
0.0277343
0.0282958
0.0288791
0.0294846
0.030098
0.0307036
0.0313208
0.031985
0.0326464
0.0332847
0.0339325
0.0345974
0.0352482
0.0359222
0.0366263
0.0373762
0.0381373
0.0389184
0.0397259
0.0405236
0.0412775
0.0420532
0.0428711
0.0437239
0.0446082
0.0454875
0.0463771
0.0472654
0.0481845
0.0491043
0.0500773
0.0510577
0.0520481
0.0530575
0.0540968
0.0551694
0.0562411
0.0573484
0.0584764
0.0596342
0.0608464
0.0620352
0.0632536
0.0644652
0.0657306
0.0670163
0.0683088
0.069596
0.0708765
0.0721435
0.0733463
0.0745006
0.0754478
0.0139842
0.0140458
0.0140303
0.0135027
0.0124744
0.0114988
0.0111437
0.011352
0.0117378
0.0121287
0.0124902
0.012803
0.013086
0.0133654
0.013667
0.0140001
0.0143084
0.0145752
0.0148778
0.0152475
0.0156363
0.0160007
0.0163392
0.0166811
0.0170447
0.0174265
0.0178197
0.0182062
0.0185835
0.0189819
0.0194075
0.0198313
0.0202504
0.0206778
0.0211113
0.0215515
0.022009
0.0225007
0.0230144
0.0235372
0.0240734
0.0246154
0.0251403
0.0256525
0.0261568
0.0266674
0.0271917
0.0277378
0.0283
0.0288833
0.029487
0.0300992
0.0307054
0.0313234
0.0319861
0.0326458
0.0332845
0.0339331
0.0345984
0.0352502
0.0359254
0.0366298
0.0373789
0.0381389
0.0389193
0.0397251
0.040522
0.0412779
0.0420558
0.0428737
0.0437255
0.0446088
0.0454877
0.0463773
0.0472661
0.0481858
0.049106
0.0500785
0.0510587
0.0520493
0.053059
0.0540982
0.0551707
0.0562424
0.0573499
0.058478
0.0596355
0.0608469
0.0620354
0.0632541
0.0644663
0.0657314
0.0670169
0.0683091
0.0695969
0.0708786
0.0721462
0.0733524
0.0745094
0.0754525
0.0137243
0.0138693
0.0139558
0.0135306
0.0126603
0.0117514
0.0113296
0.0114782
0.0118402
0.0121968
0.0125292
0.0128371
0.0131248
0.0134077
0.0137105
0.0140399
0.0143397
0.0145983
0.0148988
0.0152724
0.0156649
0.016025
0.0163543
0.0166925
0.0170607
0.0174462
0.0178357
0.0182173
0.0185955
0.0189965
0.0194203
0.0198401
0.020258
0.020687
0.0211223
0.0215629
0.0220197
0.0225097
0.0230217
0.0235431
0.0240775
0.0246166
0.0251398
0.0256529
0.0261596
0.0266716
0.0271956
0.0277413
0.0283044
0.0288877
0.0294895
0.0301004
0.0307073
0.031326
0.0319873
0.0326452
0.0332842
0.0339338
0.0345996
0.0352524
0.0359288
0.0366335
0.0373816
0.0381405
0.0389202
0.0397243
0.0405204
0.0412784
0.0420584
0.0428763
0.0437272
0.0446096
0.0454879
0.0463776
0.0472668
0.0481873
0.0491078
0.0500798
0.0510597
0.0520506
0.0530605
0.0540996
0.0551721
0.0562438
0.0573515
0.0584798
0.0596369
0.0608474
0.0620357
0.0632547
0.0644674
0.0657324
0.0670176
0.0683095
0.0695979
0.070881
0.0721491
0.0733587
0.0745184
0.0754576
0.013466
0.0136798
0.0138973
0.0135565
0.0128148
0.0119982
0.0115248
0.0116034
0.0119501
0.01228
0.0125732
0.0128673
0.0131598
0.0134494
0.0137566
0.0140831
0.0143732
0.0146226
0.0149209
0.0152986
0.0156944
0.0160504
0.0163703
0.0167046
0.0170775
0.0174669
0.0178525
0.0182288
0.0186079
0.0190117
0.0194337
0.0198493
0.020266
0.0206967
0.0211336
0.0215746
0.0220306
0.022519
0.0230291
0.0235493
0.0240817
0.0246181
0.0251395
0.0256534
0.0261627
0.0266761
0.0271995
0.0277449
0.0283089
0.0288922
0.0294922
0.0301016
0.0307093
0.0313287
0.0319885
0.0326447
0.0332841
0.0339346
0.0346008
0.0352547
0.0359322
0.0366372
0.0373845
0.0381423
0.038921
0.0397236
0.0405189
0.0412788
0.042061
0.0428788
0.0437289
0.0446103
0.0454881
0.0463779
0.0472676
0.0481887
0.0491096
0.0500811
0.0510607
0.052052
0.0530621
0.0541012
0.0551736
0.0562453
0.0573532
0.0584815
0.0596384
0.060848
0.062036
0.0632554
0.0644686
0.0657333
0.0670183
0.0683099
0.0695989
0.0708835
0.0721523
0.0733651
0.0745278
0.075463
0.0132222
0.0134724
0.0138458
0.0135934
0.0129404
0.0122286
0.0117323
0.0117301
0.0120615
0.0123786
0.0126266
0.0128943
0.0131904
0.0134901
0.0138044
0.0141296
0.0144093
0.0146483
0.0149441
0.0153261
0.015725
0.0160766
0.0163873
0.0167174
0.0170951
0.0174887
0.0178702
0.0182408
0.0186207
0.0190276
0.0194478
0.0198591
0.0202746
0.0207069
0.0211454
0.0215866
0.0220417
0.0225285
0.0230369
0.0235557
0.0240863
0.0246199
0.0251394
0.0256541
0.0261659
0.0266807
0.0272035
0.0277485
0.0283136
0.028897
0.029495
0.030103
0.0307114
0.0313315
0.0319899
0.0326442
0.033284
0.0339354
0.0346021
0.035257
0.0359357
0.0366411
0.0373874
0.038144
0.0389219
0.0397228
0.0405174
0.0412793
0.0420636
0.0428814
0.0437306
0.0446111
0.0454884
0.0463783
0.0472685
0.0481902
0.0491114
0.0500825
0.0510619
0.0520534
0.0530638
0.0541027
0.0551751
0.0562469
0.057355
0.0584833
0.05964
0.0608486
0.0620363
0.063256
0.0644698
0.0657343
0.0670191
0.0683104
0.0696001
0.0708862
0.0721557
0.0733717
0.0745376
0.0754688
0.0130019
0.0132509
0.0137884
0.0136494
0.0130473
0.0124319
0.0119497
0.0118646
0.0121688
0.0124895
0.0126946
0.0129202
0.0132153
0.0135294
0.0138533
0.0141787
0.0144482
0.0146758
0.0149682
0.0153548
0.015757
0.0161037
0.0164051
0.016731
0.0171133
0.0175114
0.0178889
0.0182534
0.0186339
0.0190442
0.0194626
0.0198694
0.0202835
0.0207177
0.0211577
0.0215988
0.0220532
0.0225383
0.0230449
0.0235624
0.0240911
0.024622
0.0251396
0.025655
0.0261693
0.0266855
0.0272076
0.0277521
0.0283183
0.028902
0.029498
0.0301044
0.0307135
0.0313345
0.0319913
0.0326438
0.033284
0.0339364
0.0346034
0.0352594
0.0359393
0.0366449
0.0373904
0.0381458
0.0389228
0.0397221
0.0405159
0.0412798
0.0420662
0.042884
0.0437324
0.044612
0.0454887
0.0463787
0.0472694
0.0481918
0.0491133
0.050084
0.051063
0.0520549
0.0530656
0.0541044
0.0551767
0.0562485
0.0573568
0.0584852
0.0596416
0.0608492
0.0620367
0.0632568
0.0644711
0.0657354
0.06702
0.068311
0.0696013
0.070889
0.0721594
0.0733785
0.0745478
0.0754751
0.0128081
0.0130244
0.0137135
0.0137225
0.0131513
0.0126027
0.0121669
0.0120141
0.0122717
0.0126059
0.0127805
0.0129494
0.0132333
0.0135665
0.0139036
0.0142297
0.0144895
0.0147053
0.0149937
0.0153847
0.0157907
0.0161321
0.0164235
0.0167455
0.0171324
0.017535
0.0179087
0.0182667
0.0186475
0.0190613
0.0194782
0.0198803
0.020293
0.0207291
0.0211706
0.0216115
0.0220649
0.0225484
0.0230532
0.0235693
0.0240962
0.0246243
0.02514
0.0256562
0.0261729
0.0266904
0.0272119
0.0277559
0.0283232
0.0289071
0.0295012
0.0301058
0.0307157
0.0313376
0.0319928
0.0326433
0.0332841
0.0339375
0.0346049
0.0352618
0.035943
0.0366489
0.0373934
0.0381476
0.0389237
0.0397215
0.0405145
0.0412804
0.0420687
0.0428866
0.0437343
0.0446129
0.045489
0.0463791
0.0472703
0.0481934
0.0491152
0.0500855
0.0510643
0.0520565
0.0530674
0.0541061
0.0551784
0.0562502
0.0573587
0.0584871
0.0596433
0.0608499
0.0620372
0.0632575
0.0644724
0.0657364
0.0670209
0.0683116
0.0696026
0.0708921
0.0721634
0.0733856
0.0745584
0.0754817
0.0126403
0.012803
0.0136148
0.0138021
0.0132666
0.0127453
0.0123701
0.012181
0.0123766
0.0127203
0.0128826
0.0129886
0.013245
0.0135992
0.0139556
0.0142824
0.0145325
0.014737
0.0150211
0.0154159
0.0158258
0.0161621
0.0164427
0.0167604
0.0171524
0.0175595
0.0179295
0.0182809
0.0186617
0.0190789
0.0194945
0.0198918
0.0203029
0.020741
0.021184
0.0216246
0.0220768
0.0225588
0.0230618
0.0235766
0.0241016
0.024627
0.0251407
0.0256575
0.0261767
0.0266957
0.0272163
0.0277596
0.0283282
0.0289125
0.0295045
0.0301074
0.0307179
0.0313409
0.0319944
0.032643
0.0332842
0.0339387
0.0346064
0.0352643
0.0359468
0.0366529
0.0373965
0.0381495
0.0389247
0.0397209
0.0405132
0.0412809
0.0420712
0.0428891
0.0437361
0.0446138
0.0454894
0.0463796
0.0472713
0.048195
0.0491171
0.0500871
0.0510656
0.0520581
0.0530692
0.0541079
0.0551801
0.0562519
0.0573606
0.0584891
0.059645
0.0608507
0.0620377
0.0632583
0.0644738
0.0657376
0.0670218
0.0683124
0.0696039
0.0708954
0.0721676
0.0733928
0.0745694
0.0754889
0.0124966
0.0125953
0.0134929
0.0138753
0.0133995
0.0128714
0.0125483
0.0123592
0.0124924
0.0128288
0.012995
0.0130434
0.013254
0.0136249
0.0140086
0.0143377
0.0145764
0.01477
0.0150505
0.0154487
0.0158621
0.0161939
0.0164632
0.0167757
0.0171731
0.0175851
0.0179511
0.0182959
0.0186766
0.0190972
0.0195114
0.0199041
0.0203135
0.0207534
0.0211979
0.021638
0.0220891
0.0225694
0.0230708
0.0235842
0.0241074
0.02463
0.0251417
0.025659
0.0261808
0.0267011
0.0272207
0.0277635
0.0283334
0.0289182
0.029508
0.030109
0.0307203
0.0313443
0.0319961
0.0326426
0.0332845
0.03394
0.034608
0.0352668
0.0359506
0.036657
0.0373996
0.0381514
0.0389257
0.0397203
0.040512
0.0412815
0.0420736
0.0428916
0.0437381
0.0446149
0.0454898
0.0463802
0.0472724
0.0481967
0.0491191
0.0500887
0.0510671
0.0520598
0.0530711
0.0541098
0.0551819
0.0562538
0.0573626
0.0584911
0.0596467
0.0608515
0.0620383
0.0632592
0.0644752
0.0657388
0.0670228
0.0683133
0.0696054
0.0708989
0.0721722
0.0734002
0.0745808
0.0754966
0.0123749
0.0124088
0.0133521
0.0139307
0.0135465
0.0129954
0.0127001
0.012536
0.0126238
0.0129359
0.01311
0.0131148
0.0132669
0.0136425
0.0140604
0.0143966
0.0146215
0.0148035
0.0150817
0.015484
0.0158998
0.0162271
0.0164856
0.0167916
0.0171943
0.017612
0.0179737
0.0183115
0.0186924
0.0191162
0.019529
0.0199169
0.0203247
0.0207665
0.0212124
0.021652
0.0221017
0.0225804
0.02308
0.0235921
0.0241136
0.0246334
0.025143
0.0256608
0.0261851
0.0267068
0.0272254
0.0277674
0.0283386
0.028924
0.0295117
0.0301106
0.0307227
0.0313478
0.0319979
0.0326424
0.0332848
0.0339415
0.0346097
0.0352693
0.0359544
0.0366611
0.0374028
0.0381534
0.0389268
0.0397198
0.0405108
0.0412821
0.042076
0.0428941
0.04374
0.0446159
0.0454903
0.0463808
0.0472735
0.0481984
0.0491211
0.0500905
0.0510686
0.0520615
0.0530731
0.0541117
0.0551838
0.0562557
0.0573647
0.0584931
0.0596485
0.0608523
0.0620389
0.0632601
0.0644766
0.06574
0.0670238
0.0683143
0.0696069
0.0709026
0.0721771
0.0734078
0.0745926
0.0755048
0.0122709
0.0122509
0.013199
0.0139596
0.0136988
0.0131276
0.0128335
0.0126999
0.0127669
0.0130496
0.0132236
0.0131981
0.0132898
0.0136544
0.0141078
0.0144588
0.014669
0.0148369
0.0151136
0.0155216
0.0159398
0.0162614
0.0165097
0.0168089
0.0172156
0.0176398
0.0179976
0.0183277
0.0187088
0.0191363
0.0195473
0.0199303
0.0203365
0.0207802
0.0212274
0.0216663
0.0221147
0.0225917
0.0230895
0.0236004
0.0241201
0.0246372
0.0251446
0.0256628
0.0261897
0.0267128
0.0272301
0.0277713
0.028344
0.0289301
0.0295156
0.0301124
0.0307252
0.0313516
0.0319999
0.0326422
0.0332853
0.0339431
0.0346114
0.0352719
0.0359583
0.0366653
0.0374061
0.0381554
0.0389279
0.0397194
0.0405098
0.0412828
0.0420784
0.0428966
0.0437421
0.044617
0.0454908
0.0463814
0.0472747
0.0482001
0.0491232
0.0500922
0.0510701
0.0520633
0.0530751
0.0541137
0.0551858
0.0562577
0.0573669
0.0584953
0.0596504
0.0608533
0.0620396
0.063261
0.0644781
0.0657414
0.0670249
0.0683154
0.0696085
0.0709065
0.0721823
0.0734156
0.0746048
0.0755135
0.0121762
0.0121281
0.0130441
0.0139564
0.0138461
0.0132701
0.0129591
0.0128484
0.0129114
0.0131736
0.0133391
0.0132875
0.013324
0.0136656
0.0141494
0.0145225
0.0147197
0.0148706
0.0151452
0.0155608
0.0159828
0.0162975
0.0165348
0.016828
0.0172375
0.017668
0.0180228
0.0183446
0.0187256
0.0191575
0.0195666
0.0199441
0.0203488
0.0207948
0.0212431
0.021681
0.022128
0.0226033
0.0230994
0.0236091
0.0241271
0.0246415
0.0251466
0.0256651
0.0261945
0.0267191
0.0272351
0.0277753
0.0283495
0.0289365
0.0295197
0.0301142
0.0307277
0.0313555
0.032002
0.0326421
0.0332859
0.0339449
0.0346133
0.0352745
0.0359623
0.0366696
0.0374093
0.0381575
0.0389291
0.0397191
0.0405089
0.0412835
0.0420807
0.0428991
0.0437441
0.0446182
0.0454914
0.0463822
0.047276
0.0482019
0.0491252
0.0500941
0.0510718
0.0520652
0.0530772
0.0541159
0.0551878
0.0562597
0.0573691
0.0584974
0.0596523
0.0608542
0.0620404
0.063262
0.0644797
0.0657428
0.067026
0.0683167
0.0696103
0.0709106
0.072188
0.0734236
0.0746174
0.0755229
0.0120786
0.0120415
0.0129021
0.0139215
0.0139781
0.0134184
0.0130848
0.0129881
0.0130482
0.0133026
0.0134634
0.0133813
0.0133658
0.0136805
0.0141868
0.0145856
0.0147734
0.0149055
0.0151767
0.0156004
0.0160286
0.0163364
0.0165608
0.0168484
0.0172611
0.0176965
0.0180491
0.0183627
0.0187427
0.0191797
0.0195873
0.0199585
0.0203615
0.02081
0.0212596
0.0216962
0.0221416
0.0226153
0.0231096
0.0236181
0.0241344
0.0246462
0.025149
0.0256676
0.0261996
0.0267256
0.0272403
0.0277793
0.0283551
0.0289431
0.0295241
0.0301161
0.0307304
0.0313596
0.0320043
0.032642
0.0332865
0.0339468
0.0346152
0.0352771
0.0359663
0.0366739
0.0374126
0.0381596
0.0389303
0.0397189
0.040508
0.0412843
0.0420831
0.0429016
0.0437463
0.0446195
0.045492
0.046383
0.0472773
0.0482038
0.0491274
0.050096
0.0510735
0.0520671
0.0530794
0.0541181
0.0551899
0.0562619
0.0573714
0.0584997
0.0596543
0.0608553
0.0620412
0.0632631
0.0644813
0.0657443
0.0670272
0.0683182
0.0696122
0.070915
0.072194
0.0734318
0.0746303
0.0755328
0.0119661
0.0119826
0.0127879
0.013863
0.014086
0.0135662
0.0132113
0.0131276
0.0131773
0.0134256
0.0135979
0.0134859
0.0134116
0.0136983
0.0142236
0.0146478
0.0148286
0.0149414
0.0152087
0.0156403
0.0160758
0.0163789
0.0165885
0.0168691
0.0172865
0.0177262
0.0180756
0.0183818
0.0187604
0.0192023
0.0196095
0.0199739
0.0203744
0.0208258
0.0212769
0.0217119
0.0221555
0.0226276
0.0231203
0.0236275
0.0241422
0.0246514
0.0251519
0.0256704
0.0262049
0.0267324
0.0272458
0.0277835
0.0283608
0.02895
0.0295288
0.0301181
0.0307331
0.0313639
0.0320068
0.032642
0.0332873
0.0339489
0.0346173
0.0352798
0.0359703
0.0366782
0.037416
0.0381618
0.0389317
0.0397188
0.0405074
0.0412851
0.0420854
0.042904
0.0437484
0.0446208
0.0454927
0.0463838
0.0472787
0.0482057
0.0491295
0.050098
0.0510753
0.0520691
0.0530816
0.0541204
0.0551921
0.0562641
0.0573738
0.058502
0.0596564
0.0608564
0.0620421
0.0632642
0.0644829
0.0657459
0.0670285
0.0683198
0.0696142
0.0709196
0.0722004
0.0734402
0.0746437
0.0755434
0.0118324
0.0119351
0.0127107
0.0137951
0.0141656
0.0137073
0.0133337
0.0132715
0.0133087
0.013534
0.0137334
0.0136088
0.0134638
0.0137139
0.0142608
0.0147121
0.0148852
0.0149766
0.0152413
0.0156814
0.0161233
0.0164242
0.0166197
0.01689
0.0173128
0.0177583
0.0181026
0.0184013
0.0187792
0.0192256
0.0196329
0.0199906
0.0203876
0.0208419
0.021295
0.0217284
0.0221698
0.0226402
0.0231313
0.0236373
0.0241504
0.0246572
0.0251552
0.0256736
0.0262105
0.0267396
0.0272514
0.0277878
0.0283666
0.028957
0.0295337
0.0301202
0.0307358
0.0313684
0.0320094
0.0326421
0.0332882
0.0339512
0.0346195
0.0352824
0.0359743
0.0366827
0.0374194
0.038164
0.0389331
0.0397188
0.0405068
0.0412861
0.0420876
0.0429065
0.0437507
0.0446222
0.0454934
0.0463848
0.0472802
0.0482077
0.0491318
0.0501001
0.0510772
0.0520712
0.0530839
0.0541228
0.0551944
0.0562665
0.0573763
0.0585043
0.0596585
0.0608576
0.0620431
0.0632654
0.0644846
0.0657476
0.0670298
0.0683216
0.0696165
0.0709243
0.0722073
0.0734489
0.0746574
0.0755546
0.0116802
0.0118816
0.012669
0.0137352
0.0142192
0.0138364
0.0134456
0.0134152
0.0134541
0.0136302
0.013855
0.0137511
0.0135331
0.0137245
0.0142935
0.0147814
0.0149462
0.0150097
0.015272
0.0157252
0.0161719
0.0164705
0.0166548
0.0169125
0.0173387
0.0177928
0.0181314
0.0184203
0.0187985
0.01925
0.0196571
0.0200087
0.0204015
0.0208581
0.0213139
0.0217456
0.0221844
0.0226531
0.0231428
0.0236476
0.024159
0.0246634
0.0251591
0.0256771
0.0262164
0.026747
0.0272572
0.0277923
0.0283726
0.0289643
0.0295389
0.0301224
0.0307386
0.0313731
0.0320123
0.0326424
0.0332893
0.0339537
0.0346218
0.0352851
0.0359784
0.0366871
0.0374229
0.0381663
0.0389345
0.0397189
0.0405064
0.041287
0.0420899
0.0429089
0.0437529
0.0446237
0.0454942
0.0463858
0.0472817
0.0482097
0.049134
0.0501022
0.0510792
0.0520733
0.0530863
0.0541253
0.0551968
0.0562689
0.0573788
0.0585067
0.0596607
0.0608589
0.0620442
0.0632666
0.0644864
0.0657495
0.0670311
0.0683235
0.0696189
0.0709293
0.0722147
0.0734578
0.0746714
0.0755665
0.0115181
0.0118076
0.0126506
0.0136988
0.014256
0.0139519
0.0135428
0.0135463
0.0136193
0.0137297
0.0139501
0.0139005
0.0136313
0.0137355
0.0143138
0.0148536
0.0150171
0.0150425
0.0152968
0.0157707
0.0162246
0.0165166
0.0166922
0.0169384
0.0173641
0.0178285
0.0181634
0.0184391
0.0188173
0.0192758
0.0196825
0.0200278
0.0204165
0.0208747
0.0213331
0.0217637
0.0221997
0.0226663
0.0231546
0.0236584
0.0241682
0.0246701
0.0251635
0.025681
0.0262227
0.0267548
0.0272633
0.0277968
0.0283786
0.028972
0.0295443
0.0301247
0.0307416
0.031378
0.0320154
0.0326427
0.0332905
0.0339564
0.0346242
0.0352879
0.0359826
0.0366917
0.0374264
0.0381686
0.0389361
0.0397192
0.0405061
0.0412881
0.0420921
0.0429113
0.0437553
0.0446252
0.0454951
0.0463869
0.0472834
0.0482118
0.0491363
0.0501045
0.0510813
0.0520756
0.0530887
0.0541278
0.0551992
0.0562714
0.0573815
0.0585092
0.059663
0.0608602
0.0620453
0.063268
0.0644881
0.0657515
0.0670326
0.0683257
0.0696215
0.0709345
0.0722225
0.073467
0.0746858
0.075579
0.0113593
0.0117045
0.0126367
0.0136933
0.01429
0.0140573
0.013626
0.0136513
0.0137972
0.0138516
0.0140192
0.0140366
0.0137621
0.013762
0.0143177
0.0149195
0.0151016
0.0150818
0.0153128
0.015813
0.0162844
0.0165646
0.0167287
0.0169679
0.0173911
0.0178638
0.0181988
0.0184596
0.0188344
0.0193025
0.01971
0.0200476
0.0204323
0.020892
0.0213526
0.0217824
0.0222156
0.0226798
0.0231668
0.0236696
0.0241779
0.0246773
0.0251683
0.0256854
0.0262292
0.0267629
0.0272697
0.0278013
0.0283848
0.0289799
0.0295501
0.030127
0.0307445
0.0313832
0.0320187
0.0326432
0.0332918
0.0339593
0.0346268
0.0352906
0.0359867
0.0366963
0.0374299
0.038171
0.0389378
0.0397196
0.040506
0.0412893
0.0420943
0.0429136
0.0437577
0.0446268
0.0454961
0.0463881
0.0472851
0.0482139
0.0491387
0.0501068
0.0510835
0.0520779
0.0530912
0.0541306
0.0552018
0.056274
0.0573842
0.0585117
0.0596653
0.0608617
0.0620465
0.0632694
0.06449
0.0657536
0.0670341
0.068328
0.0696244
0.0709399
0.0722308
0.0734764
0.0747004
0.0755922
0.0112217
0.011574
0.0126052
0.0137135
0.0143361
0.0141598
0.0137018
0.013721
0.0139682
0.01401
0.014081
0.0141398
0.0139127
0.0138206
0.0143123
0.0149676
0.0151954
0.0151368
0.015323
0.0158443
0.01635
0.01662
0.0167627
0.016998
0.0174221
0.0178993
0.0182357
0.0184834
0.0188504
0.0193284
0.0197401
0.0200687
0.0204484
0.0209104
0.0213727
0.0218014
0.0222321
0.0226939
0.0231793
0.0236814
0.0241882
0.0246852
0.0251736
0.0256901
0.0262362
0.0267715
0.0272765
0.027806
0.0283909
0.0289882
0.0295564
0.0301294
0.0307474
0.0313887
0.0320223
0.0326438
0.0332932
0.0339624
0.0346295
0.0352934
0.0359909
0.036701
0.0374335
0.0381734
0.0389396
0.0397201
0.0405061
0.0412906
0.0420966
0.042916
0.0437601
0.0446284
0.0454971
0.0463894
0.0472869
0.0482162
0.049141
0.0501093
0.0510858
0.0520803
0.0530938
0.0541334
0.0552044
0.0562766
0.057387
0.0585143
0.0596677
0.0608632
0.0620478
0.0632709
0.0644919
0.0657559
0.0670358
0.0683306
0.0696275
0.0709455
0.0722395
0.0734862
0.0747153
0.0756061
0.0111225
0.0114327
0.0125374
0.0137418
0.0144042
0.0142689
0.0137807
0.0137558
0.0141085
0.0142038
0.0141617
0.0142031
0.0140587
0.01392
0.0143156
0.014992
0.0152857
0.015213
0.015338
0.0158589
0.016414
0.0166886
0.0167975
0.0170236
0.0174572
0.0179381
0.0182725
0.0185098
0.0188675
0.0193524
0.0197717
0.0200924
0.0204646
0.0209293
0.0213939
0.0218207
0.0222492
0.0227087
0.0231923
0.0236935
0.024199
0.0246937
0.0251794
0.0256952
0.0262435
0.0267804
0.0272835
0.0278108
0.028397
0.0289968
0.0295632
0.030132
0.0307503
0.0313944
0.0320263
0.0326445
0.0332948
0.0339658
0.0346324
0.0352961
0.0359951
0.0367057
0.0374372
0.038176
0.0389416
0.0397208
0.0405063
0.0412919
0.0420988
0.0429184
0.0437626
0.0446302
0.0454982
0.0463907
0.0472889
0.0482184
0.0491435
0.0501118
0.0510882
0.0520827
0.0530965
0.0541363
0.0552071
0.0562794
0.0573899
0.058517
0.0596702
0.0608649
0.0620492
0.0632726
0.0644938
0.0657583
0.0670375
0.0683333
0.069631
0.0709512
0.0722488
0.0734963
0.0747304
0.0756207
0.0110712
0.0113049
0.012429
0.0137543
0.014494
0.0143945
0.0138745
0.0137683
0.0141976
0.0144125
0.0142864
0.0142429
0.0141734
0.0140489
0.0143475
0.015001
0.0153583
0.015304
0.0153707
0.0158607
0.0164645
0.0167704
0.0168417
0.0170411
0.0174913
0.017984
0.0183106
0.0185364
0.0188867
0.0193756
0.0198032
0.0201189
0.0204816
0.020948
0.0214165
0.0218406
0.0222661
0.0227241
0.0232059
0.023706
0.0242105
0.024703
0.0251858
0.0257005
0.0262511
0.0267899
0.0272911
0.0278157
0.0284031
0.0290055
0.0295704
0.0301349
0.0307531
0.0314002
0.0320306
0.0326454
0.0332965
0.0339694
0.0346355
0.0352989
0.0359993
0.0367106
0.0374409
0.0381785
0.0389436
0.0397217
0.0405067
0.0412935
0.042101
0.0429208
0.0437652
0.044632
0.0454994
0.0463922
0.0472909
0.0482208
0.049146
0.0501144
0.0510907
0.0520853
0.0530993
0.0541393
0.05521
0.0562823
0.0573929
0.0585197
0.0596728
0.0608667
0.0620506
0.0632743
0.0644957
0.0657609
0.0670393
0.0683362
0.0696348
0.0709571
0.0722585
0.0735068
0.0747458
0.0756359
0.011067
0.0112117
0.0122948
0.0137269
0.0145916
0.0145434
0.0139941
0.0137777
0.0142264
0.014605
0.0144667
0.0142891
0.0142419
0.014182
0.0144194
0.015014
0.0154064
0.0153937
0.0154284
0.0158637
0.0164923
0.0168556
0.0169046
0.0170542
0.0175164
0.0180375
0.018355
0.0185612
0.0189067
0.0194004
0.0198339
0.0201469
0.0205006
0.0209666
0.02144
0.0218619
0.0222829
0.0227398
0.0232205
0.0237191
0.0242224
0.024713
0.025193
0.0257062
0.0262589
0.0267999
0.0272992
0.0278209
0.0284091
0.0290144
0.0295781
0.030138
0.030756
0.0314062
0.0320353
0.0326465
0.0332982
0.0339733
0.0346388
0.0353017
0.0360035
0.0367156
0.0374447
0.0381812
0.0389458
0.0397227
0.0405073
0.0412951
0.0421033
0.0429231
0.0437678
0.0446339
0.0455007
0.0463938
0.047293
0.0482232
0.0491485
0.0501172
0.0510933
0.052088
0.0531022
0.0541425
0.0552129
0.0562853
0.057396
0.0585225
0.0596755
0.0608686
0.0620522
0.0632762
0.0644978
0.0657636
0.0670414
0.0683392
0.069639
0.0709632
0.0722688
0.0735177
0.0747613
0.0756518
0.011104
0.0111657
0.0121601
0.0136479
0.0146735
0.0147146
0.0141481
0.0138057
0.0142039
0.0147491
0.0146891
0.0143744
0.0142747
0.0142899
0.0145207
0.0150524
0.0154409
0.0154653
0.0155021
0.0158851
0.0165011
0.0169281
0.0169889
0.0170745
0.0175261
0.0180919
0.0184119
0.018586
0.0189232
0.0194279
0.0198659
0.0201746
0.0205212
0.0209858
0.0214637
0.0218848
0.0223001
0.0227551
0.0232359
0.023733
0.0242347
0.0247237
0.025201
0.0257124
0.0262668
0.0268102
0.027308
0.0278263
0.0284151
0.0290235
0.0295862
0.0301414
0.0307589
0.0314125
0.0320403
0.0326479
0.0333001
0.0339773
0.0346423
0.0353045
0.0360077
0.0367206
0.0374485
0.0381839
0.0389481
0.0397238
0.0405081
0.0412969
0.0421056
0.0429255
0.0437705
0.0446359
0.045502
0.0463955
0.0472952
0.0482257
0.0491511
0.05012
0.051096
0.0520907
0.0531052
0.0541457
0.055216
0.0562883
0.0573991
0.0585254
0.0596782
0.0608706
0.0620538
0.0632782
0.0644999
0.0657665
0.0670435
0.0683425
0.0696437
0.0709695
0.0722794
0.073529
0.074777
0.0756682
0.0111747
0.0111681
0.0120492
0.0135274
0.0147127
0.0148937
0.0143396
0.0138724
0.0141544
0.0148215
0.0149216
0.0145225
0.0143012
0.0143523
0.0146262
0.0151265
0.0154833
0.015513
0.0155715
0.0159339
0.0165089
0.0169745
0.0170834
0.0171158
0.0175226
0.018136
0.0184834
0.018618
0.0189331
0.0194552
0.0199024
0.0202023
0.0205417
0.0210065
0.021488
0.0219088
0.0223182
0.02277
0.0232516
0.0237482
0.0242476
0.0247348
0.0252098
0.0257192
0.0262748
0.0268208
0.0273174
0.0278321
0.0284211
0.0290329
0.0295948
0.0301449
0.0307618
0.0314189
0.0320457
0.0326494
0.0333022
0.0339817
0.034646
0.0353073
0.0360119
0.0367257
0.0374525
0.0381866
0.0389505
0.0397252
0.0405091
0.0412988
0.0421079
0.0429279
0.0437732
0.044638
0.0455035
0.0463973
0.0472975
0.0482283
0.0491538
0.050123
0.0510988
0.0520936
0.0531083
0.0541491
0.0552191
0.0562915
0.0574024
0.0585283
0.059681
0.0608727
0.0620555
0.0632804
0.0645021
0.0657696
0.0670459
0.0683458
0.0696487
0.070976
0.0722904
0.0735408
0.0747928
0.0756852
0.011271
0.0112142
0.0119784
0.0133907
0.0146942
0.0150574
0.0145617
0.0139914
0.0141075
0.0148182
0.0151267
0.0147323
0.014356
0.0143744
0.014706
0.0152241
0.015556
0.0155521
0.0156167
0.0159978
0.0165377
0.0169978
0.0171679
0.0171845
0.0175197
0.0181592
0.0185629
0.0186662
0.0189377
0.0194765
0.0199447
0.0202329
0.0205598
0.0210277
0.0215143
0.0219338
0.0223373
0.0227846
0.023267
0.0237647
0.0242618
0.0247463
0.0252191
0.0257266
0.0262831
0.0268316
0.0273274
0.0278384
0.028427
0.0290424
0.0296039
0.0301486
0.0307647
0.0314257
0.0320515
0.0326512
0.0333044
0.0339863
0.0346499
0.0353102
0.0360162
0.0367309
0.0374565
0.0381895
0.0389532
0.0397266
0.0405102
0.0413009
0.0421103
0.0429303
0.043776
0.0446401
0.0455051
0.0463993
0.0473
0.048231
0.0491565
0.0501261
0.0511017
0.0520965
0.0531115
0.0541526
0.0552224
0.0562948
0.0574058
0.0585314
0.059684
0.0608751
0.0620573
0.0632828
0.0645043
0.0657728
0.0670486
0.0683493
0.0696543
0.0709827
0.0723018
0.0735532
0.0748088
0.0757028
0.0113796
0.0112988
0.011952
0.0132618
0.0146244
0.0151809
0.0147968
0.0141655
0.0140937
0.0147577
0.0152698
0.0149784
0.014469
0.0143821
0.0147392
0.0153184
0.0156673
0.0156085
0.0156321
0.016051
0.016599
0.0170205
0.0172248
0.017269
0.0175353
0.0181609
0.0186365
0.0187358
0.018945
0.0194864
0.0199898
0.0202709
0.0205761
0.0210464
0.021543
0.0219607
0.0223571
0.0227994
0.0232817
0.0237817
0.0242776
0.0247585
0.0252289
0.0257347
0.0262918
0.0268427
0.0273379
0.0278451
0.0284331
0.0290521
0.0296137
0.0301526
0.0307673
0.0314328
0.0320578
0.0326531
0.0333066
0.0339912
0.0346541
0.0353131
0.0360205
0.0367363
0.0374606
0.0381924
0.038956
0.0397283
0.0405116
0.0413032
0.0421128
0.0429327
0.0437789
0.0446423
0.0455067
0.0464013
0.0473026
0.0482338
0.0491593
0.0501293
0.0511048
0.0520995
0.0531148
0.0541562
0.0552258
0.0562982
0.0574092
0.0585345
0.059687
0.0608775
0.0620592
0.0632853
0.0645067
0.0657762
0.0670515
0.0683529
0.0696603
0.0709897
0.0723135
0.0735661
0.074825
0.0757208
0.0114811
0.0114159
0.0119687
0.0131578
0.0145229
0.0152511
0.015022
0.0143844
0.0141365
0.0146715
0.0153319
0.0152246
0.0146497
0.0144081
0.0147297
0.0153793
0.0158015
0.0157073
0.0156374
0.016068
0.016677
0.01707
0.017257
0.0173455
0.0175791
0.0181558
0.0186901
0.0188219
0.0189663
0.0194847
0.0200308
0.0203187
0.0205941
0.0210601
0.0215725
0.0219914
0.0223778
0.0228142
0.023296
0.0237988
0.024295
0.0247721
0.0252389
0.0257431
0.0263009
0.0268542
0.0273489
0.0278521
0.0284391
0.0290621
0.0296241
0.0301569
0.0307698
0.0314399
0.0320649
0.0326553
0.0333087
0.0339963
0.0346586
0.0353159
0.0360248
0.0367418
0.0374647
0.0381954
0.0389589
0.0397302
0.0405131
0.0413056
0.0421154
0.0429352
0.0437818
0.0446447
0.0455086
0.0464035
0.0473052
0.0482366
0.0491621
0.0501326
0.051108
0.0521027
0.0531183
0.05416
0.0552293
0.0563017
0.0574128
0.0585378
0.0596901
0.0608802
0.0620611
0.0632879
0.0645092
0.0657796
0.0670548
0.0683566
0.0696667
0.070997
0.0723254
0.0735795
0.0748413
0.0757392
0.0115539
0.0115533
0.0120273
0.0130872
0.0144085
0.01527
0.0152155
0.0146269
0.0142447
0.0145961
0.0153173
0.0154319
0.0148821
0.0144832
0.0147013
0.0153869
0.0159293
0.015858
0.0156638
0.016041
0.0167392
0.0171609
0.0172917
0.0173929
0.017639
0.0181641
0.0187202
0.01891
0.0190098
0.0194781
0.0200607
0.0203742
0.0206187
0.0210688
0.0215996
0.0220264
0.022401
0.0228285
0.0233098
0.0238155
0.0243136
0.0247876
0.0252497
0.0257515
0.0263102
0.0268663
0.0273606
0.0278594
0.0284451
0.0290722
0.0296351
0.0301618
0.0307721
0.031447
0.0320727
0.0326581
0.0333108
0.0340016
0.0346635
0.0353189
0.036029
0.0367475
0.0374691
0.0381984
0.038962
0.0397322
0.0405149
0.0413082
0.042118
0.0429378
0.0437848
0.0446471
0.0455105
0.0464059
0.0473081
0.0482396
0.0491649
0.050136
0.0511112
0.052106
0.0531219
0.0541639
0.0552329
0.0563053
0.0574164
0.0585412
0.0596933
0.060883
0.0620632
0.0632907
0.064512
0.0657832
0.0670583
0.0683605
0.0696736
0.0710047
0.0723375
0.0735935
0.0748577
0.0757579
0.0115825
0.0116915
0.0121226
0.0130567
0.0142978
0.0152476
0.0153659
0.0148692
0.0144099
0.0145642
0.0152515
0.0155714
0.0151354
0.0146218
0.0146847
0.0153439
0.0160174
0.0160438
0.0157426
0.0159918
0.0167531
0.0172748
0.0173618
0.017415
0.0176885
0.0181972
0.0187413
0.0189843
0.0190731
0.019478
0.0200768
0.0204318
0.0206533
0.021075
0.0216215
0.0220643
0.0224288
0.022843
0.0233225
0.0238317
0.0243325
0.0248052
0.0252619
0.0257599
0.0263194
0.0268791
0.0273732
0.027867
0.0284508
0.0290826
0.029647
0.0301671
0.030774
0.031454
0.0320812
0.0326615
0.0333129
0.034007
0.0346687
0.035322
0.0360332
0.0367532
0.0374736
0.0382015
0.0389652
0.0397345
0.0405169
0.041311
0.0421206
0.0429404
0.0437878
0.0446496
0.0455125
0.0464083
0.0473111
0.0482426
0.0491679
0.0501396
0.0511146
0.0521093
0.0531257
0.0541679
0.0552366
0.0563091
0.0574201
0.0585447
0.0596965
0.060886
0.0620653
0.0632937
0.0645149
0.0657868
0.0670623
0.0683646
0.0696809
0.0710128
0.0723497
0.0736081
0.0748744
0.0757769
0.0115645
0.0118091
0.0122419
0.0130705
0.014206
0.0151955
0.0154717
0.0150909
0.0146102
0.0145926
0.0151683
0.0156349
0.0153743
0.0148172
0.0147102
0.0152741
0.0160421
0.0162316
0.0158895
0.0159562
0.0167063
0.0173738
0.0174848
0.0174429
0.0177043
0.0182419
0.0187744
0.0190404
0.0191429
0.0194936
0.0200831
0.0204847
0.0206985
0.0210825
0.0216368
0.0221025
0.0224617
0.0228593
0.0233342
0.0238473
0.0243515
0.0248243
0.0252761
0.0257684
0.0263279
0.0268924
0.0273872
0.027875
0.0284561
0.0290928
0.0296598
0.0301732
0.0307758
0.0314606
0.0320902
0.0326655
0.0333151
0.0340123
0.0346742
0.0353253
0.0360374
0.0367591
0.0374783
0.0382047
0.0389684
0.0397368
0.0405192
0.041314
0.0421234
0.0429431
0.0437909
0.0446523
0.0455147
0.0464109
0.0473142
0.0482457
0.0491709
0.0501433
0.0511182
0.0521128
0.0531296
0.054172
0.0552404
0.056313
0.0574239
0.0585484
0.0596999
0.0608891
0.0620676
0.0632967
0.0645181
0.0657904
0.0670666
0.0683688
0.0696886
0.0710214
0.072362
0.0736232
0.0748914
0.0757962
0.0115108
0.0118928
0.0123668
0.0131233
0.0141476
0.0151281
0.0155369
0.0152825
0.0148222
0.0146785
0.0151007
0.0156342
0.0155685
0.0150458
0.0147941
0.0152087
0.0160025
0.0163838
0.0160919
0.0159717
0.0166196
0.0174192
0.0176404
0.0175143
0.0176906
0.0182682
0.0188312
0.0190933
0.0192045
0.0195243
0.0200886
0.0205288
0.0207518
0.0210948
0.0216458
0.022139
0.0224993
0.0228784
0.0233452
0.0238621
0.0243704
0.0248442
0.0252928
0.0257781
0.0263354
0.0269056
0.0274025
0.027884
0.0284609
0.0291028
0.0296736
0.0301804
0.0307771
0.0314669
0.0321
0.0326703
0.0333175
0.0340177
0.0346799
0.0353288
0.0360417
0.0367651
0.0374831
0.038208
0.0389719
0.0397393
0.0405217
0.0413172
0.0421263
0.0429458
0.0437941
0.044655
0.045517
0.0464136
0.0473174
0.0482489
0.0491739
0.0501471
0.0511217
0.0521164
0.0531336
0.0541763
0.0552444
0.056317
0.0574277
0.0585522
0.0597035
0.0608924
0.0620701
0.0632999
0.0645216
0.0657942
0.0670713
0.0683733
0.0696965
0.0710305
0.0723744
0.0736387
0.0749086
0.0758156
0.0114402
0.011942
0.0124802
0.0131997
0.0141283
0.0150624
0.0155673
0.0154422
0.0150283
0.0148063
0.015071
0.0155935
0.0157022
0.0152792
0.0149337
0.0151778
0.0159212
0.0164703
0.0163161
0.0160623
0.0165311
0.0173932
0.0177879
0.0176502
0.0176823
0.0182499
0.0188955
0.019165
0.0192545
0.0195583
0.0201013
0.0205649
0.020809
0.0211146
0.0216487
0.022172
0.0225416
0.0229008
0.023356
0.0238761
0.024389
0.0248641
0.0253115
0.02579
0.0263423
0.0269181
0.0274192
0.0278941
0.0284653
0.0291119
0.0296882
0.0301891
0.0307784
0.0314725
0.0321104
0.0326758
0.0333199
0.0340232
0.0346859
0.0353324
0.036046
0.0367712
0.037488
0.0382113
0.0389754
0.039742
0.0405244
0.0413207
0.0421294
0.0429485
0.0437972
0.044658
0.0455195
0.0464165
0.0473208
0.0482521
0.049177
0.0501512
0.0511255
0.05212
0.0531377
0.0541807
0.0552484
0.0563212
0.0574316
0.0585561
0.0597071
0.0608957
0.0620728
0.0633031
0.0645255
0.0657979
0.0670763
0.0683782
0.0697047
0.0710402
0.0723869
0.0736546
0.0749262
0.0758352
0.0113649
0.0119638
0.0125755
0.0132837
0.0141414
0.0150137
0.0155719
0.0155693
0.0152192
0.0149573
0.0150867
0.0155397
0.0157756
0.0154912
0.015112
0.0151988
0.0158299
0.0164826
0.0165216
0.0162236
0.0164812
0.0173121
0.017885
0.0178315
0.0177218
0.0181913
0.018933
0.0192665
0.0193095
0.0195824
0.0201203
0.0205986
0.0208663
0.021144
0.0216473
0.022198
0.022589
0.0229275
0.0233661
0.0238902
0.024408
0.0248833
0.0253308
0.0258045
0.0263497
0.0269292
0.0274369
0.0279062
0.0284695
0.02912
0.0297034
0.0301994
0.0307798
0.0314772
0.0321212
0.0326822
0.0333222
0.0340287
0.0346925
0.0353361
0.0360501
0.0367776
0.0374933
0.0382147
0.0389791
0.0397449
0.0405272
0.0413243
0.0421327
0.0429513
0.0438003
0.044661
0.0455221
0.0464195
0.0473244
0.0482555
0.0491801
0.0501553
0.0511293
0.0521239
0.053142
0.0541852
0.0552525
0.0563255
0.0574356
0.0585602
0.059711
0.0608992
0.0620758
0.0633064
0.0645296
0.0658018
0.0670816
0.0683835
0.069713
0.0710504
0.0723996
0.0736709
0.0749441
0.0758549
0.0112932
0.0119661
0.0126535
0.0133662
0.0141738
0.0149885
0.0155638
0.0156644
0.0153902
0.0151156
0.0151422
0.0154963
0.0158
0.0156651
0.0153088
0.0152728
0.0157597
0.0164367
0.0166722
0.016427
0.0164977
0.0172119
0.0179096
0.0180161
0.0178357
0.018131
0.0189133
0.0193791
0.0193936
0.0195952
0.0201343
0.0206347
0.0209225
0.0211832
0.0216461
0.0222129
0.0226399
0.022962
0.0233743
0.0239031
0.0244289
0.0249022
0.0253495
0.0258211
0.0263587
0.0269391
0.0274542
0.0279203
0.0284742
0.0291266
0.0297189
0.0302116
0.0307814
0.0314811
0.0321326
0.0326896
0.0333245
0.0340341
0.0346996
0.0353401
0.036054
0.036784
0.0374989
0.0382181
0.0389827
0.0397481
0.0405303
0.0413281
0.0421361
0.0429542
0.0438035
0.0446643
0.0455248
0.0464226
0.0473281
0.0482589
0.0491833
0.0501597
0.0511332
0.0521278
0.0531464
0.05419
0.0552568
0.0563299
0.0574396
0.0585643
0.0597151
0.0609027
0.062079
0.0633097
0.0645341
0.0658059
0.0670871
0.0683893
0.0697215
0.0710611
0.0724124
0.0736873
0.0749623
0.0758748
0.0112418
0.0119583
0.0127158
0.0134461
0.0142165
0.0149839
0.0155558
0.0157329
0.015539
0.0152706
0.0152244
0.0154768
0.0157919
0.0157922
0.0155043
0.0153884
0.0157315
0.0163628
0.016752
0.0166355
0.0165852
0.0171308
0.0178715
0.0181594
0.0180082
0.0181148
0.0188372
0.0194652
0.0195203
0.0196161
0.0201313
0.020671
0.0209793
0.0212295
0.0216505
0.0222148
0.022688
0.0230089
0.0233828
0.0239111
0.024453
0.0249227
0.0253661
0.0258385
0.0263705
0.0269492
0.0274706
0.0279359
0.0284799
0.0291318
0.0297342
0.0302257
0.0307835
0.0314839
0.0321444
0.0326982
0.0333266
0.0340391
0.0347074
0.0353447
0.0360576
0.0367903
0.0375049
0.0382217
0.0389864
0.0397514
0.0405337
0.041332
0.0421397
0.0429572
0.0438066
0.0446677
0.0455278
0.0464259
0.047332
0.0482623
0.0491864
0.0501642
0.0511372
0.0521319
0.0531509
0.0541947
0.0552612
0.0563345
0.0574438
0.0585686
0.0597194
0.0609061
0.0620824
0.0633131
0.0645388
0.0658102
0.0670928
0.0683956
0.06973
0.0710723
0.0724255
0.0737039
0.0749808
0.0758947
0.0112109
0.011947
0.0127628
0.0135231
0.0142665
0.0149933
0.0155545
0.0157828
0.0156654
0.0154177
0.0153209
0.0154843
0.01577
0.0158712
0.015681
0.0155301
0.0157496
0.0162914
0.0167674
0.0168124
0.0167255
0.0170984
0.0178021
0.0182374
0.0181981
0.0181737
0.0187423
0.0194879
0.0196709
0.0196721
0.0201113
0.0206972
0.02104
0.0212818
0.0216649
0.0222072
0.0227236
0.0230681
0.0233986
0.0239103
0.0244777
0.0249493
0.0253807
0.0258538
0.0263848
0.0269606
0.027486
0.0279521
0.028487
0.0291361
0.0297488
0.0302416
0.0307863
0.0314857
0.0321567
0.0327081
0.0333285
0.0340436
0.0347159
0.03535
0.036061
0.0367965
0.0375113
0.0382255
0.03899
0.039755
0.0405372
0.041336
0.0421435
0.0429603
0.0438098
0.0446713
0.0455308
0.0464292
0.0473361
0.0482659
0.0491897
0.0501689
0.0511413
0.0521361
0.0531555
0.0541996
0.0552657
0.056339
0.057448
0.0585729
0.0597242
0.0609097
0.0620862
0.0633168
0.0645436
0.0658148
0.0670984
0.0684024
0.0697387
0.0710838
0.0724389
0.0737206
0.0749996
0.0759146
0.0112033
0.0119463
0.0127996
0.0135941
0.0143234
0.0150118
0.0155592
0.0158203
0.0157693
0.0155537
0.0154234
0.0155147
0.0157513
0.0159104
0.0158262
0.0156833
0.0158079
0.0162457
0.0167414
0.0169344
0.0168884
0.0171231
0.0177341
0.0182554
0.0183633
0.018301
0.0186764
0.01944
0.0198052
0.0197793
0.0200925
0.0207001
0.0211008
0.02134
0.0216914
0.0221999
0.0227411
0.0231319
0.0234309
0.0239011
0.0244941
0.0249845
0.0253978
0.0258645
0.0264001
0.0269752
0.0275015
0.0279678
0.0284949
0.0291401
0.0297631
0.0302591
0.0307898
0.0314861
0.0321694
0.0327196
0.0333302
0.0340473
0.0347249
0.0353562
0.0360643
0.0368023
0.0375179
0.0382296
0.0389938
0.0397588
0.040541
0.0413403
0.0421474
0.0429633
0.043813
0.0446752
0.0455339
0.0464327
0.0473403
0.0482696
0.0491929
0.0501739
0.0511455
0.0521405
0.0531602
0.0542045
0.0552705
0.0563437
0.0574525
0.0585771
0.059729
0.0609131
0.0620901
0.0633207
0.0645486
0.0658199
0.0671043
0.0684098
0.0697477
0.0710956
0.0724527
0.0737373
0.0750184
0.0759347
0.0112157
0.0119601
0.0128313
0.0136555
0.0143844
0.0150383
0.0155681
0.0158503
0.0158532
0.0156773
0.0155276
0.0155604
0.0157439
0.0159231
0.0159314
0.0158318
0.0158956
0.0162353
0.0167023
0.0170005
0.017043
0.017196
0.0176921
0.0182361
0.0184772
0.0184608
0.0186758
0.0193542
0.0198842
0.0199252
0.0201032
0.0206779
0.021151
0.0214032
0.0217267
0.0222004
0.0227425
0.0231882
0.0234854
0.0238951
0.024494
0.0250238
0.0254243
0.0258698
0.0264118
0.0269935
0.0275191
0.0279835
0.0285025
0.0291437
0.0297776
0.0302783
0.0307939
0.0314851
0.0321823
0.0327331
0.033332
0.0340499
0.0347344
0.0353634
0.0360677
0.0368078
0.0375246
0.0382337
0.0389976
0.0397629
0.0405449
0.0413447
0.0421518
0.0429663
0.043816
0.0446795
0.0455372
0.0464363
0.0473446
0.0482733
0.0491961
0.0501789
0.0511497
0.052145
0.0531652
0.0542095
0.0552754
0.0563482
0.0574573
0.0585816
0.0597344
0.0609168
0.0620941
0.0633248
0.0645535
0.0658253
0.0671101
0.0684176
0.0697569
0.0711074
0.0724669
0.0737542
0.0750374
0.0759547
0.0112408
0.01199
0.0128704
0.0137096
0.0144447
0.0150732
0.0155805
0.0158753
0.0159198
0.0157868
0.0156309
0.0156155
0.0157484
0.015923
0.015998
0.0159598
0.0159989
0.0162578
0.0166721
0.0170256
0.0171673
0.0172981
0.0176878
0.0182058
0.0185395
0.0186136
0.0187417
0.0192749
0.0198922
0.0200729
0.0201638
0.0206474
0.0211798
0.0214698
0.0217693
0.0222112
0.0227358
0.023225
0.0235542
0.0239068
0.0244774
0.0250557
0.0254666
0.0258769
0.0264145
0.0270123
0.0275409
0.0279998
0.0285088
0.029146
0.0297926
0.0302996
0.0307988
0.0314823
0.0321951
0.0327488
0.0333341
0.034051
0.034744
0.0353717
0.0360711
0.0368132
0.0375317
0.038238
0.0390014
0.0397673
0.0405489
0.0413491
0.0421563
0.0429694
0.0438189
0.0446841
0.0455407
0.04644
0.0473488
0.0482771
0.0491996
0.0501842
0.051154
0.0521492
0.0531702
0.0542143
0.0552807
0.0563526
0.0574621
0.058586
0.0597397
0.0609207
0.0620983
0.0633296
0.0645585
0.0658312
0.0671162
0.0684256
0.0697664
0.0711193
0.0724813
0.0737711
0.0750563
0.0759747
0.0112703
0.0120311
0.0129189
0.0137624
0.014501
0.0151139
0.0155961
0.0158949
0.01597
0.015878
0.0157299
0.0156774
0.0157641
0.0159206
0.0160363
0.0160584
0.0161034
0.0163052
0.0166608
0.0170291
0.0172531
0.0174069
0.0177191
0.0181846
0.0185675
0.0187341
0.018848
0.0192392
0.0198496
0.020183
0.0202675
0.0206321
0.0211824
0.0215319
0.0218197
0.0222323
0.0227317
0.0232414
0.0236215
0.0239436
0.0244557
0.0250665
0.0255195
0.0258978
0.0264086
0.0270257
0.0275691
0.0280197
0.0285132
0.0291456
0.0298075
0.030324
0.0308047
0.0314767
0.032207
0.0327672
0.0333372
0.0340507
0.0347537
0.0353811
0.0360746
0.0368182
0.037539
0.0382423
0.0390051
0.0397723
0.040553
0.0413536
0.0421611
0.0429724
0.0438215
0.0446891
0.0455445
0.0464438
0.0473532
0.0482808
0.0492031
0.0501895
0.0511588
0.0521538
0.0531757
0.0542191
0.0552861
0.0563571
0.0574671
0.0585907
0.0597449
0.0609245
0.0621021
0.0633345
0.0645635
0.0658373
0.0671226
0.068434
0.0697765
0.0711313
0.072496
0.0737881
0.075075
0.0759946
0.0112988
0.012077
0.0129759
0.0138212
0.0145549
0.0151564
0.0156149
0.0159096
0.0160056
0.0159482
0.0158189
0.0157421
0.0157882
0.0159197
0.0160559
0.0161277
0.0161957
0.0163679
0.0166705
0.0170281
0.0173062
0.0175034
0.0177748
0.0181812
0.0185788
0.0188176
0.018963
0.0192588
0.019795
0.0202373
0.0203879
0.0206515
0.0211687
0.0215788
0.021875
0.0222612
0.0227346
0.0232454
0.0236752
0.0240007
0.0244468
0.025053
0.0255662
0.0259396
0.0264019
0.027025
0.0275998
0.0280482
0.028518
0.0291411
0.0298214
0.0303524
0.0308132
0.0314682
0.032217
0.032788
0.0333417
0.0340487
0.0347628
0.0353917
0.0360782
0.036823
0.0375468
0.0382468
0.0390084
0.0397775
0.0405573
0.0413582
0.0421662
0.0429756
0.043824
0.0446942
0.0455483
0.0464475
0.0473576
0.0482846
0.0492069
0.0501948
0.0511635
0.0521582
0.0531814
0.0542242
0.0552919
0.0563617
0.0574721
0.0585957
0.0597504
0.0609291
0.0621063
0.0633399
0.0645684
0.0658433
0.0671291
0.0684422
0.0697867
0.0711432
0.0725108
0.0738052
0.0750937
0.0760145
0.0113275
0.0121234
0.0130366
0.0138856
0.0146093
0.0151977
0.0156357
0.0159205
0.0160296
0.0159971
0.0158911
0.0158036
0.0158166
0.015921
0.0160629
0.016174
0.0162698
0.0164348
0.0166986
0.0170329
0.0173391
0.0175784
0.0178415
0.018197
0.0185858
0.0188723
0.0190616
0.0193156
0.01976
0.0202435
0.0204947
0.0207077
0.0211573
0.0216079
0.0219305
0.0222979
0.0227455
0.0232451
0.0237111
0.0240633
0.0244615
0.0250295
0.0255916
0.0259975
0.0264099
0.0270081
0.0276224
0.0280869
0.0285265
0.0291301
0.0298311
0.0303851
0.0308265
0.031457
0.032224
0.0328117
0.033349
0.034046
0.0347713
0.0354034
0.0360816
0.0368271
0.0375551
0.0382518
0.0390115
0.0397831
0.0405617
0.0413628
0.0421715
0.0429786
0.0438264
0.0446997
0.0455527
0.0464515
0.0473622
0.0482882
0.0492108
0.0501998
0.0511684
0.0521624
0.0531869
0.0542289
0.0552974
0.0563663
0.0574771
0.058601
0.0597554
0.0609336
0.0621103
0.0633457
0.0645739
0.0658499
0.0671365
0.0684508
0.0697972
0.0711552
0.0725256
0.0738223
0.0751119
0.0760338
0.0113614
0.01217
0.0130981
0.0139533
0.0146668
0.0152367
0.0156522
0.0159263
0.0160418
0.0160258
0.0159408
0.0158549
0.0158444
0.0159246
0.0160614
0.016202
0.0163263
0.0164964
0.0167391
0.0170476
0.0173635
0.0176332
0.0179058
0.0182289
0.0185958
0.0189102
0.0191374
0.0193855
0.0197576
0.0202247
0.0205661
0.0207839
0.021161
0.0216223
0.0219795
0.02234
0.0227658
0.0232472
0.0237339
0.02412
0.0244964
0.0250134
0.0255918
0.0260535
0.0264437
0.026988
0.0276273
0.028133
0.0285475
0.0291146
0.0298319
0.0304202
0.0308465
0.0314432
0.0322246
0.0328362
0.0333593
0.0340422
0.0347785
0.0354163
0.0360856
0.0368305
0.0375638
0.0382575
0.0390144
0.0397886
0.0405663
0.0413676
0.0421772
0.0429817
0.0438287
0.0447051
0.0455571
0.0464552
0.0473668
0.048292
0.0492153
0.0502051
0.0511737
0.0521672
0.0531929
0.0542341
0.055303
0.0563711
0.057482
0.0586067
0.0597605
0.0609385
0.0621144
0.0633512
0.0645791
0.0658559
0.0671439
0.0684593
0.069808
0.0711675
0.0725405
0.0738397
0.0751304
0.0760533
0.011406
0.0122193
0.0131574
0.0140201
0.0147269
0.0152785
0.0156811
0.0159292
0.0160421
0.0160368
0.0159672
0.0158898
0.0158663
0.0159277
0.0160546
0.016214
0.0163671
0.0165482
0.0167846
0.0170725
0.017387
0.017675
0.0179597
0.0182693
0.0186117
0.0189388
0.0191958
0.0194517
0.0197828
0.0202062
0.0206005
0.0208604
0.0211846
0.0216302
0.0220178
0.0223811
0.0227925
0.0232537
0.0237467
0.0241661
0.0245409
0.0250153
0.02558
0.0260903
0.0264964
0.0269808
0.0276108
0.0281734
0.0285865
0.0291022
0.0298208
0.0304558
0.0308781
0.0314312
0.0322186
0.0328612
0.033374
0.0340377
0.0347834
0.0354298
0.0360894
0.0368323
0.0375724
0.038264
0.039017
0.0397937
0.0405705
0.0413722
0.0421831
0.0429846
0.0438311
0.0447107
0.045562
0.0464589
0.0473712
0.0482957
0.0492194
0.0502095
0.0511785
0.0521716
0.0531984
0.0542392
0.0553084
0.0563761
0.057487
0.0586125
0.0597651
0.0609433
0.062119
0.0633572
0.064585
0.0658622
0.0671516
0.0684677
0.0698183
0.0711795
0.0725547
0.0738562
0.0751478
0.0760716
0.0114678
0.0122767
0.0132166
0.0140815
0.0147801
0.0153068
0.0156781
0.01591
0.0160186
0.0160221
0.015965
0.0158998
0.0158748
0.0159253
0.0160447
0.016215
0.0163953
0.0165916
0.0168306
0.0171068
0.0174137
0.0177108
0.0180027
0.0183095
0.0186336
0.0189619
0.0192425
0.019508
0.0198209
0.0202022
0.0206108
0.0209228
0.0212261
0.0216418
0.0220486
0.0224197
0.022823
0.0232673
0.0237522
0.0241988
0.0245852
0.0250309
0.0255704
0.0261041
0.0265502
0.0269986
0.027584
0.0281935
0.0286387
0.0291006
0.0297945
0.0304829
0.0309202
0.0314232
0.0322044
0.0328849
0.0333955
0.0340353
0.0347875
0.0354458
0.0360951
0.0368335
0.0375819
0.0382722
0.0390205
0.0397991
0.0405751
0.0413773
0.0421898
0.0429876
0.0438334
0.0447161
0.0455671
0.0464627
0.0473757
0.0482999
0.0492244
0.0502149
0.0511843
0.0521774
0.0532045
0.054245
0.0553138
0.0563814
0.0574923
0.058619
0.0597703
0.0609485
0.0621239
0.0633628
0.064591
0.0658688
0.0671601
0.068477
0.0698295
0.0711923
0.0725698
0.0738736
0.0751659
0.0760906
0.0115524
0.0123473
0.0132819
0.0141441
0.0148358
0.0153379
0.0156742
0.0158743
0.0159601
0.0159706
0.0159241
0.0158733
0.0158574
0.0159088
0.0160267
0.0162038
0.0164083
0.0166248
0.0168719
0.0171447
0.0174425
0.0177414
0.0180354
0.0183421
0.0186569
0.0189809
0.0192795
0.0195547
0.0198601
0.0202125
0.0206105
0.0209639
0.0212755
0.0216614
0.0220736
0.0224553
0.0228547
0.0232892
0.0237576
0.0242216
0.0246285
0.0250548
0.025569
0.0261048
0.0265874
0.0270363
0.0275645
0.0281872
0.0286941
0.0291208
0.0297587
0.0304952
0.0309716
0.0314225
0.032179
0.0329002
0.03342
0.0340318
0.0347859
0.0354602
0.0360997
0.0368312
0.0375897
0.0382803
0.0390233
0.039803
0.0405782
0.0413813
0.0421965
0.0429907
0.0438355
0.0447213
0.0455724
0.0464663
0.0473794
0.0483044
0.0492278
0.0502188
0.0511886
0.0521823
0.0532094
0.0542501
0.0553185
0.0563861
0.0574972
0.0586245
0.0597743
0.0609529
0.062129
0.0633681
0.0645965
0.0658743
0.0671673
0.068485
0.069839
0.0712039
0.0725832
0.0738893
0.0751825
0.0761077
0.011658
0.0124161
0.0133218
0.0141609
0.0148399
0.0153327
0.0156538
0.0158334
0.0159098
0.0159005
0.0158549
0.0158205
0.0158225
0.0158868
0.0160137
0.016199
0.0164233
0.0166617
0.0169201
0.0171933
0.0174815
0.017775
0.0180663
0.0183711
0.018682
0.0190011
0.0193113
0.0195971
0.0198995
0.0202348
0.0206139
0.0209889
0.0213255
0.0216918
0.0220971
0.0224894
0.0228854
0.0233149
0.0237673
0.0242357
0.0246699
0.0250869
0.0255783
0.0261087
0.0266088
0.0270823
0.0275713
0.0281629
0.0287369
0.0291693
0.0297264
0.0304882
0.0310332
0.0314421
0.0321512
0.0329112
0.0334546
0.0340363
0.0347847
0.0354776
0.0361087
0.0368295
0.0375983
0.0382915
0.0390287
0.0398085
0.0405822
0.0413859
0.042204
0.0429946
0.0438374
0.044726
0.0455784
0.0464703
0.0473831
0.0483098
0.0492415
0.0502244
0.0511946
0.0521894
0.0532155
0.0542561
0.0553239
0.0563918
0.0575037
0.0586316
0.0597797
0.0609583
0.062135
0.0633741
0.0646034
0.0658818
0.0671764
0.068495
0.0698501
0.0712168
0.072598
0.073906
0.0751998
0.0761258
0.0118589
0.0125663
0.0134096
0.0141798
0.0147944
0.01523
0.0154952
0.0156319
0.0156968
0.0157174
0.015708
0.0157035
0.0157366
0.01583
0.0159828
0.0161831
0.0164238
0.0166811
0.0169506
0.0172252
0.017505
0.0177911
0.0180779
0.0183809
0.0186913
0.019009
0.0193271
0.0196241
0.0199287
0.0202547
0.0206172
0.0209978
0.0213603
0.021724
0.0221168
0.0225174
0.0229121
0.0233354
0.023779
0.0242397
0.0246967
0.0251195
0.0255862
0.026112
0.0266148
0.0271108
0.027599
0.0281352
0.0287445
0.0292309
0.0297075
0.0304484
0.0310825
0.0314769
0.0321149
0.0329026
0.0334875
0.0340427
0.0347773
0.0354906
0.0361176
0.0368247
0.0376028
0.0383016
0.0390337
0.0398116
0.0405837
0.0413884
0.042211
0.0429994
0.0438389
0.0447297
0.045584
0.0464741
0.0473856
0.0483154
0.0492431
0.0502269
0.0511984
0.0521956
0.0532207
0.0542612
0.0553285
0.0563964
0.0575089
0.0586366
0.0597833
0.0609625
0.0621404
0.0633787
0.0646082
0.065887
0.0671831
0.0685029
0.0698592
0.0712282
0.0726111
0.0739208
0.0752156
0.0761418
0.0121047
0.0127717
0.0135626
0.0142746
0.0148277
0.0152023
0.0154126
0.0155012
0.0155045
0.0154972
0.0155181
0.0155683
0.0156572
0.0157934
0.0159771
0.0161925
0.0164409
0.0167058
0.0169795
0.017255
0.0175282
0.0178087
0.0180914
0.0183918
0.0187028
0.0190199
0.0193434
0.0196519
0.0199634
0.0202858
0.0206354
0.0210119
0.0213877
0.0217589
0.0221434
0.0225456
0.0229431
0.0233574
0.0237992
0.0242521
0.0247176
0.025161
0.0256053
0.0261211
0.026627
0.0271243
0.0276382
0.0281363
0.0287283
0.0292916
0.0297316
0.0303996
0.0311145
0.0315418
0.0320938
0.0328812
0.0335226
0.0340596
0.0347696
0.0355024
0.0361308
0.036821
0.0376049
0.0383135
0.0390424
0.039817
0.0405864
0.0413911
0.0422176
0.0430066
0.0438408
0.0447325
0.0455905
0.046479
0.0473881
0.0483207
0.04925
0.0502304
0.0512034
0.0522027
0.0532261
0.054266
0.0553332
0.0564019
0.057516
0.0586432
0.0597881
0.0609677
0.0621467
0.0633845
0.0646149
0.0658948
0.0671918
0.0685122
0.0698692
0.0712397
0.0726245
0.0739357
0.0752311
0.0761581
0.0122732
0.0127355
0.0133116
0.0138416
0.0142697
0.0146015
0.0148363
0.0150056
0.0151305
0.0152349
0.0153201
0.0154499
0.0156219
0.0158105
0.0160177
0.0162367
0.0164757
0.0167311
0.0169956
0.0172664
0.0175333
0.0178097
0.0180906
0.0183887
0.018702
0.0190198
0.0193469
0.0196665
0.0199873
0.0203118
0.0206548
0.0210257
0.0214041
0.0217834
0.0221693
0.0225671
0.0229681
0.0233738
0.0238109
0.0242636
0.0247234
0.0251891
0.0256281
0.0261247
0.0266411
0.0271272
0.027659
0.0281603
0.0287039
0.029316
0.0297786
0.0303549
0.0311045
0.0316104
0.0320913
0.0328433
0.0335484
0.0340863
0.0347634
0.0355108
0.036149
0.0368203
0.0376033
0.0383241
0.0390518
0.0398216
0.0405881
0.041391
0.0422223
0.0430114
0.0438414
0.0447335
0.0455959
0.046483
0.0473891
0.0483253
0.0492548
0.0502326
0.0512083
0.0522108
0.0532327
0.0542717
0.0553385
0.0564071
0.0575223
0.0586484
0.059792
0.0609727
0.0621527
0.0633892
0.0646193
0.0659005
0.0671985
0.0685203
0.0698787
0.0712512
0.0726375
0.0739499
0.0752462
0.0761733
0.013979
0.0138709
0.0136722
0.0135334
0.0135095
0.0136044
0.013796
0.014047
0.0143494
0.0146944
0.0150682
0.015387
0.0156398
0.0158523
0.0160613
0.0162776
0.0165026
0.0167424
0.016991
0.0172562
0.0175232
0.0177996
0.0180843
0.0183812
0.0186974
0.0190163
0.0193448
0.0196731
0.0200021
0.0203327
0.0206738
0.0210408
0.0214175
0.0218007
0.0221937
0.0225883
0.022991
0.023396
0.0238253
0.0242812
0.0247337
0.0252086
0.0256576
0.0261299
0.0266501
0.0271329
0.0276617
0.0281908
0.0286981
0.0293126
0.0298318
0.03034
0.0310691
0.0316686
0.0321164
0.0328008
0.0335547
0.0341152
0.0347556
0.0355071
0.0361642
0.0368204
0.0375955
0.0383309
0.0390616
0.0398278
0.0405923
0.0413898
0.0422251
0.0430228
0.0438486
0.0447338
0.0456027
0.0464887
0.0473915
0.0483321
0.0492608
0.0502336
0.0512121
0.0522169
0.0532361
0.0542744
0.0553419
0.0564116
0.0575283
0.0586534
0.059795
0.0609767
0.062158
0.0633939
0.0646247
0.0659072
0.0672058
0.0685278
0.0698868
0.0712604
0.0726484
0.0739621
0.075259
0.0761869
0.013774
0.0134755
0.0131092
0.0128649
0.0127983
0.0129216
0.013229
0.0136677
0.014152
0.0146007
0.0149971
0.0153399
0.0156298
0.0158789
0.0161044
0.0163263
0.0165481
0.016779
0.0170188
0.0172741
0.0175394
0.0178111
0.018096
0.0183886
0.0187014
0.0190192
0.0193429
0.0196766
0.0200103
0.0203502
0.020694
0.0210583
0.0214352
0.0218181
0.022217
0.0226078
0.0230095
0.0234178
0.023839
0.0242953
0.0247461
0.0252208
0.025687
0.0261451
0.0266566
0.02715
0.0276627
0.0282157
0.0287186
0.0292974
0.0298703
0.0303589
0.0310246
0.031701
0.0321699
0.0327754
0.0335483
0.0341541
0.0347653
0.0355058
0.0361866
0.0368321
0.0375906
0.0383372
0.0390722
0.0398353
0.0405989
0.0413868
0.0422243
0.0430351
0.0438529
0.0447302
0.045607
0.0464928
0.0473912
0.0483377
0.0492668
0.0502355
0.0512191
0.052228
0.053244
0.0542806
0.0553491
0.0564187
0.0575358
0.0586594
0.0597999
0.0609829
0.0621645
0.0633991
0.0646291
0.0659132
0.0672125
0.0685358
0.0698963
0.0712716
0.0726611
0.0739755
0.0752731
0.0762011
0.0146073
0.0142695
0.0137765
0.0133712
0.0131254
0.0130572
0.0131566
0.0133964
0.0137315
0.0141189
0.0145142
0.0149002
0.0152708
0.0156149
0.0159237
0.0162081
0.0164816
0.0167478
0.0170121
0.0172766
0.0175483
0.0178216
0.0181047
0.0183951
0.0186987
0.0190138
0.0193296
0.0196623
0.0199981
0.0203462
0.0207004
0.0210638
0.0214463
0.0218283
0.0222274
0.0226179
0.0230183
0.023436
0.0238522
0.0243047
0.0247571
0.0252248
0.0257023
0.0261574
0.0266519
0.0271576
0.0276595
0.0282178
0.0287429
0.0292831
0.0298769
0.030393
0.0309886
0.031691
0.0322251
0.0327651
0.0335133
0.034176
0.0347713
0.0354875
0.0361977
0.0368405
0.0375798
0.038338
0.0390771
0.0398421
0.0406091
0.0413822
0.0422198
0.0430476
0.0438593
0.0447279
0.0456121
0.0464989
0.0473935
0.0483442
0.0492712
0.0502337
0.0512215
0.0522339
0.0532453
0.0542802
0.055351
0.0564228
0.05754
0.0586621
0.0598015
0.060986
0.0621686
0.0634024
0.0646331
0.0659184
0.0672182
0.0685411
0.0699022
0.0712784
0.072669
0.0739845
0.0752827
0.0762115
0.0125766
0.0129016
0.0133499
0.0137287
0.0140035
0.0141845
0.0142753
0.0142936
0.0143145
0.0144067
0.0145855
0.0148412
0.0151561
0.0154959
0.0158367
0.0161633
0.0164748
0.0167697
0.0170487
0.017318
0.0175865
0.0178589
0.0181366
0.018424
0.0187172
0.0190232
0.0193328
0.019656
0.0199948
0.0203461
0.0207134
0.0210807
0.0214667
0.0218517
0.0222394
0.0226322
0.0230299
0.0234545
0.0238729
0.024315
0.0247742
0.0252335
0.0257155
0.0261789
0.026656
0.0271699
0.0276701
0.0282189
0.0287669
0.0292901
0.02987
0.0304265
0.0309891
0.0316605
0.0322696
0.0327972
0.0334808
0.0341955
0.0348027
0.0354751
0.036215
0.036862
0.0375727
0.038343
0.0390821
0.039846
0.0406251
0.0413788
0.0422104
0.0430606
0.043867
0.0447224
0.0456145
0.0465013
0.0473932
0.0483512
0.0492774
0.0502353
0.0512292
0.0522473
0.053255
0.0542865
0.0553586
0.0564315
0.0575484
0.0586679
0.0598066
0.0609922
0.0621745
0.0634069
0.0646368
0.0659238
0.0672239
0.068548
0.0699105
0.0712881
0.07268
0.0739962
0.0752949
0.0762239
0.0146451
0.0143112
0.0138209
0.0133616
0.0130171
0.0128157
0.0127956
0.012986
0.0133328
0.0137435
0.0141742
0.0146079
0.0150311
0.0154323
0.0158017
0.0161431
0.0164582
0.0167543
0.0170343
0.0173049
0.0175717
0.0178443
0.018125
0.0184136
0.0187083
0.0190089
0.0193199
0.0196389
0.0199792
0.0203353
0.0207087
0.0210866
0.0214711
0.0218616
0.0222396
0.0226319
0.0230347
0.0234582
0.0238873
0.0243191
0.0247827
0.0252403
0.0257147
0.0261911
0.0266555
0.0271707
0.0276774
0.0282145
0.0287753
0.029301
0.0298619
0.0304362
0.0310065
0.0316341
0.0322717
0.0328359
0.033457
0.0341822
0.0348298
0.0354589
0.0362111
0.0368823
0.0375632
0.0383427
0.0390879
0.0398418
0.0406393
0.0413825
0.0421969
0.0430685
0.0438772
0.0447178
0.0456172
0.0465064
0.0473927
0.0483568
0.0492823
0.0502319
0.0512287
0.052252
0.0532565
0.0542854
0.0553588
0.0564338
0.0575517
0.0586697
0.0598071
0.0609941
0.0621775
0.0634092
0.0646391
0.0659267
0.0672275
0.0685511
0.0699139
0.0712921
0.0726848
0.0740016
0.0753011
0.0762305
0.0140671
0.0136116
0.0130473
0.012584
0.0123045
0.0122506
0.0124193
0.0127518
0.0131814
0.013662
0.0141563
0.0146353
0.0150801
0.0154885
0.0158582
0.0161921
0.0164941
0.016777
0.0170484
0.0173133
0.0175769
0.0178458
0.0181258
0.0184126
0.0187078
0.0190061
0.0193154
0.0196346
0.0199732
0.020333
0.0207072
0.0210911
0.0214761
0.0218663
0.0222441
0.0226311
0.0230389
0.0234594
0.0238919
0.0243242
0.0247844
0.0252477
0.0257158
0.0261969
0.0266612
0.0271704
0.0276828
0.0282139
0.0287738
0.0293047
0.0298581
0.0304324
0.0310159
0.0316329
0.0322635
0.0328573
0.0334666
0.0341728
0.034848
0.0354675
0.0362078
0.0368974
0.0375668
0.0383406
0.0390949
0.039841
0.0406448
0.0413918
0.0421921
0.0430692
0.0438855
0.0447159
0.0456154
0.0465098
0.0473924
0.0483599
0.0492908
0.050238
0.051235
0.0522632
0.0532682
0.0542942
0.0553673
0.0564416
0.0575596
0.0586765
0.0598127
0.0609992
0.0621821
0.0634135
0.0646422
0.0659307
0.0672316
0.0685566
0.0699202
0.0712995
0.072693
0.0740104
0.075311
0.0762416
)
;

boundaryField
{
    zeroGradientPlanes
    {
        type            zeroGradient;
    }
    inlet
    {
        type            zeroGradient;
    }
    plate
    {
        type            zeroGradient;
    }
    frontAndBack
    {
        type            empty;
    }
}


// ************************************************************************* //
