/*--------------------------------*- C++ -*----------------------------------*\
| =========                 |                                                 |
| \\      /  F ield         | OpenFOAM: The Open Source CFD Toolbox           |
|  \\    /   O peration     | Version:  v1812                                 |
|   \\  /    A nd           | Web:      www.OpenFOAM.com                      |
|    \\/     M anipulation  |                                                 |
\*---------------------------------------------------------------------------*/
FoamFile
{
    version     2.0;
    format      ascii;
    class       volScalarField;
    location    "9.8";
    object      p;
}
// * * * * * * * * * * * * * * * * * * * * * * * * * * * * * * * * * * * * * //

dimensions      [0 2 -2 0 0 0 0];


internalField   nonuniform List<scalar> 
9600
(
-1.30339e-10
0.00180182
0.00131907
0.00413615
0.00790051
0.00793268
0.00764771
0.0129745
0.0130657
0.0131283
0.0129969
0.0144991
0.0154964
0.0161365
0.0167267
0.0172584
0.0191839
0.0217178
0.0237377
0.0293124
2.21109e-06
0.00176789
0.00133036
0.00431088
0.00786173
0.00788675
0.0076546
0.0129783
0.0130685
0.0131332
0.0129917
0.0144969
0.0155055
0.0161379
0.0167211
0.0172606
0.0191892
0.021695
0.0237819
0.0287324
3.314e-07
0.00172746
0.00135168
0.00438566
0.0077915
0.00783731
0.00767059
0.0129774
0.0130736
0.0131326
0.0129848
0.014497
0.0155159
0.0161389
0.0167147
0.0172682
0.0191901
0.0216709
0.0237622
0.028178
-4.15745e-06
0.00169636
0.001387
0.00444352
0.00771044
0.00780513
0.00769659
0.0129685
0.0130826
0.0131199
0.0129797
0.0144956
0.0155211
0.0161452
0.016707
0.0172772
0.0191886
0.0216392
0.0237259
0.0276462
-8.60395e-06
0.00168114
0.00143945
0.00447901
0.00762581
0.00779583
0.00773641
0.0129501
0.0130972
0.0130926
0.012975
0.0144897
0.0155242
0.0161547
0.0166981
0.017286
0.0191878
0.0216018
0.0236684
0.0271344
-1.05641e-05
0.00168771
0.0015099
0.00448693
0.00754521
0.007813
0.00779164
0.0129222
0.0131184
0.0130521
0.0129693
0.0144814
0.0155279
0.016164
0.0166904
0.0172945
0.0191884
0.0215593
0.0235882
0.0266393
-7.57347e-06
0.00171834
0.00159386
0.00446931
0.00748028
0.00785505
0.00786008
0.0128871
0.0131457
0.0130027
0.0129637
0.0144728
0.0155328
0.0161724
0.0166848
0.0173021
0.019189
0.0215117
0.0234845
0.0261617
2.09917e-06
0.00177051
0.001684
0.0044346
0.00743895
0.00791457
0.00793633
0.0128477
0.0131782
0.0129503
0.0129593
0.0144648
0.0155395
0.0161801
0.0166805
0.0173083
0.0191871
0.0214586
0.0233584
0.025702
1.89623e-05
0.00183963
0.00177379
0.00439405
0.0074211
0.0079823
0.00801347
0.0128057
0.013215
0.0128996
0.0129564
0.0144578
0.0155478
0.0161865
0.0166761
0.0173126
0.0191799
0.0213997
0.0232115
0.0252576
4.24469e-05
0.00192183
0.00186024
0.00435779
0.00742143
0.00805114
0.008085
0.0127618
0.013255
0.0128532
0.0129553
0.0144514
0.0155569
0.0161913
0.0166705
0.0173145
0.0191654
0.0213347
0.0230453
0.0248244
7.14922e-05
0.00201464
0.00194377
0.00433212
0.00743416
0.00811729
0.00814644
0.0127158
0.0132974
0.0128122
0.0129563
0.0144453
0.0155661
0.0161943
0.0166628
0.0173138
0.0191426
0.0212629
0.0228614
0.0243993
0.000105178
0.00211633
0.00202628
0.00431893
0.00745511
0.00817941
0.00819608
0.0126678
0.0133411
0.0127769
0.0129588
0.0144395
0.015575
0.0161957
0.0166519
0.0173106
0.0191109
0.0211829
0.0226627
0.0239807
0.000143052
0.00222509
0.0021095
0.004317
0.00748157
0.00823723
0.00823483
0.0126177
0.0133851
0.0127463
0.012962
0.0144341
0.015583
0.0161957
0.0166375
0.0173047
0.0190701
0.0210934
0.0224528
0.0235673
0.000185071
0.0023388
0.00219437
0.00432373
0.00751167
0.00829085
0.00826496
0.012566
0.0134285
0.0127192
0.0129647
0.0144295
0.01559
0.016195
0.0166192
0.0172959
0.0190212
0.0209933
0.0222345
0.0231586
0.000231386
0.00245542
0.00228127
0.00433656
0.007544
0.00834043
0.00828912
0.0125131
0.013471
0.0126946
0.0129655
0.0144257
0.0155958
0.0161942
0.0165966
0.0172835
0.0189654
0.0208814
0.0220091
0.0227549
0.000282185
0.00257339
0.00237041
0.00435371
0.0075776
0.00838631
0.00830991
0.0124594
0.0135123
0.0126719
0.0129635
0.0144231
0.0156003
0.0161935
0.01657
0.0172668
0.0189039
0.0207569
0.0217778
0.0223578
0.00033764
0.00269164
0.00246204
0.00437415
0.00761191
0.00842897
0.00832944
0.0124052
0.0135522
0.0126508
0.0129582
0.0144218
0.0156034
0.0161926
0.0165398
0.0172447
0.0188373
0.0206197
0.0215413
0.0219691
0.000397887
0.00280947
0.00255655
0.0043975
0.00764664
0.00846891
0.00834912
0.012351
0.0135903
0.0126315
0.0129492
0.014422
0.0156052
0.016191
0.0165068
0.0172162
0.0187656
0.0204706
0.0212996
0.0215899
0.00046305
0.0029265
0.00265433
0.00442367
0.0076816
0.0085066
0.00836927
0.0122969
0.0136263
0.0126144
0.0129362
0.0144236
0.0156058
0.0161877
0.0164713
0.0171806
0.0186886
0.0203111
0.0210527
0.0212206
0.000533264
0.00304244
0.00275587
0.00445276
0.00771666
0.00854244
0.00839192
0.0122433
0.0136601
0.0126001
0.0129194
0.0144265
0.0156055
0.0161818
0.0164338
0.0171373
0.0186058
0.0201427
0.0208003
0.0208622
0.000608697
0.00315704
0.00286159
0.0044851
0.00775162
0.00857674
0.00841653
0.0121904
0.0136913
0.0125888
0.0128985
0.0144304
0.0156048
0.0161728
0.016394
0.0170859
0.0185171
0.0199665
0.0205422
0.020515
0.000689551
0.00327009
0.00297169
0.00452112
0.00778631
0.00860976
0.00844325
0.0121386
0.0137197
0.0125809
0.0128736
0.0144347
0.0156042
0.0161602
0.0163519
0.017026
0.0184221
0.0197847
0.0202779
0.0201781
0.000776037
0.00338146
0.00308625
0.00456115
0.00782058
0.00864175
0.00847215
0.0120881
0.0137448
0.0125764
0.0128451
0.0144391
0.0156037
0.0161434
0.0163075
0.0169575
0.0183197
0.0195997
0.0200079
0.0198482
0.000868379
0.00349102
0.00320531
0.00460551
0.00785424
0.00867294
0.00850317
0.0120391
0.0137646
0.0125748
0.012813
0.0144431
0.0156036
0.0161221
0.0162608
0.0168803
0.0182085
0.0194135
0.0197348
0.0195206
0.000966809
0.00359872
0.00332875
0.00465454
0.00788703
0.00870351
0.00853626
0.0119916
0.0137831
0.012576
0.0127772
0.0144464
0.0156042
0.0160957
0.0162116
0.0167953
0.0180871
0.0192273
0.0194629
0.0191907
0.00107152
0.00370459
0.00345631
0.00470857
0.00791885
0.00873363
0.00857136
0.0119456
0.0137996
0.0125799
0.0127375
0.0144486
0.0156059
0.0160633
0.0161591
0.0167035
0.0179545
0.0190408
0.0191979
0.0188574
0.0011827
0.00380878
0.00358764
0.00476783
0.00794974
0.0087635
0.00860836
0.0119006
0.0138143
0.0125872
0.0126935
0.0144487
0.0156098
0.0160244
0.0161022
0.0166069
0.0178102
0.0188515
0.0189445
0.0185261
0.00130049
0.00391157
0.00372232
0.00483252
0.00797976
0.00879324
0.00864741
0.0118565
0.013827
0.0125983
0.0126448
0.0144455
0.0156172
0.0159788
0.0160391
0.0165076
0.0176547
0.0186546
0.0187042
0.0182084
0.00142497
0.00401334
0.00385996
0.00490282
0.00800897
0.00882286
0.00868886
0.0118129
0.0138369
0.0126139
0.0125914
0.0144373
0.0156292
0.0159277
0.0159675
0.0164074
0.0174916
0.0184458
0.0184719
0.0179149
0.00155609
0.00411459
0.00400019
0.00497887
0.00803758
0.00885237
0.00873291
0.0117698
0.0138439
0.0126344
0.0125335
0.0144217
0.015646
0.015873
0.0158851
0.0163059
0.0173259
0.0182259
0.0182386
0.0176478
0.00169376
0.00421587
0.0041427
0.00506063
0.00806587
0.0088817
0.00877977
0.0117275
0.0138475
0.0126604
0.0124724
0.0143962
0.0156664
0.0158172
0.0157908
0.0162009
0.0171603
0.0179998
0.0179991
0.0173996
0.0018378
0.0043178
0.00428735
0.005148
0.00809421
0.0089107
0.0088295
0.0116864
0.0138467
0.0126919
0.0124094
0.0143589
0.0156888
0.0157623
0.0156844
0.0160911
0.0169958
0.0177716
0.0177547
0.0171606
0.00198801
0.00442109
0.00443401
0.00524079
0.00812299
0.00893911
0.00888186
0.0116471
0.0138405
0.0127286
0.0123463
0.0143087
0.0157116
0.01571
0.015565
0.0159758
0.0168347
0.0175421
0.0175082
0.0169265
0.00214415
0.00452641
0.00458262
0.0053386
0.00815308
0.00896693
0.00893647
0.0116106
0.0138281
0.0127693
0.0122844
0.0142445
0.0157329
0.0156626
0.015432
0.0158534
0.0166819
0.017312
0.0172576
0.0166977
0.00230603
0.00463426
0.00473353
0.00544088
0.00818509
0.00899447
0.00899259
0.0115776
0.0138102
0.012813
0.0122249
0.0141654
0.0157504
0.0156227
0.0152856
0.015719
0.0165416
0.0170873
0.0169981
0.0164719
0.00247345
0.00474493
0.00488729
0.00554718
0.00821909
0.00902216
0.00904945
0.0115487
0.0137868
0.0128582
0.012169
0.014071
0.0157609
0.0155928
0.0151284
0.015566
0.0164128
0.0168798
0.016729
0.0162405
0.00264622
0.00485848
0.00504483
0.00565704
0.00825503
0.00905096
0.00910605
0.0115238
0.0137586
0.012904
0.0121177
0.0139618
0.0157606
0.0155747
0.0149653
0.0153887
0.0162888
0.0166998
0.0164588
0.0159938
0.00282428
0.00497477
0.00520735
0.00577021
0.00829218
0.00908222
0.00916144
0.0115019
0.0137272
0.0129496
0.0120713
0.0138382
0.015746
0.0155696
0.0148031
0.0151844
0.0161593
0.0165515
0.0162028
0.0157278
0.00300773
0.00509328
0.00537596
0.00588713
0.00832904
0.0091172
0.00921554
0.0114818
0.0136943
0.0129951
0.0120299
0.0137003
0.0157131
0.0155777
0.0146499
0.0149529
0.0160131
0.0164324
0.0159765
0.0154476
0.00319673
0.00521315
0.00555151
0.00600892
0.00836385
0.00915695
0.0092691
0.0114614
0.0136603
0.0130416
0.0119949
0.0135482
0.0156563
0.0155972
0.0145153
0.0146975
0.0158384
0.016335
0.0157934
0.0151659
0.00339169
0.0053335
0.00573396
0.00613715
0.00839539
0.00920197
0.00932342
0.011439
0.0136238
0.0130898
0.0119692
0.0133835
0.0155699
0.015623
0.0144092
0.0144271
0.015624
0.0162455
0.0156635
0.0149032
0.00359308
0.00545372
0.00592248
0.00627359
0.00842291
0.00925199
0.00938054
0.0114139
0.0135838
0.01314
0.0119554
0.0132094
0.0154487
0.0156463
0.0143393
0.0141565
0.0153635
0.0161435
0.0155885
0.0146858
0.00380135
0.00557336
0.00611559
0.00642101
0.00844613
0.00930521
0.00944278
0.0113861
0.0135383
0.0131904
0.0119565
0.013032
0.0152898
0.0156561
0.0143072
0.0139028
0.0150613
0.0160077
0.0155543
0.0145371
0.0040169
0.00569229
0.00631102
0.00658248
0.0084662
0.00935797
0.00951245
0.0113568
0.0134836
0.0132377
0.0119752
0.0128579
0.0150948
0.0156412
0.0143074
0.0136813
0.0147308
0.0158249
0.015536
0.0144655
0.00423999
0.00581084
0.00650591
0.00676012
0.00848558
0.009406
0.00959053
0.0113288
0.0134164
0.0132786
0.0120114
0.0126937
0.0148696
0.0155929
0.0143305
0.013502
0.0143875
0.0155931
0.0155093
0.0144581
0.00447082
0.00592957
0.00669698
0.00695517
0.00850846
0.00944558
0.00967594
0.0113061
0.0133363
0.0133085
0.0120624
0.012546
0.0146219
0.0155065
0.0143653
0.0133704
0.0140471
0.015316
0.0154581
0.0144915
0.00470948
0.00604979
0.00688062
0.0071667
0.0085407
0.00947419
0.00976435
0.0112925
0.0132462
0.0133206
0.0121229
0.0124218
0.0143625
0.0153818
0.0143986
0.013286
0.0137269
0.0149989
0.0153713
0.0145443
0.0049556
0.00617392
0.00705426
0.00739128
0.00858821
0.00949083
0.00985313
0.011291
0.0131484
0.013311
0.0121861
0.0123233
0.0141041
0.0152246
0.0144186
0.0132414
0.0134439
0.014653
0.0152379
0.0145989
0.00520862
0.00630433
0.0072162
0.00762379
0.00865638
0.00949667
0.00993564
0.0113023
0.0130511
0.0132823
0.012243
0.0122463
0.0138559
0.0150433
0.0144203
0.0132257
0.0132068
0.0142961
0.0150509
0.0146387
0.00546782
0.00644333
0.00736537
0.00785783
0.00874942
0.00949745
0.0100013
0.0113238
0.0129654
0.0132387
0.0122871
0.0121863
0.0136214
0.0148458
0.0144051
0.0132295
0.0130147
0.013945
0.0148118
0.0146469
0.00573201
0.00659324
0.00750227
0.00808661
0.00886938
0.00950004
0.010047
0.011349
0.0128976
0.0131873
0.0123173
0.0121375
0.0134011
0.0146367
0.0143734
0.0132485
0.012865
0.0136131
0.0145311
0.0146095
0.00599965
0.00675607
0.00762916
0.00830328
0.00901514
0.00951361
0.0100662
0.0113679
0.0128475
0.0131415
0.0123376
0.0120938
0.0131957
0.0144188
0.0143219
0.0132772
0.0127571
0.013312
0.014224
0.014518
0.00626891
0.0069327
0.00775039
0.00850238
0.00918152
0.00954791
0.0100642
0.0113729
0.0128111
0.0131124
0.0123548
0.0120529
0.0130024
0.0141952
0.0142495
0.0133082
0.0126884
0.0130524
0.0139083
0.0143707
0.00653881
0.00712337
0.00787004
0.00867968
0.00936038
0.00961062
0.0100503
0.0113482
0.0127784
0.0131038
0.0123811
0.0120192
0.0128179
0.0139659
0.0141573
0.0133366
0.0126521
0.0128396
0.0136034
0.0141767
0.00680765
0.00732838
0.00799485
0.00883321
0.00953976
0.009705
0.0100367
0.0112893
0.0127314
0.0131121
0.0124267
0.011999
0.0126453
0.0137295
0.0140442
0.0133598
0.0126416
0.0126715
0.0133242
0.0139552
0.00707361
0.00754397
0.00813013
0.00896802
0.00971109
0.00982821
0.0100341
0.0111543
0.0126559
0.0131322
0.0124955
0.0119995
0.0124917
0.0134902
0.0139059
0.0133722
0.0126537
0.0125447
0.0130771
0.0137268
0.00733798
0.00776436
0.00827582
0.00908236
0.00986491
0.00997582
0.0100627
0.011053
0.0125473
0.013149
0.0125864
0.0120257
0.0123615
0.0132572
0.0137432
0.0133647
0.0126828
0.0124578
0.0128625
0.0135033
0.00760186
0.00801259
0.00843515
0.00916392
0.00998356
0.0101406
0.0101364
0.0109617
0.0124054
0.0131386
0.0126927
0.0120821
0.0122593
0.0130376
0.0135645
0.0133312
0.0127186
0.0124097
0.0126816
0.013288
0.00786095
0.00824487
0.00860932
0.00924978
0.0100796
0.0103048
0.0102481
0.0108949
0.0122385
0.0130858
0.0127961
0.0121678
0.0121921
0.0128361
0.013377
0.0132733
0.0127501
0.012396
0.012541
0.0130851
0.00811497
0.00848293
0.00879647
0.00934145
0.0101538
0.0104549
0.0103852
0.0108628
0.0120652
0.0129916
0.0128765
0.0122765
0.0121659
0.0126602
0.0131849
0.0131938
0.0127698
0.0124073
0.0124474
0.0129049
0.00836417
0.00871587
0.00899382
0.00944183
0.0102128
0.0105862
0.0105374
0.0108702
0.0119089
0.0128642
0.0129219
0.012394
0.0121785
0.0125219
0.0129961
0.0130939
0.0127751
0.0124305
0.0123978
0.0127599
0.00860594
0.00894024
0.00919947
0.00956051
0.0102638
0.0106935
0.0106905
0.0109138
0.0117831
0.0127156
0.0129277
0.0125066
0.0122227
0.012426
0.0128245
0.0129778
0.0127636
0.0124554
0.0123793
0.0126575
0.00884115
0.00915239
0.00940926
0.00969494
0.0103144
0.0107799
0.0108385
0.0109859
0.0116954
0.0125654
0.0128974
0.0126032
0.0122893
0.012368
0.0126809
0.0128558
0.0127337
0.0124763
0.0123785
0.0125955
0.00907633
0.00937135
0.0096056
0.00982963
0.0103686
0.010852
0.0109782
0.0110776
0.0116473
0.0124301
0.0128387
0.0126753
0.0123731
0.0123488
0.0125708
0.0127411
0.0126894
0.0124919
0.0123881
0.0125622
0.00930491
0.00957183
0.00979642
0.00997718
0.0104332
0.0109113
0.0110995
0.0111971
0.0116369
0.0123195
0.0127642
0.0127191
0.0124631
0.0123679
0.0124963
0.0126401
0.0126357
0.0125005
0.0124059
0.0125467
0.00952569
0.00977079
0.00998203
0.0101283
0.0105057
0.010961
0.0112011
0.0113073
0.0116583
0.0122399
0.0126882
0.0127395
0.0125452
0.0124136
0.0124597
0.0125617
0.0125814
0.0125018
0.0124318
0.0125495
0.00973742
0.00995697
0.0101595
0.0102824
0.010589
0.011008
0.0112851
0.011413
0.0117041
0.0121926
0.0126235
0.0127468
0.0126166
0.0124743
0.0124609
0.0125169
0.0125376
0.0124973
0.0124603
0.0125701
0.00994327
0.0101407
0.0103218
0.0104279
0.0106808
0.0110578
0.0113557
0.0115115
0.0117659
0.0121751
0.0125755
0.0127489
0.0126829
0.0125473
0.0124942
0.0125105
0.0125163
0.012494
0.0124872
0.0126016
0.0101374
0.0103155
0.0104762
0.0105692
0.0107781
0.0111095
0.0114139
0.0116
0.0118382
0.0121847
0.0125497
0.0127536
0.0127479
0.0126349
0.0125559
0.0125419
0.0125299
0.0125067
0.0125171
0.0126406
0.0103148
0.0104724
0.0106253
0.0107093
0.0108792
0.0111651
0.0114651
0.0116775
0.0119131
0.0122174
0.0125505
0.0127692
0.012814
0.0127387
0.0126498
0.0126117
0.0125875
0.0125544
0.0125645
0.0126909
0.0104864
0.0106312
0.0107531
0.0108242
0.0109757
0.0112272
0.0115154
0.0117467
0.0119854
0.0122635
0.0125764
0.0128045
0.0128873
0.0128584
0.0127808
0.0127259
0.0126944
0.0126552
0.0126538
0.0127673
0.0106382
0.0107712
0.010874
0.0109337
0.011068
0.0112911
0.0115637
0.0118098
0.0120554
0.0123171
0.0126186
0.0128617
0.0129768
0.012994
0.0129475
0.0128885
0.0128536
0.0128245
0.0128243
0.0129204
0.0107707
0.0108952
0.0109867
0.0110305
0.0111434
0.0113501
0.011607
0.0118636
0.0121213
0.0123799
0.0126753
0.0129306
0.0130803
0.0131382
0.0131314
0.013079
0.0130409
0.013034
0.013062
0.0131882
0.0108865
0.0110188
0.0110951
0.0111181
0.0112185
0.0113766
0.0116334
0.0118918
0.0121849
0.0124858
0.0128053
0.0131033
0.0133167
0.0134388
0.0135002
0.0134869
0.0134117
0.0133091
0.0132218
0.0132282
0.0109663
0.0110578
0.0111368
0.0111796
0.0113443
0.0115229
0.0116988
0.0118624
0.0120283
0.0122535
0.0126344
0.0130643
0.0134111
0.0136232
0.0137831
0.013978
0.0142587
0.0146138
0.0149806
0.0152613
0.0111035
0.0112295
0.0112328
0.0112126
0.0112526
0.011468
0.0117695
0.0121286
0.0124537
0.0127415
0.0130187
0.0132748
0.0135193
0.0137541
0.0139742
0.0141932
0.0143765
0.0145696
0.0147603
0.0148808
0.0109622
0.0110465
0.0112469
0.0114171
0.0116199
0.0117602
0.0119863
0.0121605
0.0123575
0.0125761
0.0128531
0.0131207
0.0133827
0.0136571
0.0139426
0.0142713
0.0146591
0.0150559
0.0154209
0.0156713
0.0112306
0.0114051
0.011474
0.011489
0.0116055
0.0118097
0.012018
0.0122643
0.0125617
0.0128848
0.0131975
0.0134898
0.0137222
0.0139071
0.0140143
0.0140135
0.0139283
0.0137614
0.0135625
0.0133998
0.011041
0.0111518
0.0113827
0.0115977
0.0118206
0.0119718
0.0121751
0.0123686
0.0125866
0.0128112
0.0130567
0.0133165
0.0135853
0.013854
0.0141714
0.0145243
0.0149051
0.0152764
0.0155851
0.0157496
0.0112088
0.0113873
0.0115927
0.0117451
0.0119185
0.0120651
0.0122498
0.0124295
0.0126627
0.0129457
0.0132518
0.0135362
0.0138175
0.0140524
0.0142626
0.0144668
0.0146618
0.0148379
0.0149628
0.0149782
0.0318279
0.0252451
0.0170283
0.0111418
0.00963044
0.010594
0.0117431
0.0125444
0.0131303
0.0135331
0.013795
0.014047
0.0142937
0.0144926
0.0146838
0.01487
0.0149879
0.015067
0.0152556
0.0156134
0.0160017
0.0162943
0.0165193
0.0167636
0.0170721
0.0174136
0.0177106
0.0179649
0.0182543
0.0185679
0.0188283
0.0190818
0.0193989
0.0197681
0.0201647
0.0205801
0.0209905
0.0213691
0.0217289
0.0220876
0.0224468
0.022803
0.0231413
0.0234454
0.0237528
0.0241078
0.0244958
0.0248668
0.0252274
0.0256449
0.0260972
0.0265268
0.026958
0.0274648
0.0280029
0.0284924
0.0289014
0.02925
0.0296197
0.0301028
0.0306826
0.0312794
0.0318496
0.0323798
0.0329128
0.0334475
0.0339713
0.0345133
0.0351078
0.0356794
0.0362781
0.0369079
0.0375424
0.0381634
0.0388156
0.0394899
0.0401775
0.0408818
0.0416006
0.042345
0.0430885
0.0438938
0.0446765
0.0454702
0.0462716
0.0471171
0.0479943
0.0488572
0.0497279
0.0505868
0.0514661
0.052412
0.0533307
0.0542938
0.0552371
0.056195
0.0571266
0.0580206
0.058855
0.0595112
0.0310356
0.0250929
0.017112
0.0112915
0.00972065
0.0106366
0.0117697
0.012563
0.013144
0.0135437
0.0138033
0.0140539
0.0142998
0.014498
0.0146887
0.0148745
0.014992
0.0150703
0.0152583
0.0156158
0.0160041
0.0162966
0.0165212
0.0167652
0.0170735
0.017415
0.0177119
0.0179661
0.0182553
0.018569
0.0188293
0.0190827
0.0193998
0.0197689
0.0201656
0.0205809
0.0209913
0.0213699
0.0217297
0.0220884
0.0224475
0.0228038
0.0231421
0.0234461
0.0237534
0.0241084
0.0244964
0.0248674
0.025228
0.0256453
0.0260977
0.0265272
0.0269584
0.0274652
0.0280032
0.0284928
0.0289018
0.0292503
0.02962
0.0301031
0.0306829
0.0312796
0.0318499
0.03238
0.032913
0.0334477
0.0339715
0.0345135
0.035108
0.0356796
0.0362783
0.0369081
0.0375426
0.0381636
0.0388157
0.03949
0.0401776
0.0408819
0.0416007
0.0423452
0.0430886
0.0438939
0.0446767
0.0454703
0.0462717
0.0471173
0.0479944
0.0488573
0.049728
0.0505869
0.0514662
0.0524121
0.0533308
0.0542938
0.0552372
0.0561951
0.0571267
0.0580207
0.0588551
0.0595113
0.0303157
0.0249384
0.0172741
0.0115615
0.00987533
0.0106911
0.0117951
0.0125834
0.0131613
0.0135575
0.0138141
0.0140624
0.0143067
0.0145036
0.0146935
0.0148789
0.0149959
0.0150737
0.0152611
0.0156183
0.0160065
0.0162987
0.0165232
0.0167669
0.0170749
0.0174163
0.0177132
0.0179671
0.0182563
0.01857
0.0188302
0.0190834
0.0194004
0.0197696
0.0201663
0.0205816
0.0209921
0.0213706
0.0217304
0.0220891
0.0224481
0.0228044
0.0231427
0.0234467
0.023754
0.0241089
0.0244969
0.0248679
0.0252284
0.0256458
0.0260981
0.0265276
0.0269587
0.0274655
0.0280036
0.0284932
0.0289022
0.0292507
0.0296202
0.0301033
0.0306831
0.0312799
0.0318501
0.0323803
0.0329133
0.0334479
0.0339717
0.0345137
0.0351082
0.0356798
0.0362785
0.0369082
0.0375428
0.0381638
0.0388159
0.0394902
0.0401778
0.040882
0.0416008
0.0423453
0.0430888
0.0438941
0.0446768
0.0454704
0.0462718
0.0471174
0.0479945
0.0488574
0.0497281
0.050587
0.0514663
0.0524122
0.0533309
0.0542939
0.0552372
0.0561952
0.0571268
0.0580207
0.0588552
0.0595113
0.0296234
0.0247732
0.0174795
0.0119051
0.0100904
0.0107689
0.0118316
0.0126143
0.0131879
0.0135778
0.0138291
0.014074
0.0143161
0.0145114
0.0146999
0.0148844
0.0150011
0.0150787
0.0152655
0.0156218
0.0160093
0.0163014
0.0165258
0.0167694
0.017077
0.017418
0.0177147
0.0179684
0.0182575
0.0185711
0.0188311
0.0190841
0.0194011
0.0197703
0.020167
0.0205824
0.0209928
0.0213713
0.0217311
0.0220897
0.0224488
0.022805
0.0231433
0.0234472
0.0237545
0.0241094
0.0244974
0.0248684
0.0252288
0.0256462
0.0260986
0.0265281
0.0269591
0.0274658
0.028004
0.0284937
0.0289027
0.029251
0.0296204
0.0301035
0.0306834
0.0312802
0.0318504
0.0323805
0.0329135
0.0334482
0.0339719
0.0345139
0.0351084
0.0356799
0.0362786
0.0369084
0.0375429
0.0381639
0.038816
0.0394903
0.0401779
0.0408822
0.041601
0.0423454
0.0430889
0.0438942
0.0446769
0.0454705
0.0462719
0.0471174
0.0479947
0.0488575
0.0497282
0.0505871
0.0514664
0.0524122
0.0533309
0.054294
0.0552373
0.0561953
0.0571269
0.0580208
0.0588553
0.0595114
0.028931
0.0245869
0.0176968
0.0122733
0.0103317
0.0108592
0.0118746
0.0126537
0.0132233
0.0136051
0.0138495
0.0140897
0.0143289
0.0145223
0.0147089
0.0148918
0.0150084
0.0150867
0.0152729
0.015627
0.0160127
0.0163046
0.0165298
0.0167735
0.0170803
0.0174205
0.0177169
0.0179705
0.0182594
0.0185727
0.0188323
0.0190849
0.0194017
0.0197709
0.0201678
0.0205832
0.0209935
0.0213719
0.0217318
0.0220905
0.0224496
0.0228057
0.0231439
0.0234479
0.0237551
0.02411
0.024498
0.0248689
0.0252294
0.0256467
0.0260991
0.0265285
0.0269595
0.0274662
0.0280045
0.0284942
0.0289032
0.0292514
0.0296206
0.0301036
0.0306837
0.0312805
0.0318508
0.0323808
0.0329138
0.0334484
0.0339722
0.034514
0.0351086
0.0356801
0.0362788
0.0369086
0.0375431
0.0381641
0.0388161
0.0394905
0.040178
0.0408823
0.0416011
0.0423455
0.043089
0.0438943
0.0446771
0.0454706
0.046272
0.0471175
0.0479948
0.0488576
0.0497283
0.0505872
0.0514665
0.0524123
0.053331
0.0542941
0.0552374
0.0561953
0.057127
0.058021
0.0588556
0.0595115
0.0282436
0.0243783
0.017907
0.0126452
0.0105857
0.0109555
0.0119184
0.0126963
0.0132641
0.0136371
0.0138733
0.0141079
0.0143438
0.0145357
0.0147205
0.0149014
0.0150181
0.015098
0.0152838
0.0156344
0.0160168
0.0163083
0.0165351
0.0167794
0.0170851
0.0174239
0.0177199
0.0179738
0.0182624
0.018575
0.018834
0.0190861
0.0194025
0.0197716
0.0201686
0.020584
0.0209941
0.0213724
0.0217324
0.0220915
0.0224505
0.0228064
0.0231446
0.0234486
0.0237559
0.0241107
0.0244986
0.0248695
0.02523
0.0256473
0.0260996
0.026529
0.02696
0.0274667
0.028005
0.0284947
0.0289038
0.0292518
0.0296207
0.0301038
0.030684
0.0312809
0.0318511
0.0323812
0.0329141
0.0334487
0.0339724
0.0345143
0.0351088
0.0356804
0.036279
0.0369088
0.0375433
0.0381642
0.0388163
0.0394906
0.0401782
0.0408825
0.0416012
0.0423457
0.0430891
0.0438944
0.0446772
0.0454707
0.0462721
0.0471177
0.0479949
0.0488578
0.0497285
0.0505873
0.0514666
0.0524124
0.0533311
0.0542942
0.0552375
0.0561955
0.0571272
0.0580212
0.0588559
0.0595117
0.0275715
0.0241469
0.0181001
0.0130142
0.0108514
0.0110589
0.0119627
0.0127402
0.0133083
0.0136726
0.0138995
0.0141275
0.0143598
0.0145504
0.0147336
0.0149127
0.0150301
0.0151125
0.015298
0.015644
0.0160217
0.0163126
0.0165415
0.0167871
0.0170914
0.0174282
0.0177238
0.0179782
0.0182666
0.0185785
0.0188367
0.019088
0.0194036
0.0197724
0.0201695
0.0205848
0.0209945
0.0213725
0.0217328
0.0220924
0.0224516
0.0228072
0.0231452
0.0234495
0.0237569
0.0241116
0.0244992
0.0248702
0.0252307
0.025648
0.0261002
0.0265296
0.0269605
0.0274673
0.0280056
0.0284954
0.0289045
0.0292522
0.029621
0.030104
0.0306845
0.0312814
0.0318516
0.0323816
0.0329145
0.0334491
0.0339728
0.0345146
0.0351091
0.0356806
0.0362792
0.036909
0.0375435
0.0381644
0.0388165
0.0394908
0.0401783
0.0408826
0.0416014
0.0423458
0.0430892
0.0438946
0.0446774
0.0454709
0.0462723
0.0471178
0.0479951
0.0488579
0.0497286
0.0505874
0.0514667
0.0524126
0.0533313
0.0542943
0.0552377
0.0561956
0.0571274
0.0580214
0.0588564
0.0595119
0.0269206
0.0238921
0.018271
0.0133789
0.0111307
0.0111723
0.012008
0.0127846
0.0133553
0.0137112
0.0139277
0.0141482
0.0143766
0.0145659
0.0147476
0.0149251
0.0150436
0.0151291
0.0153146
0.0156553
0.0160274
0.0163173
0.0165488
0.0167958
0.0170986
0.017433
0.0177282
0.0179834
0.0182719
0.0185829
0.0188405
0.0190909
0.0194055
0.0197737
0.0201707
0.0205857
0.0209947
0.0213722
0.0217329
0.0220933
0.0224527
0.022808
0.0231458
0.0234505
0.0237583
0.0241127
0.0245
0.024871
0.0252317
0.0256488
0.0261007
0.0265301
0.0269612
0.0274679
0.0280062
0.0284962
0.0289054
0.0292528
0.0296212
0.0301043
0.0306849
0.0312819
0.0318521
0.0323821
0.032915
0.0334495
0.0339732
0.0345149
0.0351095
0.035681
0.0362795
0.0369093
0.0375438
0.0381646
0.0388167
0.039491
0.0401785
0.0408828
0.0416015
0.042346
0.0430894
0.0438948
0.0446775
0.045471
0.0462724
0.0471179
0.0479952
0.0488581
0.0497287
0.0505875
0.0514668
0.0524127
0.0533314
0.0542944
0.0552379
0.0561957
0.0571277
0.0580218
0.0588571
0.0595121
0.0262939
0.0236175
0.0184194
0.0137385
0.0114235
0.0112968
0.0120544
0.0128283
0.0134042
0.0137526
0.013958
0.0141701
0.0143942
0.014582
0.0147623
0.0149381
0.0150578
0.0151469
0.0153326
0.0156678
0.0160339
0.0163226
0.0165566
0.0168053
0.0171064
0.0174383
0.017733
0.0179892
0.0182777
0.0185881
0.0188452
0.019095
0.0194082
0.0197755
0.0201723
0.0205869
0.0209948
0.0213716
0.0217326
0.0220939
0.0224537
0.0228085
0.0231462
0.0234517
0.0237601
0.0241142
0.0245009
0.024872
0.0252331
0.0256499
0.0261013
0.0265307
0.0269618
0.0274684
0.0280067
0.0284969
0.0289064
0.0292536
0.0296216
0.0301047
0.0306854
0.0312825
0.0318526
0.0323826
0.0329155
0.03345
0.0339737
0.0345154
0.0351099
0.0356814
0.0362799
0.0369097
0.0375441
0.038165
0.0388169
0.0394913
0.0401788
0.040883
0.0416017
0.0423462
0.0430895
0.0438949
0.0446777
0.0454712
0.0462725
0.047118
0.0479954
0.0488582
0.0497289
0.0505877
0.0514669
0.0524128
0.0533315
0.0542946
0.0552381
0.0561958
0.057128
0.0580224
0.0588579
0.0595125
0.0256935
0.0233289
0.0185456
0.0140895
0.0117266
0.0114325
0.0121022
0.0128706
0.0134543
0.0137966
0.0139904
0.0141933
0.0144127
0.014599
0.0147777
0.0149516
0.0150724
0.0151653
0.0153515
0.0156813
0.0160412
0.0163283
0.0165649
0.0168153
0.0171147
0.0174439
0.0177381
0.0179952
0.0182837
0.0185934
0.0188505
0.0190999
0.0194119
0.019778
0.0201744
0.0205884
0.0209951
0.0213709
0.021732
0.0220941
0.0224544
0.0228088
0.0231465
0.0234529
0.0237622
0.0241161
0.0245021
0.0248733
0.0252349
0.0256514
0.0261021
0.0265313
0.0269626
0.0274688
0.0280068
0.0284975
0.0289074
0.0292546
0.0296223
0.0301052
0.0306861
0.031283
0.031853
0.0323832
0.0329161
0.0334506
0.0339743
0.034516
0.0351104
0.0356819
0.0362805
0.0369102
0.0375445
0.0381654
0.0388173
0.0394916
0.040179
0.0408832
0.0416019
0.0423464
0.0430897
0.0438951
0.0446779
0.0454713
0.0462727
0.0471181
0.0479956
0.0488584
0.049729
0.0505878
0.051467
0.052413
0.0533317
0.0542947
0.0552383
0.056196
0.0571284
0.0580231
0.0588588
0.0595129
0.0251216
0.0230315
0.0186476
0.0144268
0.0120372
0.0115806
0.0121525
0.0129108
0.0135043
0.0138427
0.0140248
0.0142179
0.0144322
0.014617
0.0147939
0.0149656
0.0150873
0.0151841
0.0153713
0.0156958
0.0160491
0.0163346
0.0165736
0.0168257
0.0171234
0.0174498
0.0177434
0.0180015
0.0182899
0.0185989
0.018856
0.0191053
0.0194162
0.0197811
0.020177
0.0205902
0.0209956
0.0213701
0.0217312
0.0220941
0.0224547
0.0228087
0.0231464
0.023454
0.0237645
0.0241182
0.0245034
0.0248749
0.025237
0.0256533
0.0261033
0.0265323
0.0269635
0.027469
0.0280065
0.0284976
0.0289083
0.0292556
0.0296231
0.0301061
0.030687
0.0312836
0.0318534
0.0323837
0.0329167
0.0334512
0.033975
0.0345167
0.0351111
0.0356826
0.0362812
0.0369108
0.0375451
0.0381659
0.0388178
0.0394921
0.0401794
0.0408836
0.0416022
0.0423466
0.0430899
0.0438953
0.0446781
0.0454715
0.0462728
0.0471183
0.0479958
0.0488586
0.0497292
0.050588
0.0514672
0.0524132
0.0533318
0.0542949
0.0552386
0.0561962
0.0571288
0.058024
0.0588601
0.0595135
0.0245777
0.0227281
0.0187234
0.014747
0.0123535
0.0117425
0.0122066
0.0129484
0.0135534
0.0138905
0.0140614
0.014244
0.0144528
0.014636
0.0148111
0.0149801
0.0151025
0.0152035
0.0153919
0.0157112
0.0160579
0.0163413
0.0165826
0.0168365
0.0171325
0.017456
0.0177489
0.0180079
0.0182962
0.0186044
0.0188616
0.0191111
0.019421
0.0197848
0.0201799
0.0205923
0.0209962
0.0213695
0.0217303
0.0220939
0.0224548
0.0228083
0.023146
0.023455
0.0237669
0.0241204
0.0245049
0.0248766
0.0252395
0.0256555
0.0261047
0.0265337
0.0269647
0.0274692
0.0280058
0.0284971
0.0289086
0.0292563
0.0296241
0.0301074
0.0306883
0.0312845
0.0318537
0.032384
0.0329171
0.0334517
0.0339757
0.0345174
0.0351117
0.0356833
0.036282
0.0369115
0.0375458
0.0381667
0.0388185
0.0394927
0.04018
0.040884
0.0416026
0.0423469
0.0430902
0.0438956
0.0446783
0.0454716
0.046273
0.0471184
0.047996
0.0488588
0.0497294
0.0505881
0.0514673
0.0524133
0.053332
0.054295
0.0552389
0.0561963
0.0571293
0.0580251
0.0588615
0.0595142
0.0240588
0.0224209
0.0187738
0.0150482
0.0126733
0.0119188
0.0122661
0.0129838
0.0136009
0.0139399
0.0141003
0.0142719
0.0144747
0.0146561
0.0148292
0.0149953
0.0151182
0.0152235
0.0154135
0.0157277
0.0160674
0.0163486
0.0165922
0.0168478
0.017142
0.0174625
0.0177547
0.0180146
0.0183027
0.01861
0.0188673
0.0191172
0.0194263
0.0197889
0.0201832
0.0205945
0.020997
0.021369
0.0217295
0.0220935
0.0224547
0.0228077
0.0231454
0.0234558
0.0237692
0.0241227
0.0245065
0.0248785
0.0252422
0.025658
0.0261065
0.0265354
0.0269663
0.0274694
0.0280047
0.0284959
0.0289081
0.0292564
0.0296247
0.0301089
0.0306902
0.0312858
0.0318542
0.0323842
0.0329173
0.033452
0.0339763
0.0345181
0.0351124
0.0356842
0.0362829
0.0369123
0.0375465
0.0381675
0.0388194
0.0394935
0.0401807
0.0408846
0.041603
0.0423473
0.0430906
0.0438959
0.0446786
0.0454718
0.0462731
0.0471185
0.0479962
0.0488591
0.0497296
0.0505883
0.0514675
0.0524135
0.0533322
0.0542952
0.0552393
0.0561965
0.0571299
0.0580265
0.0588632
0.059515
0.0235614
0.0221131
0.018801
0.0153282
0.0129935
0.0121102
0.0123334
0.0130178
0.0136465
0.0139904
0.0141416
0.0143017
0.0144979
0.0146773
0.0148483
0.0150113
0.0151346
0.0152443
0.0154361
0.0157452
0.0160778
0.0163565
0.0166023
0.0168596
0.017152
0.0174694
0.0177607
0.0180215
0.0183094
0.0186157
0.0188731
0.0191235
0.0194321
0.0197936
0.0201869
0.020597
0.0209978
0.0213685
0.0217287
0.0220932
0.0224545
0.0228069
0.0231446
0.0234566
0.0237717
0.0241252
0.0245081
0.0248804
0.0252451
0.0256607
0.0261084
0.0265373
0.0269682
0.0274698
0.0280034
0.028494
0.028907
0.0292558
0.0296249
0.0301103
0.0306925
0.0312876
0.0318548
0.0323844
0.0329173
0.033452
0.0339767
0.0345188
0.0351131
0.035685
0.0362839
0.0369131
0.0375473
0.0381685
0.0388205
0.0394946
0.0401816
0.0408854
0.0416037
0.0423478
0.043091
0.0438963
0.044679
0.0454721
0.0462733
0.0471185
0.0479963
0.0488593
0.0497298
0.0505885
0.0514677
0.0524136
0.0533324
0.0542953
0.0552397
0.0561966
0.0571306
0.0580281
0.0588652
0.0595159
0.0230834
0.0218082
0.0188072
0.0155839
0.0133107
0.0123175
0.0124117
0.0130518
0.0136895
0.0140412
0.0141852
0.0143336
0.0145226
0.0146996
0.0148684
0.0150282
0.0151517
0.0152661
0.0154599
0.015764
0.0160892
0.0163652
0.0166129
0.0168719
0.0171624
0.0174765
0.0177669
0.0180287
0.0183164
0.0186215
0.0188791
0.0191303
0.0194386
0.019799
0.020191
0.0205997
0.0209988
0.0213681
0.021728
0.0220929
0.0224543
0.022806
0.0231437
0.0234573
0.0237741
0.0241277
0.0245097
0.0248824
0.025248
0.0256635
0.0261104
0.0265394
0.0269703
0.0274703
0.0280018
0.0284914
0.0289051
0.0292544
0.0296245
0.0301114
0.0306948
0.0312897
0.0318557
0.0323845
0.0329171
0.0334518
0.033977
0.0345193
0.0351136
0.0356859
0.0362849
0.0369139
0.037548
0.0381694
0.0388217
0.0394958
0.0401827
0.0408864
0.0416045
0.0423485
0.0430915
0.0438968
0.0446794
0.0454725
0.0462735
0.0471186
0.0479964
0.0488595
0.0497301
0.0505888
0.0514679
0.0524137
0.0533325
0.0542953
0.0552402
0.0561968
0.0571313
0.05803
0.0588673
0.059517
0.0226232
0.021508
0.0187942
0.0158139
0.0136225
0.012541
0.0125033
0.0130874
0.0137295
0.0140914
0.0142309
0.0143681
0.0145491
0.0147231
0.0148895
0.0150459
0.0151698
0.015289
0.0154852
0.0157841
0.0161016
0.0163746
0.0166241
0.0168848
0.0171734
0.017484
0.0177734
0.0180361
0.0183236
0.0186275
0.0188854
0.0191376
0.0194459
0.0198052
0.0201957
0.0206025
0.0209997
0.0213678
0.0217275
0.0220928
0.0224541
0.022805
0.0231427
0.0234581
0.0237767
0.0241303
0.0245114
0.0248843
0.0252511
0.0256664
0.0261125
0.0265416
0.0269725
0.027471
0.0279999
0.0284884
0.0288994
0.0292527
0.0296236
0.030112
0.030697
0.031292
0.0318567
0.0323846
0.0329168
0.0334514
0.0339772
0.0345197
0.0351141
0.0356867
0.036286
0.0369147
0.0375486
0.0381703
0.0388229
0.0394972
0.040184
0.0408875
0.0416054
0.0423493
0.0430921
0.0438973
0.04468
0.0454731
0.0462739
0.0471186
0.0479964
0.0488596
0.0497303
0.0505891
0.0514683
0.0524139
0.0533327
0.0542953
0.0552406
0.0561969
0.0571321
0.0580321
0.0588697
0.0595182
0.0221789
0.0212127
0.0187648
0.0160186
0.013926
0.0127789
0.0126101
0.0131265
0.0137669
0.0141404
0.0142782
0.014405
0.0145776
0.014748
0.0149116
0.0150647
0.0151889
0.0153133
0.0155119
0.0158056
0.016115
0.0163846
0.016636
0.0168983
0.0171849
0.017492
0.0177802
0.0180439
0.0183311
0.0186338
0.018892
0.0191458
0.0194542
0.0198122
0.0202008
0.0206056
0.0210008
0.0213675
0.021727
0.0220928
0.022454
0.0228041
0.0231417
0.0234588
0.0237793
0.024133
0.0245132
0.0248864
0.0252542
0.0256694
0.0261146
0.0265438
0.0269749
0.0274717
0.0279979
0.0284849
0.0288965
0.0292508
0.0296228
0.0301125
0.0306988
0.0312941
0.0318576
0.0323846
0.0329164
0.033451
0.0339773
0.0345202
0.0351147
0.0356876
0.0362872
0.0369156
0.0375493
0.0381711
0.038824
0.0394986
0.0401855
0.0408887
0.0416065
0.0423503
0.0430929
0.0438978
0.0446805
0.0454737
0.0462744
0.0471187
0.0479963
0.0488596
0.0497305
0.0505895
0.0514687
0.052414
0.0533328
0.0542953
0.0552411
0.056197
0.0571329
0.0580345
0.0588722
0.0595194
0.0217491
0.0209227
0.0187227
0.0161992
0.0142175
0.0130278
0.0127338
0.0131719
0.0138024
0.0141873
0.0143263
0.0144442
0.0146083
0.0147746
0.014935
0.0150844
0.0152092
0.015339
0.0155403
0.0158285
0.0161295
0.0163954
0.0166485
0.0169125
0.017197
0.0175003
0.0177873
0.018052
0.0183389
0.0186403
0.0188991
0.0191547
0.0194635
0.01982
0.0202065
0.020609
0.0210018
0.0213672
0.0217266
0.0220929
0.022454
0.0228032
0.0231407
0.0234596
0.0237821
0.0241359
0.0245151
0.0248885
0.0252574
0.0256725
0.0261168
0.0265461
0.0269774
0.0274726
0.0279957
0.0284811
0.0288934
0.029249
0.0296226
0.0301131
0.0307003
0.0312958
0.0318584
0.0323844
0.0329158
0.0334506
0.0339775
0.0345208
0.0351153
0.0356885
0.0362884
0.0369166
0.0375499
0.0381718
0.0388251
0.0395
0.040187
0.0408901
0.0416077
0.0423514
0.0430937
0.0438983
0.0446811
0.0454745
0.0462751
0.0471188
0.0479961
0.0488594
0.0497306
0.0505899
0.0514692
0.0524143
0.053333
0.0542952
0.0552415
0.0561971
0.0571337
0.058037
0.0588749
0.0595207
0.0213333
0.0206383
0.0186708
0.0163568
0.0144936
0.0132837
0.0128754
0.0132265
0.0138371
0.0142314
0.0143741
0.0144854
0.0146416
0.0148033
0.0149598
0.0151053
0.0152306
0.0153661
0.0155703
0.0158529
0.0161449
0.0164068
0.0166617
0.0169274
0.0172097
0.017509
0.0177947
0.0180604
0.0183471
0.0186472
0.0189067
0.0191643
0.0194735
0.0198285
0.0202127
0.0206126
0.021003
0.0213669
0.0217262
0.0220931
0.0224541
0.0228023
0.0231397
0.0234603
0.023785
0.0241389
0.0245171
0.0248907
0.0252608
0.0256757
0.026119
0.0265485
0.02698
0.0274735
0.0279935
0.0284771
0.0288904
0.029248
0.0296236
0.0301144
0.0307016
0.031297
0.0318589
0.0323841
0.0329153
0.0334503
0.0339779
0.0345215
0.035116
0.0356895
0.0362897
0.0369175
0.0375507
0.0381726
0.0388262
0.0395014
0.0401885
0.0408914
0.041609
0.0423526
0.0430947
0.0438988
0.0446816
0.0454752
0.0462759
0.0471191
0.0479959
0.0488591
0.0497305
0.0505903
0.0514698
0.0524146
0.0533333
0.0542951
0.0552419
0.0561972
0.0571346
0.0580398
0.0588778
0.059522
0.0209317
0.0203588
0.0186107
0.0164932
0.0147516
0.0135423
0.0130349
0.0132928
0.0138727
0.0142723
0.0144204
0.0145279
0.0146774
0.0148345
0.0149864
0.0151273
0.015253
0.0153944
0.0156017
0.0158786
0.0161613
0.016419
0.0166755
0.016943
0.017223
0.0175182
0.0178025
0.0180693
0.0183558
0.0186544
0.0189147
0.0191747
0.0194843
0.0198375
0.0202192
0.0206165
0.0210044
0.0213666
0.0217258
0.0220934
0.0224544
0.0228015
0.0231387
0.0234611
0.023788
0.024142
0.0245192
0.024893
0.0252643
0.025679
0.0261213
0.0265509
0.0269827
0.0274746
0.0279913
0.028473
0.0288874
0.029248
0.029626
0.0301168
0.0307032
0.0312977
0.0318591
0.0323837
0.0329148
0.0334501
0.0339785
0.0345225
0.0351169
0.0356907
0.036291
0.0369185
0.0375514
0.0381736
0.0388273
0.0395028
0.0401901
0.0408929
0.0416103
0.0423538
0.0430957
0.0438993
0.0446821
0.045476
0.0462768
0.0471195
0.0479957
0.0488587
0.0497305
0.0505907
0.0514705
0.052415
0.0533335
0.054295
0.0552423
0.0561972
0.0571355
0.0580427
0.0588809
0.0595235
0.0205449
0.0200827
0.0185428
0.0166114
0.0149902
0.013799
0.0132108
0.0133727
0.0139113
0.0143102
0.0144644
0.014571
0.0147157
0.0148684
0.0150152
0.0151506
0.0152762
0.0154238
0.0156344
0.0159056
0.0161787
0.0164318
0.01669
0.0169594
0.017237
0.0175278
0.0178107
0.0180786
0.0183648
0.0186621
0.0189233
0.0191856
0.0194956
0.0198469
0.020226
0.0206207
0.0210059
0.0213664
0.0217255
0.0220939
0.0224548
0.0228008
0.0231376
0.0234619
0.0237911
0.0241453
0.0245214
0.0248954
0.025268
0.0256826
0.0261237
0.0265533
0.0269855
0.0274758
0.0279892
0.028469
0.0288847
0.029249
0.0296301
0.0301205
0.0307051
0.0312981
0.0318589
0.0323832
0.0329143
0.0334501
0.0339793
0.0345237
0.035118
0.0356919
0.0362925
0.0369196
0.0375523
0.0381746
0.0388286
0.0395041
0.0401916
0.0408943
0.0416116
0.0423551
0.0430969
0.0438998
0.0446825
0.0454768
0.0462778
0.04712
0.0479956
0.0488582
0.0497303
0.050591
0.0514712
0.0524154
0.0533338
0.0542949
0.0552427
0.0561973
0.0571365
0.0580458
0.0588841
0.0595251
0.0201749
0.0198094
0.0184663
0.0167139
0.0152094
0.0140495
0.0134004
0.0134683
0.0139554
0.0143461
0.0145053
0.0146135
0.0147563
0.0149055
0.0150463
0.0151753
0.0153003
0.015454
0.0156684
0.0159339
0.016197
0.0164454
0.0167053
0.0169766
0.0172516
0.0175379
0.0178192
0.0180884
0.0183744
0.0186701
0.0189322
0.0191969
0.0195072
0.0198565
0.0202332
0.0206252
0.0210076
0.0213663
0.0217252
0.0220944
0.0224553
0.0228002
0.0231366
0.0234628
0.0237944
0.0241489
0.0245238
0.0248979
0.0252718
0.0256862
0.0261261
0.0265557
0.0269883
0.0274771
0.0279873
0.0284651
0.0288823
0.0292508
0.0296356
0.0301256
0.0307074
0.0312982
0.0318585
0.0323826
0.032914
0.0334503
0.0339802
0.0345251
0.0351192
0.0356934
0.036294
0.0369207
0.0375532
0.0381758
0.03883
0.0395056
0.0401931
0.0408958
0.0416131
0.0423565
0.0430981
0.0439004
0.044683
0.0454775
0.0462789
0.0471207
0.0479955
0.0488576
0.0497301
0.0505913
0.0514719
0.0524159
0.0533342
0.0542948
0.0552432
0.0561975
0.0571375
0.0580489
0.0588876
0.0595268
0.0198237
0.0195411
0.0183797
0.0168018
0.0154105
0.0142905
0.0135999
0.0135807
0.0140078
0.0143811
0.0145426
0.0146544
0.0147985
0.0149456
0.0150802
0.0152016
0.0153252
0.015485
0.0157034
0.0159632
0.0162162
0.0164597
0.0167214
0.0169946
0.017267
0.0175485
0.0178282
0.0180988
0.0183845
0.0186786
0.0189416
0.0192086
0.0195191
0.0198663
0.0202406
0.02063
0.0210096
0.0213663
0.0217249
0.022095
0.0224561
0.0227996
0.0231355
0.0234637
0.0237979
0.0241526
0.0245263
0.0249005
0.0252758
0.02569
0.0261287
0.0265581
0.0269912
0.0274785
0.0279854
0.0284613
0.0288802
0.0292535
0.0296423
0.0301319
0.0307102
0.0312983
0.0318579
0.032382
0.0329137
0.0334506
0.0339814
0.0345268
0.0351205
0.0356949
0.0362957
0.0369218
0.0375542
0.0381772
0.0388316
0.0395071
0.0401947
0.0408974
0.0416145
0.042358
0.0430995
0.0439011
0.0446834
0.0454783
0.0462801
0.0471214
0.0479954
0.0488571
0.04973
0.0505916
0.0514727
0.0524164
0.0533345
0.0542948
0.0552436
0.0561977
0.0571385
0.0580523
0.0588913
0.0595286
0.0194909
0.0192835
0.0182823
0.0168735
0.015596
0.0145203
0.0138045
0.0137098
0.014071
0.0144171
0.0145765
0.0146928
0.0148412
0.0149887
0.015117
0.0152298
0.015351
0.0155168
0.0157394
0.0159936
0.0162362
0.0164748
0.0167383
0.0170135
0.0172831
0.0175595
0.0178376
0.0181096
0.0183951
0.0186875
0.0189513
0.0192206
0.0195312
0.0198764
0.0202482
0.0206351
0.0210118
0.0213664
0.0217247
0.0220958
0.0224569
0.0227991
0.0231345
0.0234647
0.0238015
0.0241566
0.024529
0.0249033
0.0252801
0.025694
0.0261313
0.0265606
0.0269942
0.02748
0.0279836
0.0284575
0.0288782
0.0292566
0.0296499
0.0301389
0.0307133
0.0312983
0.0318571
0.0323814
0.0329135
0.0334509
0.0339826
0.0345285
0.035122
0.0356965
0.0362975
0.036923
0.0375552
0.0381787
0.0388334
0.0395087
0.0401964
0.040899
0.0416161
0.0423595
0.0431009
0.043902
0.0446838
0.0454791
0.0462813
0.0471222
0.0479955
0.0488567
0.0497299
0.050592
0.0514735
0.0524169
0.0533349
0.0542947
0.0552441
0.056198
0.0571397
0.0580557
0.0588952
0.0595306
0.0191711
0.0190426
0.0181775
0.0169258
0.0157677
0.0147393
0.014009
0.0138541
0.0141475
0.0144562
0.0146075
0.0147281
0.0148835
0.0150343
0.0151571
0.0152601
0.015378
0.0155493
0.0157763
0.0160249
0.0162571
0.0164905
0.016756
0.0170333
0.0173
0.0175711
0.0178475
0.018121
0.0184064
0.018697
0.0189614
0.0192329
0.0195435
0.0198865
0.0202561
0.0206406
0.0210143
0.0213665
0.0217245
0.0220967
0.022458
0.0227987
0.0231334
0.0234657
0.0238054
0.0241607
0.0245319
0.0249062
0.0252844
0.0256982
0.026134
0.0265631
0.0269972
0.0274815
0.0279819
0.0284538
0.0288764
0.0292601
0.0296579
0.0301464
0.0307167
0.0312984
0.0318563
0.0323808
0.0329134
0.0334514
0.0339839
0.0345304
0.0351235
0.0356981
0.0362993
0.0369243
0.0375564
0.0381803
0.0388353
0.0395104
0.0401981
0.0409007
0.0416177
0.0423612
0.0431025
0.0439029
0.0446843
0.04548
0.0462825
0.047123
0.0479955
0.0488562
0.0497298
0.0505924
0.0514743
0.0524174
0.0533353
0.0542947
0.0552446
0.0561983
0.0571409
0.0580594
0.0588993
0.0595327
0.0188543
0.0188209
0.0180742
0.0169565
0.0159245
0.014949
0.0142094
0.0140103
0.0142396
0.0145009
0.0146362
0.0147598
0.0149245
0.0150818
0.0152004
0.0152927
0.0154061
0.0155826
0.0158141
0.0160572
0.0162787
0.0165069
0.0167747
0.0170542
0.0173177
0.0175833
0.0178578
0.0181331
0.0184184
0.018707
0.0189719
0.0192454
0.0195559
0.0198969
0.0202643
0.0206464
0.021017
0.0213668
0.0217245
0.0220977
0.0224593
0.0227985
0.0231324
0.0234669
0.0238094
0.0241651
0.0245348
0.0249093
0.025289
0.0257026
0.0261368
0.0265657
0.0270003
0.0274831
0.0279802
0.0284501
0.0288747
0.0292638
0.0296661
0.0301542
0.0307202
0.0312985
0.0318554
0.0323801
0.0329133
0.0334518
0.0339853
0.0345324
0.0351251
0.0356998
0.0363012
0.0369256
0.0375576
0.0381821
0.0388372
0.0395122
0.0401999
0.0409025
0.0416193
0.0423628
0.0431042
0.0439039
0.0446848
0.0454809
0.0462839
0.0471239
0.0479956
0.0488559
0.0497297
0.0505928
0.0514752
0.0524179
0.0533357
0.0542946
0.0552451
0.0561988
0.0571422
0.0580632
0.0589035
0.059535
0.0185296
0.0186124
0.0179836
0.0169679
0.0160612
0.0151518
0.0144044
0.0141734
0.0143482
0.0145542
0.0146636
0.0147879
0.0149637
0.0151302
0.0152466
0.0153279
0.0154357
0.015617
0.0158531
0.0160905
0.016301
0.016524
0.0167941
0.0170761
0.0173363
0.0175961
0.0178686
0.0181457
0.018431
0.0187176
0.0189827
0.0192583
0.0195686
0.0199074
0.0202728
0.0206526
0.0210201
0.0213673
0.0217245
0.0220989
0.0224607
0.0227984
0.0231314
0.023468
0.0238136
0.0241697
0.0245379
0.0249124
0.0252937
0.0257071
0.0261397
0.0265682
0.0270035
0.0274848
0.0279785
0.0284465
0.0288731
0.0292676
0.0296744
0.0301621
0.0307238
0.0312987
0.0318546
0.0323796
0.0329133
0.0334523
0.0339867
0.0345344
0.0351267
0.0357016
0.0363032
0.036927
0.0375589
0.0381839
0.0388393
0.0395141
0.0402017
0.0409044
0.0416211
0.0423646
0.0431059
0.043905
0.0446854
0.0454818
0.0462852
0.0471249
0.0479957
0.0488556
0.0497297
0.0505933
0.0514761
0.0524184
0.0533362
0.0542946
0.0552457
0.0561993
0.0571437
0.0580672
0.0589081
0.0595374
0.0181924
0.0184036
0.017913
0.0169684
0.0161712
0.0153486
0.0145965
0.0143369
0.0144721
0.0146198
0.0146914
0.0148124
0.0150007
0.0151788
0.015295
0.0153657
0.0154668
0.0156525
0.0158933
0.016125
0.016324
0.0165417
0.0168144
0.0170991
0.017356
0.0176095
0.0178799
0.0181589
0.0184443
0.0187287
0.0189941
0.0192715
0.0195815
0.0199182
0.0202816
0.0206592
0.0210234
0.0213679
0.0217246
0.0221002
0.0224625
0.0227984
0.0231304
0.0234693
0.023818
0.0241745
0.0245411
0.0249155
0.0252986
0.0257119
0.0261426
0.0265709
0.0270067
0.0274865
0.027977
0.028443
0.0288717
0.0292714
0.0296827
0.0301699
0.0307275
0.031299
0.0318537
0.032379
0.0329132
0.0334528
0.0339882
0.0345364
0.0351284
0.0357034
0.0363053
0.0369285
0.0375602
0.0381858
0.0388415
0.039516
0.0402036
0.0409063
0.0416229
0.0423664
0.0431077
0.0439062
0.0446861
0.0454828
0.0462866
0.0471258
0.0479958
0.0488553
0.0497297
0.0505938
0.051477
0.0524189
0.0533367
0.0542946
0.0552463
0.0562
0.0571452
0.0580714
0.0589128
0.05954
0.0178497
0.0181787
0.0178592
0.0169715
0.0162512
0.0155349
0.0147903
0.0144969
0.0146068
0.0147016
0.0147221
0.0148329
0.0150353
0.0152273
0.0153451
0.0154057
0.0154997
0.0156894
0.015935
0.0161609
0.0163478
0.0165598
0.0168355
0.0171232
0.0173767
0.0176236
0.0178917
0.0181729
0.0184584
0.0187404
0.0190058
0.019285
0.0195946
0.0199291
0.0202908
0.0206662
0.021027
0.0213686
0.0217248
0.0221018
0.0224645
0.0227986
0.0231294
0.0234706
0.0238226
0.0241795
0.0245444
0.0249187
0.0253036
0.0257168
0.0261457
0.0265735
0.0270099
0.0274883
0.0279754
0.0284397
0.0288704
0.0292753
0.0296908
0.0301777
0.0307312
0.0312993
0.0318529
0.0323785
0.0329133
0.0334534
0.0339896
0.0345385
0.0351301
0.0357053
0.0363075
0.03693
0.0375616
0.0381877
0.0388437
0.039518
0.0402057
0.0409083
0.0416247
0.0423683
0.0431096
0.0439074
0.0446868
0.0454839
0.046288
0.0471268
0.047996
0.0488551
0.0497297
0.0505944
0.051478
0.0524194
0.0533372
0.0542946
0.0552468
0.0562007
0.0571468
0.0580758
0.0589179
0.0595428
0.0175178
0.0179284
0.0178087
0.0169916
0.0163056
0.0157001
0.0149887
0.0146541
0.0147456
0.0148009
0.01476
0.0148491
0.0150669
0.0152757
0.0153963
0.0154475
0.0155342
0.0157276
0.0159783
0.0161983
0.0163727
0.0165784
0.0168572
0.0171484
0.0173985
0.0176385
0.017904
0.0181874
0.0184733
0.0187528
0.019018
0.0192989
0.019608
0.0199403
0.0203002
0.0206736
0.021031
0.0213695
0.0217251
0.0221036
0.0224667
0.022799
0.0231285
0.0234719
0.0238273
0.0241847
0.0245478
0.024922
0.0253088
0.0257219
0.0261489
0.0265762
0.0270133
0.0274902
0.0279739
0.0284364
0.0288692
0.0292792
0.0296989
0.0301854
0.030735
0.0312998
0.0318522
0.032378
0.0329133
0.0334539
0.0339912
0.0345407
0.0351318
0.0357072
0.0363097
0.0369317
0.0375631
0.0381898
0.038846
0.0395201
0.0402077
0.0409103
0.0416267
0.0423702
0.0431116
0.0439088
0.0446876
0.045485
0.0462895
0.0471278
0.0479961
0.0488549
0.0497298
0.0505949
0.051479
0.0524199
0.0533377
0.0542946
0.0552475
0.0562016
0.0571484
0.0580804
0.0589232
0.0595458
0.0172099
0.0176579
0.0177444
0.0170354
0.0163478
0.0158332
0.0151894
0.0148152
0.0148815
0.014915
0.0148108
0.0148621
0.0150944
0.0153244
0.0154484
0.0154904
0.0155697
0.0157673
0.0160235
0.0162376
0.0163988
0.0165974
0.0168794
0.0171747
0.0174215
0.0176542
0.0179168
0.0182026
0.018489
0.0187658
0.0190306
0.0193131
0.0196217
0.0199518
0.0203099
0.0206814
0.0210353
0.0213706
0.0217256
0.0221056
0.0224693
0.0227996
0.0231277
0.0234733
0.0238322
0.0241901
0.0245512
0.0249253
0.0253141
0.0257273
0.0261522
0.0265789
0.0270167
0.0274921
0.0279725
0.0284333
0.0288682
0.0292831
0.0297068
0.030193
0.0307389
0.0313003
0.0318515
0.0323776
0.0329134
0.0334545
0.0339927
0.0345429
0.0351336
0.0357092
0.036312
0.0369334
0.0375647
0.0381919
0.0388484
0.0395223
0.0402099
0.0409125
0.0416287
0.0423722
0.0431137
0.0439101
0.0446884
0.0454862
0.0462909
0.0471289
0.0479963
0.0488547
0.0497298
0.0505955
0.0514801
0.0524204
0.0533383
0.0542947
0.0552481
0.0562026
0.0571502
0.0580851
0.0589289
0.059549
0.0169304
0.0173827
0.0176518
0.0170944
0.0163963
0.0159315
0.0153814
0.0149869
0.0150125
0.0150372
0.0148791
0.014876
0.0151157
0.015373
0.015502
0.0155336
0.0156057
0.0158082
0.016071
0.016279
0.0164262
0.0166172
0.0169019
0.0172019
0.0174459
0.0176709
0.0179302
0.0182185
0.0185056
0.0187796
0.0190437
0.0193277
0.0196357
0.0199635
0.02032
0.0206896
0.02104
0.021372
0.0217263
0.0221078
0.0224721
0.0228004
0.0231269
0.0234747
0.0238373
0.0241957
0.0245548
0.0249287
0.0253196
0.0257328
0.0261556
0.0265817
0.0270202
0.0274942
0.0279712
0.0284304
0.0288674
0.0292871
0.0297146
0.0302004
0.0307428
0.031301
0.0318509
0.0323773
0.0329136
0.0334551
0.0339944
0.0345452
0.0351355
0.0357113
0.0363145
0.0369352
0.0375663
0.0381941
0.0388508
0.0395246
0.0402121
0.0409147
0.0416308
0.0423743
0.0431158
0.0439115
0.0446893
0.0454874
0.0462925
0.0471299
0.0479965
0.0488546
0.0497299
0.0505961
0.0514812
0.0524209
0.0533388
0.0542948
0.0552487
0.0562037
0.057152
0.05809
0.0589349
0.0595524
0.0166756
0.0171175
0.0175269
0.0171499
0.0164664
0.0160053
0.0155494
0.0151704
0.0151447
0.0151589
0.0149648
0.014897
0.0151301
0.01542
0.0155582
0.0155772
0.0156411
0.0158494
0.0161208
0.0163232
0.0164552
0.0166378
0.016925
0.0172297
0.0174713
0.0176886
0.0179443
0.0182349
0.018523
0.0187942
0.0190573
0.0193426
0.01965
0.0199756
0.0203304
0.0206982
0.0210451
0.0213736
0.0217271
0.0221102
0.0224752
0.0228014
0.0231262
0.0234762
0.0238426
0.0242016
0.0245585
0.0249321
0.0253252
0.0257386
0.0261592
0.0265844
0.0270238
0.0274964
0.02797
0.0284276
0.0288668
0.0292911
0.0297223
0.0302078
0.0307467
0.0313018
0.0318503
0.032377
0.0329139
0.0334557
0.033996
0.0345475
0.0351374
0.0357134
0.036317
0.036937
0.037568
0.0381964
0.0388534
0.039527
0.0402145
0.040917
0.0416329
0.0423764
0.0431179
0.043913
0.0446902
0.0454887
0.046294
0.047131
0.0479967
0.0488545
0.04973
0.0505967
0.0514824
0.0524215
0.0533394
0.054295
0.0552494
0.056205
0.0571539
0.0580951
0.0589412
0.0595561
0.0164405
0.0168716
0.0173788
0.0171822
0.0165583
0.016074
0.0156833
0.015356
0.0152876
0.0152753
0.015062
0.0149319
0.0151398
0.0154625
0.0156175
0.0156221
0.0156753
0.0158901
0.0161723
0.0163707
0.016486
0.0166591
0.0169489
0.0172582
0.0174977
0.0177074
0.0179591
0.0182521
0.0185412
0.0188095
0.0190715
0.0193578
0.0196645
0.0199879
0.0203412
0.0207072
0.0210506
0.0213755
0.0217281
0.022113
0.0224788
0.0228027
0.0231255
0.0234778
0.0238481
0.0242077
0.0245622
0.0249355
0.025331
0.0257447
0.0261628
0.0265872
0.0270275
0.0274988
0.0279689
0.028425
0.0288664
0.0292951
0.0297298
0.030215
0.0307508
0.0313027
0.0318499
0.0323769
0.0329142
0.0334563
0.0339977
0.03455
0.0351393
0.0357156
0.0363196
0.036939
0.0375698
0.0381987
0.038856
0.0395294
0.0402169
0.0409194
0.0416352
0.0423786
0.0431202
0.0439146
0.0446912
0.04549
0.0462956
0.0471321
0.047997
0.0488544
0.0497301
0.0505974
0.0514836
0.0524221
0.0533401
0.0542953
0.0552501
0.0562064
0.0571559
0.0581003
0.0589478
0.05956
0.0162238
0.0166486
0.0172228
0.0171796
0.016655
0.0161576
0.0157881
0.0155266
0.0154461
0.0153914
0.0151618
0.0149829
0.0151506
0.015498
0.0156791
0.0156696
0.0157078
0.0159293
0.0162248
0.0164217
0.0165198
0.0166809
0.0169735
0.0172878
0.0175249
0.017727
0.0179746
0.0182701
0.0185604
0.0188256
0.0190862
0.0193734
0.0196794
0.0200006
0.0203523
0.0207167
0.0210565
0.0213776
0.0217294
0.022116
0.0224826
0.0228042
0.0231249
0.0234794
0.0238538
0.024214
0.0245661
0.0249389
0.0253369
0.0257509
0.0261666
0.0265901
0.0270312
0.0275012
0.0279679
0.0284226
0.0288662
0.0292992
0.0297372
0.0302221
0.0307548
0.0313038
0.0318496
0.0323768
0.0329146
0.033457
0.0339995
0.0345525
0.0351413
0.0357178
0.0363223
0.0369411
0.0375717
0.0382012
0.0388588
0.0395319
0.0402194
0.0409218
0.0416375
0.0423809
0.0431225
0.0439162
0.0446922
0.0454914
0.0462972
0.0471332
0.0479972
0.0488544
0.0497302
0.050598
0.0514849
0.0524227
0.0533407
0.0542956
0.0552508
0.056208
0.057158
0.0581057
0.0589548
0.0595642
0.0160243
0.0164494
0.0170724
0.0171442
0.016734
0.0162637
0.0158831
0.0156672
0.0156125
0.0155186
0.0152586
0.0150452
0.0151692
0.0155271
0.0157405
0.0157214
0.0157387
0.0159659
0.0162775
0.0164758
0.0165573
0.0167038
0.0169982
0.0173189
0.0175531
0.0177471
0.0179909
0.0182889
0.0185806
0.0188425
0.0191013
0.0193895
0.0196946
0.0200134
0.0203639
0.0207267
0.0210628
0.0213801
0.0217309
0.0221193
0.0224869
0.0228061
0.0231245
0.023481
0.0238597
0.0242207
0.0245701
0.0249424
0.0253429
0.0257574
0.0261705
0.0265929
0.027035
0.0275038
0.0279671
0.0284204
0.0288662
0.0293033
0.0297444
0.030229
0.0307589
0.0313049
0.0318494
0.0323769
0.0329151
0.0334578
0.0340013
0.034555
0.0351434
0.0357202
0.0363251
0.0369432
0.0375737
0.0382037
0.0388616
0.0395346
0.040222
0.0409244
0.0416399
0.0423833
0.0431249
0.043918
0.0446933
0.0454929
0.0462989
0.0471344
0.0479976
0.0488544
0.0497304
0.0505986
0.0514862
0.0524233
0.0533414
0.054296
0.0552516
0.0562098
0.0571603
0.0581112
0.0589622
0.0595687
0.015836
0.0162744
0.0169369
0.0170904
0.0167781
0.0163789
0.0159911
0.0157776
0.0157681
0.0156639
0.0153571
0.0151107
0.0151984
0.0155537
0.0157992
0.0157779
0.0157694
0.0159989
0.0163298
0.0165321
0.0165986
0.0167286
0.0170227
0.0173514
0.0175833
0.0177674
0.0180074
0.0183088
0.018602
0.0188602
0.0191169
0.019406
0.0197103
0.0200266
0.0203757
0.0207372
0.0210696
0.0213829
0.0217326
0.0221229
0.0224916
0.0228084
0.0231241
0.0234827
0.0238658
0.0242276
0.0245743
0.0249459
0.0253491
0.0257641
0.0261746
0.0265958
0.027039
0.0275066
0.0279664
0.0284185
0.0288664
0.0293074
0.0297515
0.0302358
0.0307631
0.0313063
0.0318493
0.032377
0.0329157
0.0334586
0.0340032
0.0345577
0.0351455
0.0357226
0.0363281
0.0369454
0.0375757
0.0382064
0.0388645
0.0395373
0.0402247
0.040927
0.0416424
0.0423857
0.0431273
0.0439198
0.0446945
0.0454944
0.0463006
0.0471356
0.0479979
0.0488545
0.0497306
0.0505993
0.0514875
0.052424
0.0533421
0.0542965
0.0552523
0.0562117
0.0571627
0.0581168
0.0589699
0.0595736
0.0156472
0.0161225
0.0168211
0.0170344
0.0167837
0.0164786
0.016126
0.0158772
0.0158935
0.0158212
0.0154702
0.0151744
0.015234
0.0155829
0.0158548
0.0158384
0.0158012
0.0160273
0.0163809
0.0165905
0.016643
0.0167564
0.0170474
0.0173843
0.0176159
0.0177886
0.0180234
0.0183294
0.0186249
0.018879
0.0191329
0.0194227
0.0197265
0.0200402
0.0203878
0.0207482
0.0210771
0.0213861
0.0217345
0.0221268
0.0224967
0.0228111
0.0231239
0.0234844
0.0238721
0.0242349
0.0245786
0.0249493
0.0253554
0.0257711
0.0261788
0.0265987
0.027043
0.0275096
0.0279659
0.0284168
0.0288669
0.0293116
0.0297584
0.0302425
0.0307673
0.0313077
0.0318494
0.0323773
0.0329164
0.0334594
0.0340052
0.0345604
0.0351477
0.035725
0.0363311
0.0369478
0.0375779
0.0382091
0.0388675
0.0395402
0.0402275
0.0409297
0.041645
0.0423882
0.0431299
0.0439216
0.0446957
0.0454959
0.0463023
0.0471368
0.0479983
0.0488547
0.0497308
0.0505999
0.0514889
0.0524247
0.0533428
0.0542971
0.0552531
0.0562138
0.0571652
0.0581225
0.058978
0.0595788
0.0154451
0.0159876
0.0167268
0.0169893
0.0167625
0.0165398
0.0162793
0.0159923
0.0159831
0.0159696
0.015608
0.0152424
0.0152686
0.0156156
0.0159094
0.0159026
0.0158358
0.0160502
0.0164295
0.0166517
0.01669
0.0167866
0.0170733
0.0174172
0.0176507
0.0178118
0.0180386
0.01835
0.0186495
0.0188992
0.0191494
0.0194396
0.0197431
0.0200544
0.0204002
0.0207595
0.0210852
0.0213897
0.0217365
0.022131
0.0225023
0.0228142
0.023124
0.0234861
0.0238786
0.0242426
0.0245831
0.0249527
0.0253617
0.0257784
0.0261832
0.0266016
0.0270471
0.0275128
0.0279656
0.0284153
0.0288677
0.0293159
0.0297651
0.030249
0.0307715
0.0313093
0.0318496
0.0323777
0.0329171
0.0334602
0.0340072
0.0345633
0.0351499
0.0357276
0.0363343
0.0369502
0.0375801
0.0382119
0.0388707
0.0395431
0.0402304
0.0409325
0.0416477
0.0423908
0.0431325
0.0439236
0.044697
0.0454976
0.0463041
0.0471381
0.0479988
0.0488548
0.049731
0.0506006
0.0514904
0.0524254
0.0533436
0.0542978
0.0552539
0.0562161
0.057168
0.0581283
0.0589864
0.0595843
0.015219
0.0158584
0.0166543
0.0169639
0.0167334
0.016551
0.0164237
0.0161439
0.0160553
0.0160851
0.0157656
0.0153301
0.0152984
0.015647
0.0159652
0.015971
0.0158751
0.0160676
0.0164728
0.0167164
0.01674
0.0168179
0.0171011
0.0174506
0.0176869
0.0178378
0.0180537
0.0183694
0.0186755
0.0189213
0.0191664
0.0194567
0.0197599
0.020069
0.0204132
0.0207713
0.0210938
0.0213939
0.0217389
0.0221353
0.0225084
0.0228178
0.0231242
0.0234878
0.0238851
0.0242505
0.0245879
0.0249562
0.0253681
0.0257859
0.0261877
0.0266044
0.0270513
0.0275162
0.0279655
0.0284141
0.0288687
0.0293202
0.0297717
0.0302554
0.0307758
0.0313111
0.03185
0.0323783
0.032918
0.0334612
0.0340093
0.0345662
0.0351521
0.0357302
0.0363375
0.0369528
0.0375825
0.0382148
0.0388739
0.0395462
0.0402334
0.0409355
0.0416505
0.0423935
0.0431352
0.0439257
0.0446983
0.0454993
0.0463059
0.0471393
0.0479993
0.0488551
0.0497313
0.0506013
0.0514919
0.0524262
0.0533443
0.0542986
0.0552548
0.0562185
0.057171
0.0581343
0.0589952
0.0595902
0.0149636
0.0157178
0.0165991
0.016963
0.0167157
0.0165179
0.0165291
0.0163315
0.0161412
0.0161553
0.0159198
0.0154504
0.0153318
0.0156698
0.0160198
0.0160449
0.0159223
0.0160808
0.0165072
0.0167838
0.0167954
0.0168489
0.0171297
0.0174863
0.0177242
0.0178661
0.01807
0.0183873
0.018702
0.0189457
0.0191844
0.0194737
0.0197769
0.020084
0.0204266
0.0207835
0.021103
0.0213988
0.0217416
0.0221399
0.022515
0.022822
0.0231247
0.0234897
0.0238919
0.0242587
0.0245928
0.0249597
0.0253746
0.0257937
0.0261925
0.0266073
0.0270556
0.0275199
0.0279656
0.0284131
0.0288699
0.0293246
0.0297781
0.0302616
0.0307802
0.031313
0.0318505
0.032379
0.032919
0.0334622
0.0340114
0.0345693
0.0351545
0.0357329
0.0363409
0.0369554
0.0375849
0.0382178
0.0388773
0.0395494
0.0402366
0.0409385
0.0416533
0.0423963
0.043138
0.0439278
0.0446997
0.045501
0.0463078
0.0471407
0.0479999
0.0488554
0.0497315
0.050602
0.0514935
0.0524271
0.0533451
0.0542996
0.0552557
0.0562211
0.0571742
0.0581403
0.0590043
0.0595966
0.0146851
0.0155457
0.0165495
0.0169882
0.0167269
0.0164613
0.0165716
0.0165291
0.016271
0.0161947
0.0160414
0.0156005
0.0153869
0.0156819
0.016066
0.0161231
0.0159812
0.0160942
0.0165291
0.0168503
0.0168593
0.0168803
0.0171562
0.0175249
0.0177638
0.0178957
0.0180882
0.0184046
0.0187276
0.0189722
0.0192042
0.0194907
0.019794
0.0200994
0.0204405
0.0207963
0.0211126
0.0214041
0.0217447
0.0221446
0.0225219
0.0228268
0.0231255
0.0234915
0.0238989
0.0242673
0.024598
0.0249632
0.0253812
0.0258017
0.0261975
0.0266101
0.02706
0.0275237
0.027966
0.0284124
0.0288714
0.029329
0.0297845
0.0302677
0.0307845
0.0313151
0.0318512
0.0323799
0.0329202
0.0334632
0.0340136
0.0345724
0.0351569
0.0357357
0.0363444
0.0369582
0.0375875
0.038221
0.0388807
0.0395527
0.0402398
0.0409416
0.0416563
0.0423992
0.0431408
0.0439301
0.0447012
0.0455028
0.0463097
0.047142
0.0480005
0.0488558
0.0497319
0.0506027
0.0514951
0.052428
0.0533459
0.0543008
0.0552567
0.0562239
0.0571777
0.0581465
0.0590137
0.0596034
0.0144056
0.0153268
0.0164864
0.0170348
0.0167788
0.0164086
0.0165444
0.0166992
0.0164569
0.0162383
0.0161099
0.0157557
0.0154796
0.0156948
0.0160962
0.0161992
0.0160542
0.0161149
0.0165377
0.0169095
0.0169332
0.0169158
0.0171775
0.0175647
0.0178083
0.0179263
0.0181072
0.0184227
0.0187522
0.0189994
0.0192263
0.0195084
0.0198109
0.020115
0.0204547
0.0208097
0.021123
0.0214099
0.0217483
0.0221498
0.0225292
0.0228322
0.0231267
0.0234933
0.023906
0.0242763
0.0246034
0.0249666
0.0253878
0.0258101
0.0262027
0.026613
0.0270645
0.0275279
0.0279667
0.028412
0.0288731
0.0293336
0.0297906
0.0302736
0.0307889
0.0313174
0.0318521
0.0323809
0.0329214
0.0334644
0.034016
0.0345756
0.0351593
0.0357385
0.036348
0.0369611
0.0375902
0.0382242
0.0388843
0.0395561
0.0402431
0.0409448
0.0416593
0.0424021
0.0431438
0.0439324
0.0447027
0.0455047
0.0463116
0.0471434
0.0480012
0.0488563
0.0497322
0.0506035
0.0514968
0.052429
0.0533466
0.0543021
0.0552578
0.0562268
0.0571815
0.0581527
0.0590235
0.0596106
0.0141586
0.0150615
0.0163864
0.01709
0.0168746
0.0163881
0.0164631
0.0168053
0.0166811
0.0163245
0.0161333
0.0158825
0.0156088
0.0157287
0.0161106
0.0162625
0.0161375
0.0161518
0.016538
0.0169532
0.0170146
0.0169614
0.0171931
0.0176013
0.0178596
0.0179603
0.0181251
0.0184417
0.0187771
0.0190262
0.0192501
0.0195276
0.0198278
0.0201307
0.0204693
0.0208237
0.0211342
0.0214164
0.0217521
0.0221553
0.0225371
0.0228382
0.0231283
0.0234952
0.0239132
0.0242858
0.0246092
0.02497
0.0253945
0.0258188
0.0262081
0.0266158
0.027069
0.0275323
0.0279677
0.0284119
0.0288751
0.0293382
0.0297966
0.0302794
0.0307934
0.0313198
0.0318532
0.0323822
0.0329228
0.0334656
0.0340184
0.034579
0.0351619
0.0357415
0.0363518
0.0369641
0.037593
0.0382275
0.038888
0.0395596
0.0402465
0.0409481
0.0416625
0.0424052
0.0431468
0.0439349
0.0447043
0.0455067
0.0463136
0.0471449
0.048002
0.0488568
0.0497326
0.0506043
0.0514985
0.05243
0.0533474
0.0543036
0.0552589
0.0562298
0.0571856
0.0581591
0.0590335
0.0596183
0.013974
0.0147721
0.0162296
0.017134
0.0170081
0.016422
0.0163599
0.0168245
0.016904
0.0164792
0.0161464
0.015953
0.0157493
0.0158015
0.0161241
0.0163042
0.0162198
0.0162098
0.0165411
0.0169763
0.0170951
0.0170225
0.0172067
0.017629
0.0179163
0.0180018
0.0181414
0.0184594
0.0188041
0.019053
0.0192741
0.0195488
0.0198453
0.020146
0.0204842
0.0208381
0.0211462
0.0214236
0.0217562
0.022161
0.0225455
0.0228448
0.0231301
0.023497
0.0239204
0.0242958
0.0246154
0.0249733
0.025401
0.0258279
0.0262138
0.0266186
0.0270736
0.0275371
0.027969
0.028412
0.0288773
0.0293429
0.0298025
0.0302851
0.0307979
0.0313223
0.0318544
0.0323836
0.0329244
0.0334669
0.0340209
0.0345824
0.0351645
0.0357445
0.0363556
0.0369672
0.0375959
0.038231
0.0388919
0.0395633
0.0402501
0.0409515
0.0416658
0.0424083
0.0431499
0.0439374
0.044706
0.0455088
0.0463157
0.0471464
0.0480028
0.0488574
0.0497331
0.0506051
0.0515002
0.0524312
0.0533482
0.0543053
0.0552602
0.056233
0.0571901
0.0581655
0.0590437
0.0596265
0.0138659
0.0144934
0.0160103
0.0171412
0.0171637
0.0165205
0.0162719
0.0167577
0.0170812
0.0166985
0.0161921
0.0159683
0.0158652
0.0159124
0.0161594
0.0163274
0.0162857
0.0162841
0.0165613
0.0169822
0.0171624
0.0170998
0.0172266
0.0176444
0.0179729
0.0180546
0.018159
0.0184728
0.0188329
0.019082
0.0192969
0.0195708
0.0198647
0.0201613
0.0204987
0.020853
0.021159
0.0214318
0.0217607
0.0221669
0.0225547
0.0228523
0.0231324
0.0234989
0.0239278
0.0243062
0.0246221
0.0249765
0.0254074
0.0258373
0.02622
0.0266213
0.0270782
0.0275422
0.0279707
0.0284125
0.0288798
0.0293477
0.0298082
0.0302907
0.0308025
0.0313251
0.0318558
0.0323851
0.0329261
0.0334683
0.0340235
0.034586
0.0351672
0.0357476
0.0363596
0.0369705
0.037599
0.0382345
0.0388959
0.0395672
0.0402537
0.040955
0.0416691
0.0424116
0.0431531
0.04394
0.0447078
0.0455109
0.0463178
0.0471479
0.0480038
0.048858
0.0497335
0.050606
0.051502
0.0524325
0.053349
0.0543071
0.0552617
0.0562363
0.0571949
0.0581722
0.0590541
0.0596352
0.013829
0.014259
0.0157436
0.0170867
0.0173198
0.016681
0.0162337
0.0166316
0.0171743
0.0169488
0.0163072
0.0159605
0.0159248
0.0160347
0.0162353
0.0163512
0.0163245
0.016358
0.0166083
0.016985
0.0172056
0.0171847
0.0172623
0.0176492
0.0180217
0.018119
0.0181833
0.0184802
0.0188605
0.0191156
0.0193196
0.0195915
0.0198863
0.0201777
0.0205126
0.0208681
0.0211727
0.0214409
0.0217658
0.0221727
0.0225643
0.0228609
0.023135
0.0235005
0.0239352
0.0243172
0.0246294
0.0249797
0.0254134
0.025847
0.0262267
0.026624
0.0270828
0.0275477
0.0279728
0.0284131
0.0288825
0.0293527
0.0298139
0.0302961
0.0308071
0.0313281
0.0318575
0.0323869
0.0329279
0.0334698
0.0340262
0.0345898
0.03517
0.0357507
0.0363637
0.0369739
0.0376022
0.0382381
0.0388999
0.0395711
0.0402575
0.0409586
0.0416726
0.0424149
0.0431565
0.0439428
0.0447097
0.0455131
0.0463199
0.0471494
0.0480048
0.0488588
0.049734
0.0506069
0.0515038
0.0524338
0.0533498
0.0543091
0.0552634
0.0562396
0.0572002
0.0581789
0.0590648
0.0596443
0.013848
0.0140905
0.0154609
0.0169564
0.0174479
0.0168889
0.0162694
0.0164868
0.0171648
0.0171834
0.0165022
0.0159732
0.0159246
0.0161312
0.016349
0.0164022
0.0163415
0.0164106
0.0166775
0.0170045
0.0172243
0.0172615
0.0173195
0.0176524
0.0180551
0.0181904
0.01822
0.0184837
0.0188826
0.0191539
0.0193453
0.0196094
0.0199083
0.0201969
0.0205264
0.0208825
0.0211872
0.0214511
0.0217714
0.0221785
0.0225742
0.0228705
0.0231383
0.0235019
0.0239425
0.0243287
0.0246373
0.024983
0.0254193
0.0258569
0.0262338
0.0266269
0.0270873
0.0275535
0.0279754
0.0284141
0.0288854
0.0293578
0.0298195
0.0303014
0.0308117
0.0313312
0.0318593
0.0323889
0.03293
0.0334715
0.034029
0.0345936
0.0351728
0.035754
0.036368
0.0369775
0.0376056
0.0382419
0.0389042
0.0395752
0.0402613
0.0409623
0.0416761
0.0424184
0.0431599
0.0439456
0.0447116
0.0455153
0.0463222
0.0471511
0.0480059
0.0488596
0.0497346
0.050608
0.0515057
0.0524353
0.0533507
0.0543113
0.0552653
0.0562431
0.0572058
0.0581859
0.0590755
0.059654
0.013907
0.0139922
0.015197
0.0167569
0.0175172
0.0171192
0.0163874
0.0163679
0.0170631
0.0173543
0.0167545
0.0160475
0.0158924
0.0161694
0.0164715
0.0165004
0.0163613
0.0164267
0.0167472
0.0170571
0.0172345
0.0173141
0.0173926
0.0176674
0.018071
0.0182598
0.0182727
0.0184887
0.0188959
0.0191937
0.0193771
0.0196257
0.0199279
0.020219
0.0205416
0.0208956
0.0212019
0.0214626
0.0217778
0.0221846
0.0225844
0.0228812
0.0231424
0.023503
0.0239495
0.0243409
0.024646
0.0249863
0.0254248
0.0258669
0.0262413
0.0266298
0.0270917
0.0275595
0.0279784
0.0284154
0.0288884
0.029363
0.0298251
0.0303067
0.0308164
0.0313345
0.0318615
0.032391
0.0329321
0.0334732
0.034032
0.0345976
0.0351758
0.0357573
0.0363723
0.0369812
0.0376092
0.0382457
0.0389086
0.0395795
0.0402653
0.0409662
0.0416798
0.0424219
0.0431634
0.0439486
0.0447136
0.0455177
0.0463244
0.0471528
0.0480072
0.0488605
0.0497352
0.0506091
0.0515076
0.0524368
0.0533516
0.0543136
0.0552674
0.0562465
0.0572118
0.0581931
0.0590864
0.059664
0.0139919
0.0139568
0.0149784
0.0165164
0.0175064
0.0173383
0.0165792
0.0163142
0.0169061
0.0174269
0.0170215
0.0162044
0.015869
0.0161435
0.0165641
0.0166415
0.0164154
0.0164119
0.0167891
0.0171399
0.0172609
0.0173361
0.0174634
0.0177046
0.0180766
0.0183168
0.0183399
0.0185023
0.0189004
0.0192304
0.019416
0.0196439
0.0199435
0.0202419
0.0205603
0.0209082
0.0212157
0.0214754
0.021785
0.0221906
0.0225952
0.0228929
0.0231476
0.0235041
0.0239558
0.0243535
0.0246558
0.0249897
0.0254301
0.0258772
0.0262492
0.0266329
0.0270963
0.0275658
0.0279819
0.028417
0.0288915
0.0293683
0.0298307
0.0303119
0.0308211
0.031338
0.0318638
0.0323934
0.0329345
0.033475
0.0340351
0.0346018
0.035179
0.0357607
0.0363767
0.0369851
0.0376129
0.0382497
0.0389132
0.0395839
0.0402694
0.0409701
0.0416836
0.0424256
0.043167
0.0439516
0.0447158
0.0455201
0.0463268
0.0471545
0.0480085
0.0488615
0.0497358
0.0506104
0.0515095
0.0524385
0.0533526
0.0543161
0.0552699
0.0562501
0.0572181
0.0582006
0.0590972
0.0596746
0.0140885
0.0139745
0.0148155
0.0162684
0.0174157
0.0175102
0.0168176
0.016347
0.0167415
0.0173936
0.0172534
0.0164343
0.0158961
0.0160787
0.0165943
0.0167938
0.0165285
0.0163963
0.0167817
0.0172278
0.017327
0.0173436
0.0175107
0.017763
0.0180873
0.018354
0.0184132
0.0185308
0.0188995
0.0192595
0.0194598
0.0196672
0.0199557
0.0202625
0.0205828
0.0209225
0.0212279
0.0214888
0.0217937
0.0221966
0.0226061
0.0229058
0.0231538
0.0235052
0.0239616
0.0243665
0.0246666
0.0249933
0.0254348
0.0258878
0.0262576
0.0266359
0.0271007
0.0275726
0.0279859
0.0284188
0.0288948
0.0293738
0.0298364
0.0303171
0.0308259
0.0313416
0.0318663
0.032396
0.0329371
0.033477
0.0340383
0.0346061
0.0351822
0.0357642
0.0363813
0.0369891
0.0376167
0.0382538
0.0389179
0.0395885
0.0402735
0.0409742
0.0416876
0.0424294
0.0431707
0.0439547
0.044718
0.0455226
0.0463292
0.0471563
0.0480099
0.0488627
0.0497364
0.0506118
0.0515114
0.0524403
0.0533538
0.0543186
0.0552727
0.0562538
0.0572248
0.0582083
0.0591082
0.0596855
0.0141797
0.0140377
0.0147084
0.0160387
0.0172668
0.017611
0.017067
0.0164662
0.0166166
0.0172783
0.0174049
0.0167011
0.0159997
0.0160127
0.0165541
0.0169155
0.0166965
0.0164174
0.0167279
0.0172857
0.017435
0.0173658
0.0175231
0.0178244
0.0181183
0.0183756
0.0184807
0.018577
0.0189
0.0192788
0.0195052
0.0196974
0.0199673
0.020279
0.0206071
0.0209406
0.0212392
0.0215011
0.0218039
0.0222031
0.0226169
0.0229199
0.0231612
0.0235063
0.0239666
0.0243796
0.0246787
0.0249973
0.0254391
0.0258986
0.0262668
0.0266388
0.027105
0.02758
0.0279906
0.0284208
0.0288982
0.0293795
0.029842
0.0303223
0.0308307
0.0313454
0.031869
0.0323988
0.0329399
0.0334792
0.0340416
0.0346105
0.0351857
0.0357677
0.0363859
0.0369934
0.0376208
0.0382579
0.0389227
0.0395933
0.0402778
0.0409783
0.0416916
0.0424334
0.0431746
0.0439579
0.0447203
0.0455253
0.0463316
0.0471583
0.0480114
0.0488639
0.049737
0.0506133
0.0515134
0.0524421
0.0533551
0.0543213
0.0552759
0.0562575
0.0572318
0.0582165
0.0591191
0.0596968
0.0142443
0.0141359
0.0146562
0.0158395
0.0170857
0.0176367
0.0172916
0.0166519
0.0165648
0.0171245
0.0174551
0.0169577
0.0161806
0.0159863
0.0164671
0.016972
0.0168862
0.0165061
0.0166602
0.0172829
0.0175582
0.0174313
0.0175123
0.0178638
0.0181733
0.0183966
0.0185311
0.0186355
0.0189092
0.0192877
0.0195483
0.0197345
0.0199809
0.0202915
0.0206305
0.0209628
0.0212518
0.0215114
0.0218144
0.022211
0.0226277
0.022935
0.0231703
0.0235075
0.0239708
0.0243928
0.0246918
0.0250017
0.0254428
0.0259094
0.0262768
0.0266418
0.0271088
0.0275877
0.0279962
0.0284231
0.0289016
0.0293853
0.0298478
0.0303275
0.0308358
0.0313493
0.0318719
0.0324017
0.032943
0.0334815
0.0340449
0.034615
0.0351893
0.0357714
0.0363906
0.0369979
0.037625
0.0382622
0.0389278
0.0395982
0.0402822
0.0409826
0.0416958
0.0424374
0.0431786
0.0439613
0.0447227
0.045528
0.0463341
0.0471603
0.048013
0.0488652
0.0497377
0.050615
0.0515154
0.0524439
0.0533567
0.054324
0.0552794
0.0562614
0.057239
0.0582249
0.05913
0.0597084
0.0142634
0.0142506
0.0146605
0.0156783
0.016892
0.0175974
0.0174649
0.0168709
0.0165961
0.0169789
0.0174142
0.0171579
0.0164112
0.0160272
0.0163689
0.016953
0.0170539
0.016665
0.016622
0.0172178
0.0176576
0.0175504
0.01751
0.0178637
0.0182363
0.0184357
0.0185643
0.018695
0.0189342
0.0192901
0.0195843
0.0197782
0.0199977
0.0203005
0.0206518
0.0209881
0.0212677
0.0215204
0.0218238
0.0222201
0.0226388
0.0229506
0.0231811
0.023509
0.0239742
0.0244063
0.0247059
0.0250065
0.0254459
0.0259202
0.0262878
0.0266452
0.0271121
0.0275957
0.0280027
0.0284255
0.0289049
0.0293914
0.0298536
0.0303327
0.0308409
0.0313536
0.031875
0.0324048
0.0329463
0.0334842
0.0340485
0.0346197
0.035193
0.0357751
0.0363953
0.0370026
0.0376295
0.0382665
0.0389329
0.0396033
0.0402867
0.040987
0.0417001
0.0424416
0.0431826
0.0439646
0.0447252
0.0455308
0.0463366
0.0471624
0.0480146
0.0488667
0.0497384
0.0506168
0.0515175
0.0524458
0.0533585
0.0543268
0.0552832
0.0562655
0.0572465
0.0582338
0.059141
0.0597202
0.0142286
0.014356
0.0147158
0.0155663
0.0167006
0.0175082
0.0175754
0.0170897
0.0166998
0.0168795
0.0173162
0.0172752
0.0166509
0.0161402
0.0162967
0.0168756
0.0171607
0.0168618
0.0166499
0.0171206
0.0176963
0.0176992
0.0175499
0.0178309
0.0182796
0.0185007
0.0185937
0.0187422
0.0189745
0.0192938
0.0196094
0.0198273
0.0200208
0.0203059
0.0206701
0.0210153
0.0212873
0.0215299
0.021831
0.0222294
0.0226513
0.0229667
0.0231934
0.0235111
0.0239766
0.02442
0.0247215
0.0250118
0.0254483
0.0259308
0.0262996
0.026649
0.0271148
0.0276038
0.0280102
0.0284285
0.0289079
0.0293975
0.0298597
0.0303378
0.030846
0.0313581
0.0318783
0.032408
0.0329498
0.033487
0.0340522
0.0346245
0.0351969
0.0357789
0.0364002
0.0370075
0.0376341
0.0382708
0.0389383
0.0396086
0.0402912
0.0409915
0.0417045
0.0424459
0.0431869
0.0439681
0.0447277
0.0455337
0.0463392
0.0471648
0.0480164
0.0488682
0.0497392
0.0506188
0.0515197
0.0524476
0.0533606
0.0543297
0.0552873
0.0562698
0.057254
0.0582431
0.059152
0.0597323
0.0141463
0.0144284
0.0148031
0.0155132
0.0165293
0.0173837
0.0176229
0.0172791
0.0168494
0.0168443
0.0171998
0.0173107
0.0168597
0.0163079
0.0162798
0.0167739
0.0171917
0.0170528
0.0167527
0.0170352
0.0176632
0.0178374
0.0176493
0.0177967
0.0182811
0.018579
0.0186384
0.0187713
0.0190198
0.0193073
0.0196215
0.0198765
0.0200547
0.0203081
0.020683
0.0210446
0.0213106
0.0215409
0.0218366
0.0222372
0.022665
0.0229845
0.0232067
0.0235136
0.0239779
0.0244334
0.0247385
0.0250177
0.0254499
0.0259415
0.0263127
0.0266533
0.0271169
0.0276117
0.0280186
0.028432
0.0289109
0.0294036
0.0298661
0.0303432
0.0308511
0.0313628
0.0318818
0.0324113
0.0329535
0.03349
0.0340562
0.0346295
0.0352009
0.0357826
0.0364051
0.0370127
0.0376389
0.0382751
0.0389437
0.039614
0.0402959
0.0409961
0.041709
0.0424503
0.0431912
0.0439717
0.0447304
0.0455368
0.0463418
0.0471672
0.0480182
0.0488699
0.0497401
0.0506208
0.0515221
0.0524494
0.0533631
0.0543326
0.0552916
0.0562745
0.0572617
0.0582527
0.0591631
0.0597445
0.0140325
0.0144582
0.0148958
0.0155164
0.0163979
0.0172423
0.0176152
0.0174221
0.0170148
0.0168711
0.0170985
0.0172833
0.0170104
0.0164976
0.0163268
0.0166842
0.0171589
0.0171996
0.0169072
0.017001
0.0175815
0.0179249
0.0177917
0.017797
0.0182416
0.0186443
0.0187124
0.0187943
0.0190576
0.0193358
0.0196259
0.0199169
0.0201015
0.0203118
0.0206863
0.0210754
0.0213393
0.0215531
0.0218416
0.0222429
0.0226783
0.0230048
0.0232217
0.0235161
0.0239786
0.0244467
0.0247572
0.0250243
0.02545
0.0259516
0.0263271
0.0266582
0.0271186
0.0276197
0.0280278
0.0284361
0.028914
0.0294097
0.0298726
0.0303486
0.0308563
0.0313676
0.0318857
0.0324149
0.0329574
0.0334931
0.0340602
0.0346348
0.0352052
0.0357863
0.03641
0.0370183
0.037644
0.0382795
0.0389494
0.0396196
0.0403006
0.0410008
0.0417136
0.0424549
0.0431956
0.0439754
0.0447331
0.04554
0.0463444
0.0471698
0.0480201
0.0488716
0.0497412
0.050623
0.0515247
0.0524511
0.0533659
0.0543358
0.0552961
0.0562795
0.0572694
0.0582627
0.0591742
0.0597568
0.0139005
0.0144508
0.0149725
0.0155574
0.0163182
0.0171068
0.0175659
0.0175149
0.0171708
0.0169455
0.0170355
0.0172202
0.0170957
0.0166744
0.0164231
0.0166334
0.0170897
0.0172841
0.0170773
0.0170342
0.0174921
0.0179433
0.0179388
0.0178534
0.018186
0.0186687
0.0188063
0.0188292
0.0190789
0.0193742
0.0196331
0.0199418
0.0201582
0.0203261
0.0206769
0.0211019
0.021377
0.0215678
0.0218452
0.0222474
0.0226901
0.0230271
0.0232397
0.0235181
0.0239776
0.0244597
0.0247778
0.0250327
0.0254488
0.0259607
0.0263431
0.0266641
0.0271192
0.0276274
0.0280378
0.0284405
0.0289171
0.029416
0.0298792
0.0303542
0.0308616
0.0313726
0.0318896
0.0324187
0.0329617
0.0334963
0.0340642
0.0346402
0.0352099
0.03579
0.0364148
0.0370241
0.0376492
0.0382839
0.0389551
0.0396254
0.0403056
0.0410058
0.0417183
0.0424596
0.0432001
0.0439792
0.0447359
0.0455434
0.046347
0.0471725
0.0480221
0.0488733
0.0497425
0.0506251
0.0515276
0.0524527
0.053369
0.0543391
0.0553007
0.056285
0.0572773
0.0582728
0.0591856
0.0597692
0.0137563
0.014416
0.0150256
0.0156136
0.0162855
0.0169952
0.0174904
0.0175594
0.0172997
0.0170451
0.0170204
0.0171512
0.0171255
0.0168156
0.0165424
0.016629
0.0170127
0.0173068
0.0172274
0.0171219
0.0174335
0.0179084
0.0180529
0.0179611
0.0181511
0.0186461
0.0188961
0.0188915
0.019089
0.01941
0.019652
0.0199514
0.0202143
0.0203606
0.0206601
0.0211145
0.0214233
0.0215898
0.0218454
0.0222499
0.0227008
0.0230503
0.0232619
0.0235211
0.0239738
0.0244718
0.0248003
0.0250428
0.0254462
0.0259681
0.0263608
0.0266717
0.0271192
0.0276349
0.0280488
0.0284451
0.02892
0.0294225
0.029886
0.0303598
0.030867
0.0313778
0.0318936
0.0324227
0.0329663
0.0334999
0.0340683
0.0346458
0.0352148
0.0357937
0.0364197
0.0370303
0.0376547
0.0382883
0.038961
0.0396313
0.0403105
0.0410108
0.0417231
0.0424645
0.0432047
0.0439831
0.0447387
0.0455469
0.0463497
0.0471755
0.0480242
0.048875
0.049744
0.0506273
0.0515306
0.0524544
0.0533724
0.0543428
0.0553052
0.0562909
0.0572852
0.0582832
0.059197
0.0597817
0.0136025
0.014357
0.0150554
0.0156695
0.0162855
0.0169148
0.017404
0.0175612
0.0173912
0.0171451
0.0170454
0.0171009
0.0171191
0.0169163
0.0166628
0.016664
0.0169535
0.0172844
0.0173354
0.0172362
0.0174231
0.0178526
0.018111
0.0180881
0.0181628
0.0185951
0.0189552
0.0189805
0.0191042
0.0194323
0.0196821
0.0199521
0.0202554
0.0204151
0.0206491
0.0211066
0.0214712
0.0216267
0.0218445
0.0222467
0.0227105
0.0230731
0.0232875
0.0235271
0.0239671
0.0244819
0.0248256
0.0250555
0.0254423
0.0259732
0.0263795
0.0266814
0.0271184
0.0276414
0.0280608
0.0284503
0.0289227
0.0294293
0.0298935
0.0303654
0.0308724
0.0313833
0.0318977
0.0324267
0.0329714
0.0335036
0.0340723
0.0346516
0.0352202
0.0357974
0.0364244
0.0370367
0.0376604
0.0382927
0.038967
0.0396373
0.0403154
0.0410159
0.0417279
0.0424695
0.0432094
0.0439873
0.0447417
0.0455506
0.0463524
0.0471785
0.0480266
0.0488766
0.0497459
0.0506294
0.0515338
0.0524561
0.0533758
0.0543468
0.0553098
0.0562973
0.0572934
0.0582935
0.0592087
0.0597943
0.0134461
0.0142738
0.015062
0.01572
0.0163074
0.0168679
0.0173235
0.0175327
0.017445
0.0172282
0.0170902
0.0170778
0.0170947
0.0169775
0.016769
0.0167218
0.0169237
0.0172396
0.0173947
0.0173496
0.0174548
0.0178076
0.0181195
0.0181986
0.0182227
0.0185454
0.0189693
0.0190771
0.0191412
0.019443
0.0197184
0.0199583
0.020276
0.0204783
0.0206574
0.02108
0.0215064
0.0216812
0.021851
0.0222352
0.0227179
0.0230979
0.0233158
0.023537
0.0239582
0.0244872
0.0248532
0.0250724
0.0254373
0.0259754
0.0263989
0.0266938
0.0271178
0.0276469
0.0280735
0.0284565
0.0289248
0.0294357
0.0299016
0.0303712
0.0308775
0.031389
0.031902
0.0324307
0.0329769
0.0335078
0.0340763
0.0346573
0.0352258
0.0358011
0.0364293
0.0370436
0.0376663
0.038297
0.0389732
0.0396437
0.0403206
0.0410214
0.0417328
0.0424747
0.0432139
0.0439913
0.0447446
0.0455543
0.0463554
0.0471816
0.0480292
0.048878
0.0497482
0.0506316
0.0515371
0.0524582
0.0533794
0.0543512
0.0553142
0.0563039
0.0573018
0.0583039
0.0592204
0.0598069
0.0133034
0.0141731
0.0150426
0.0157587
0.0163421
0.016851
0.0172609
0.0174871
0.0174665
0.0172879
0.0171358
0.0170765
0.0170685
0.0170048
0.016853
0.0167877
0.0169228
0.017195
0.0174126
0.0174442
0.0175122
0.017791
0.0181053
0.0182722
0.0183121
0.0185252
0.0189464
0.019157
0.0192024
0.0194498
0.0197492
0.0199761
0.0202813
0.0205353
0.0206924
0.0210499
0.0215158
0.0217438
0.0218745
0.0222158
0.0227157
0.0231248
0.0233482
0.0235504
0.0239491
0.0244874
0.0248814
0.025095
0.0254322
0.0259738
0.0264184
0.0267086
0.0271174
0.027651
0.0280865
0.0284638
0.0289268
0.0294417
0.0299105
0.0303777
0.0308823
0.0313948
0.0319068
0.0324347
0.0329825
0.0335124
0.0340805
0.0346631
0.0352316
0.0358047
0.036434
0.0370509
0.0376722
0.0383013
0.0389793
0.03965
0.0403255
0.0410268
0.0417378
0.0424804
0.0432188
0.0439958
0.0447478
0.0455579
0.0463583
0.0471846
0.048032
0.0488793
0.0497507
0.0506339
0.0515403
0.0524604
0.053383
0.0543561
0.0553188
0.0563109
0.0573105
0.0583141
0.0592322
0.0598196
0.0131905
0.0140704
0.0149996
0.015777
0.0163787
0.0168558
0.0172214
0.0174375
0.0174626
0.017325
0.0171721
0.0170861
0.0170499
0.0170095
0.0169112
0.0168517
0.0169424
0.0171648
0.0174036
0.0175097
0.0175771
0.0177982
0.0180889
0.0183059
0.0183999
0.0185428
0.0189083
0.0192039
0.0192783
0.0194653
0.019769
0.020002
0.0202805
0.0205737
0.0207467
0.0210354
0.0215009
0.0217999
0.0219223
0.0222002
0.0226976
0.0231494
0.0233876
0.0235669
0.023939
0.0244825
0.0249077
0.0251238
0.025429
0.0259673
0.0264372
0.0267269
0.0271174
0.0276538
0.0281
0.0284721
0.0289286
0.0294469
0.0299197
0.0303848
0.030887
0.0314001
0.0319118
0.0324391
0.0329885
0.0335172
0.0340846
0.034669
0.0352379
0.0358084
0.0364389
0.0370586
0.0376781
0.0383055
0.0389856
0.0396569
0.0403307
0.0410325
0.0417425
0.0424858
0.0432234
0.0439999
0.0447512
0.0455617
0.0463618
0.0471877
0.0480352
0.0488806
0.0497535
0.0506363
0.0515434
0.0524632
0.0533866
0.0543612
0.0553233
0.056318
0.0573197
0.0583244
0.059244
0.0598323
0.0131105
0.0139786
0.0149426
0.0157705
0.0164045
0.0168703
0.0172018
0.0173933
0.0174386
0.0173395
0.0171926
0.0170927
0.0170356
0.0169997
0.0169411
0.0169012
0.0169694
0.0171511
0.017384
0.0175464
0.0176392
0.0178228
0.0180854
0.0183185
0.0184673
0.0185901
0.0188785
0.0192156
0.0193526
0.0194975
0.0197828
0.0200315
0.0202836
0.0205919
0.0208033
0.0210445
0.0214733
0.0218334
0.021986
0.0222026
0.0226662
0.0231627
0.0234368
0.023592
0.0239271
0.024472
0.0249315
0.025158
0.0254298
0.025956
0.0264536
0.0267488
0.027118
0.0276546
0.0281139
0.0284817
0.0289305
0.0294515
0.0299292
0.0303929
0.0308907
0.0314052
0.0319166
0.0324435
0.0329948
0.0335223
0.0340887
0.034675
0.0352444
0.0358117
0.0364437
0.0370672
0.0376845
0.0383098
0.0389918
0.0396637
0.0403358
0.0410383
0.0417475
0.0424915
0.0432283
0.0440041
0.0447548
0.045565
0.0463653
0.0471908
0.0480384
0.0488819
0.0497566
0.0506392
0.0515463
0.0524663
0.0533903
0.0543666
0.0553282
0.0563251
0.0573291
0.0583345
0.0592557
0.0598451
0.0130556
0.0139027
0.0148821
0.0157444
0.0164118
0.0168833
0.0171943
0.0173618
0.0174051
0.0173345
0.0171989
0.0170917
0.0170229
0.0169844
0.0169508
0.0169327
0.0169951
0.017149
0.0173645
0.0175596
0.0176884
0.0178556
0.0180932
0.0183264
0.0185108
0.0186484
0.0188727
0.0192035
0.019409
0.0195427
0.019795
0.0200584
0.0202944
0.0205971
0.0208506
0.0210754
0.0214511
0.0218414
0.0220482
0.0222295
0.0226324
0.0231536
0.0234881
0.0236329
0.0239153
0.0244527
0.0249527
0.0251977
0.0254355
0.0259409
0.0264665
0.0267744
0.0271205
0.027653
0.0281278
0.0284931
0.0289322
0.0294549
0.0299387
0.0304015
0.0308959
0.0314103
0.0319213
0.032448
0.0330017
0.033528
0.0340925
0.034681
0.0352514
0.0358151
0.0364481
0.0370759
0.0376905
0.0383138
0.038998
0.039671
0.0403414
0.0410443
0.0417528
0.0424972
0.0432335
0.0440084
0.0447589
0.0455684
0.0463691
0.0471938
0.0480415
0.0488832
0.0497595
0.0506422
0.0515489
0.0524699
0.0533942
0.054372
0.0553332
0.0563324
0.0573388
0.0583447
0.0592672
0.0598578
0.0130237
0.0138466
0.0148276
0.0157091
0.0164006
0.0168865
0.017189
0.0173394
0.0173692
0.0173119
0.0171906
0.0170795
0.0170062
0.0169646
0.0169468
0.0169469
0.0170117
0.0171516
0.0173489
0.0175583
0.0177196
0.0178876
0.0181057
0.018334
0.0185365
0.0186998
0.0188912
0.019186
0.0194414
0.0195948
0.0198129
0.0200808
0.0203116
0.0205966
0.0208815
0.0211151
0.021444
0.0218345
0.0220953
0.0222764
0.0226141
0.0231225
0.0235266
0.023693
0.0239121
0.0244195
0.0249672
0.0252448
0.025447
0.0259223
0.026475
0.026803
0.0271254
0.0276485
0.0281413
0.0285072
0.0289344
0.0294572
0.0299484
0.0304109
0.0309013
0.0314157
0.0319259
0.032452
0.033009
0.0335346
0.0340961
0.034687
0.0352588
0.0358184
0.0364524
0.0370854
0.037697
0.038318
0.0390039
0.0396779
0.0403467
0.0410499
0.0417579
0.0425026
0.0432386
0.0440123
0.0447631
0.0455717
0.0463733
0.0471974
0.0480449
0.0488851
0.0497628
0.0506458
0.0515514
0.0524738
0.0533982
0.0543773
0.0553386
0.0563395
0.0573487
0.0583548
0.0592784
0.0598703
0.0130136
0.0138088
0.0147803
0.01567
0.0163739
0.0168725
0.0171744
0.0173148
0.0173309
0.0172733
0.0171653
0.0170538
0.0169797
0.0169382
0.0169306
0.0169469
0.0170158
0.017153
0.0173378
0.0175517
0.0177371
0.0179146
0.0181212
0.0183418
0.0185529
0.018736
0.0189199
0.0191746
0.0194487
0.0196408
0.0198384
0.0201
0.0203353
0.0206006
0.0209013
0.0211556
0.0214523
0.0218253
0.0221226
0.0223266
0.0226206
0.0230848
0.0235386
0.0237642
0.0239315
0.0243743
0.0249658
0.0252997
0.0254679
0.0258995
0.0264779
0.0268347
0.0271335
0.0276405
0.028153
0.0285243
0.0289374
0.0294576
0.0299575
0.030421
0.0309072
0.0314216
0.0319308
0.0324554
0.0330161
0.0335418
0.0340991
0.0346926
0.035267
0.0358222
0.0364566
0.0370949
0.0377036
0.0383221
0.03901
0.0396851
0.0403527
0.0410558
0.0417635
0.0425082
0.043244
0.0440164
0.0447674
0.0455749
0.046377
0.0472007
0.0480477
0.048887
0.0497659
0.0506495
0.0515539
0.0524781
0.0534028
0.0543827
0.0553444
0.0563469
0.0573586
0.058365
0.0592895
0.0598828
0.0130223
0.0137886
0.0147413
0.0156294
0.0163374
0.0168408
0.0171432
0.0172774
0.0172842
0.0172194
0.0171194
0.0170124
0.0169396
0.016903
0.0169033
0.0169359
0.01701
0.0171495
0.0173297
0.0175426
0.017745
0.0179333
0.0181365
0.0183503
0.0185656
0.0187616
0.0189489
0.0191762
0.0194425
0.0196702
0.0198678
0.0201145
0.0203574
0.020609
0.0209108
0.0211897
0.0214709
0.0218215
0.0221386
0.0223689
0.0226455
0.023059
0.0235231
0.0238264
0.0239831
0.0243324
0.0249385
0.0253565
0.0255057
0.0258738
0.0264715
0.0268696
0.0271465
0.0276293
0.0281617
0.0285445
0.0289427
0.0294562
0.0299656
0.0304316
0.0309125
0.0314278
0.0319364
0.0324585
0.0330233
0.0335504
0.0341021
0.0346978
0.0352755
0.0358261
0.0364604
0.0371041
0.0377103
0.0383264
0.039016
0.0396919
0.0403587
0.0410614
0.0417691
0.0425136
0.0432491
0.0440204
0.044772
0.0455784
0.0463812
0.0472046
0.0480504
0.0488891
0.049769
0.0506529
0.0515559
0.0524821
0.0534071
0.0543874
0.05535
0.056354
0.0573684
0.058375
0.0593001
0.0598948
0.0130475
0.0137872
0.0147141
0.0155892
0.0162933
0.0167945
0.0170932
0.0172205
0.0172198
0.0171462
0.0170481
0.0169494
0.0168815
0.0168543
0.0168657
0.0169155
0.0169997
0.0171425
0.0173244
0.0175336
0.0177469
0.0179446
0.0181475
0.0183577
0.0185727
0.0187779
0.0189698
0.0191838
0.0194342
0.0196824
0.0198964
0.0201299
0.020377
0.0206241
0.0209148
0.0212118
0.0214924
0.0218213
0.0221482
0.0224011
0.0226744
0.0230525
0.0234964
0.0238613
0.0240566
0.0243146
0.0248839
0.0254004
0.0255674
0.025853
0.0264517
0.026906
0.0271675
0.0276159
0.0281658
0.0285674
0.0289519
0.0294539
0.0299722
0.0304432
0.0309182
0.031434
0.0319429
0.0324609
0.0330296
0.0335596
0.034105
0.0347022
0.0352852
0.0358302
0.0364644
0.0371139
0.0377177
0.0383315
0.0390223
0.0396987
0.0403651
0.0410673
0.0417754
0.0425195
0.0432546
0.0440248
0.0447767
0.045582
0.0463852
0.0472087
0.0480534
0.0488922
0.049773
0.0506573
0.051559
0.0524871
0.0534127
0.0543928
0.0553567
0.0563618
0.0573782
0.0583852
0.0593109
0.0599068
0.0130872
0.0138022
0.0146977
0.0155484
0.0162374
0.0167284
0.0170181
0.0171351
0.0171262
0.0170452
0.0169458
0.0168568
0.0167996
0.0167852
0.0168128
0.0168826
0.0169849
0.0171339
0.0173197
0.0175268
0.0177433
0.0179501
0.0181548
0.018366
0.0185791
0.0187883
0.0189844
0.0191916
0.0194299
0.0196834
0.0199172
0.0201485
0.0203951
0.0206459
0.0209228
0.0212254
0.0215158
0.0218266
0.0221543
0.0224277
0.0226988
0.0230563
0.0234735
0.0238651
0.0241264
0.0243311
0.0248139
0.0254078
0.0256458
0.0258475
0.0264128
0.0269357
0.0271975
0.0276008
0.0281617
0.02859
0.0289649
0.0294505
0.0299751
0.030454
0.0309216
0.0314397
0.0319507
0.0324634
0.0330352
0.0335696
0.034108
0.0347057
0.0352943
0.0358354
0.0364676
0.0371208
0.0377242
0.038336
0.0390278
0.0397046
0.040371
0.0410724
0.0417808
0.0425244
0.0432587
0.0440286
0.0447809
0.0455854
0.0463887
0.0472121
0.048055
0.048894
0.0497758
0.05066
0.0515608
0.0524909
0.0534172
0.0543968
0.0553622
0.056369
0.0573874
0.0583949
0.0593207
0.059918
0.0131446
0.013831
0.0146871
0.0155003
0.016159
0.0166254
0.0168965
0.0169992
0.0169824
0.0168988
0.0168032
0.0167279
0.0166894
0.016695
0.016746
0.0168416
0.0169686
0.017129
0.0173171
0.0175227
0.0177354
0.0179475
0.0181571
0.0183722
0.0185851
0.0187937
0.0189946
0.0191984
0.0194291
0.0196815
0.0199292
0.0201684
0.0204136
0.0206691
0.0209365
0.021233
0.0215365
0.0218397
0.022162
0.0224558
0.0227246
0.023067
0.0234689
0.0238581
0.0241804
0.0243885
0.0247645
0.0253779
0.0257311
0.0258794
0.0263657
0.0269536
0.0272427
0.0275926
0.0281512
0.0286134
0.0289853
0.0294501
0.0299768
0.0304648
0.030929
0.0314456
0.0319591
0.0324661
0.0330396
0.0335797
0.034112
0.0347086
0.0353054
0.0358408
0.0364718
0.0371294
0.0377325
0.0383428
0.0390341
0.0397112
0.0403779
0.0410789
0.0417881
0.042531
0.043264
0.0440337
0.0447861
0.0455897
0.0463933
0.0472171
0.0480586
0.0488982
0.0497808
0.0506644
0.0515644
0.0524963
0.0534233
0.0544022
0.055369
0.0563771
0.0573966
0.0584048
0.0593311
0.0599292
0.0132684
0.0139099
0.0147041
0.0154491
0.0160478
0.0164656
0.0167013
0.0167801
0.0167528
0.0166711
0.0165887
0.0165371
0.016528
0.0165666
0.0166523
0.0167822
0.0169382
0.0171146
0.0173037
0.0175065
0.0177134
0.0179252
0.018141
0.0183606
0.018577
0.0187849
0.0189903
0.0191959
0.0194211
0.0196738
0.019929
0.0201807
0.0204298
0.020686
0.0209508
0.0212341
0.0215435
0.0218499
0.0221625
0.0224729
0.0227453
0.0230687
0.0234662
0.0238442
0.0241965
0.024452
0.0247448
0.0253072
0.025782
0.0259432
0.0263183
0.0269396
0.027291
0.0275923
0.0281278
0.0286293
0.0290086
0.0294498
0.0299747
0.0304725
0.0309343
0.031452
0.0319685
0.032469
0.0330439
0.0335894
0.0341155
0.0347104
0.0353073
0.0358467
0.0364746
0.0371339
0.0377396
0.0383491
0.0390389
0.0397166
0.0403838
0.0410837
0.0417936
0.0425358
0.043267
0.0440375
0.0447902
0.0455929
0.0463962
0.0472197
0.0480595
0.0488999
0.049784
0.0506668
0.0515667
0.0525005
0.053428
0.0544061
0.0553744
0.0563846
0.0574053
0.0584137
0.0593403
0.0599395
0.0135329
0.0141387
0.0148617
0.0155076
0.0160026
0.0163311
0.0165029
0.0165427
0.0165009
0.0164292
0.0163754
0.0163636
0.0163964
0.0164759
0.0165935
0.0167478
0.0169217
0.0171067
0.0172945
0.0174906
0.0176936
0.0179014
0.0181212
0.0183445
0.0185658
0.0187789
0.0189886
0.0192011
0.0194219
0.0196731
0.0199315
0.0201913
0.0204489
0.020704
0.0209701
0.0212453
0.0215509
0.0218661
0.0221735
0.0224909
0.0227763
0.0230797
0.0234697
0.0238467
0.0241973
0.0245088
0.024777
0.02524
0.0257892
0.0260333
0.026306
0.0269014
0.027338
0.0276163
0.0281023
0.0286391
0.029039
0.0294554
0.0299738
0.0304795
0.0309393
0.0314585
0.0319788
0.0324718
0.033047
0.0335994
0.03412
0.0347118
0.0353202
0.0358556
0.0364783
0.0371387
0.0377482
0.0383572
0.0390427
0.0397218
0.0403907
0.0410898
0.0418008
0.0425425
0.0432713
0.0440423
0.0447955
0.0455973
0.046401
0.0472247
0.0480634
0.048904
0.0497886
0.0506702
0.0515697
0.0525055
0.0534335
0.0544109
0.0553807
0.0563924
0.0574137
0.0584228
0.0593501
0.0599498
0.0134538
0.0139189
0.0144971
0.0150209
0.0154265
0.0157046
0.015882
0.0159807
0.016033
0.0160719
0.0161234
0.0162009
0.0163021
0.0164297
0.0165733
0.0167354
0.01691
0.0170907
0.0172739
0.0174615
0.0176601
0.0178642
0.0180812
0.0183073
0.018534
0.0187598
0.0189772
0.0191985
0.0194204
0.019669
0.0199312
0.0201941
0.0204611
0.0207163
0.020981
0.0212546
0.0215494
0.0218694
0.0221802
0.0224973
0.0227994
0.0230928
0.0234641
0.0238495
0.024192
0.0245364
0.0248325
0.0252023
0.0257501
0.0261101
0.0263354
0.0268492
0.0273575
0.0276565
0.028078
0.0286321
0.0290676
0.0294641
0.0299711
0.0304843
0.0309426
0.0314644
0.031991
0.0324768
0.0330484
0.0336087
0.0341252
0.0347112
0.0353281
0.0358646
0.0364798
0.0371408
0.0377584
0.0383678
0.0390468
0.0397276
0.0403987
0.0410958
0.0418069
0.0425476
0.0432745
0.0440469
0.0448005
0.0456008
0.046404
0.047227
0.0480649
0.048907
0.0497929
0.0506736
0.0515736
0.052511
0.0534387
0.0544152
0.0553863
0.0564
0.0574216
0.0584309
0.0593585
0.0599589
0.0153052
0.0151019
0.0147999
0.0145696
0.0144792
0.0145325
0.0147047
0.0149615
0.015259
0.0155522
0.0158138
0.0160434
0.016243
0.0164214
0.0165819
0.0167378
0.0168996
0.0170693
0.0172479
0.017432
0.0176267
0.0178299
0.0180412
0.0182668
0.018498
0.0187364
0.0189648
0.0191911
0.0194178
0.0196619
0.0199271
0.0201931
0.0204663
0.020729
0.0209912
0.0212678
0.021554
0.0218701
0.0221897
0.0225045
0.0228175
0.0231125
0.0234579
0.0238446
0.0241887
0.0245413
0.024877
0.0251963
0.0256858
0.0261408
0.0263934
0.0268086
0.027345
0.0277042
0.0280722
0.0286136
0.0290922
0.0294804
0.0299695
0.030489
0.0309464
0.0314659
0.032002
0.0324845
0.0330481
0.0336167
0.0341342
0.0347114
0.0353354
0.035879
0.0364822
0.0371382
0.0377676
0.0383769
0.0390457
0.0397291
0.0404051
0.0411008
0.0418126
0.0425519
0.0432767
0.0440507
0.0448048
0.0456038
0.0464078
0.0472308
0.0480677
0.0489102
0.0497959
0.0506752
0.0515751
0.0525149
0.0534429
0.0544188
0.0553916
0.0564068
0.0574288
0.0584385
0.0593672
0.0599681
0.0147901
0.014457
0.014058
0.0137743
0.0136699
0.0137512
0.0139967
0.014354
0.0147588
0.0151603
0.0155199
0.0158328
0.0160992
0.0163274
0.016522
0.016698
0.0168686
0.0170428
0.0172244
0.0174101
0.0176034
0.0178057
0.0180138
0.0182344
0.0184669
0.0187096
0.0189477
0.0191796
0.0194141
0.0196598
0.0199242
0.0201963
0.0204699
0.0207417
0.0210026
0.0212781
0.0215633
0.0218698
0.0222002
0.0225156
0.0228337
0.0231394
0.0234629
0.023841
0.0241962
0.0245526
0.0249182
0.0252319
0.0256513
0.0261418
0.0264664
0.0268076
0.0273148
0.027744
0.0280888
0.0285898
0.0291039
0.0295023
0.0299682
0.0304922
0.0309527
0.0314639
0.0320115
0.0324971
0.0330461
0.0336217
0.0341442
0.0347077
0.0353382
0.0358959
0.0364861
0.0371351
0.0377816
0.0383948
0.0390493
0.039734
0.0404162
0.0411096
0.0418206
0.0425575
0.0432806
0.0440573
0.0448115
0.0456077
0.0464108
0.0472338
0.0480701
0.0489141
0.0498012
0.0506797
0.0515806
0.0525213
0.0534486
0.0544237
0.0553972
0.0564142
0.0574357
0.0584455
0.0593748
0.0599758
0.0156611
0.0153583
0.0149171
0.0145233
0.0142595
0.0141481
0.014183
0.0143424
0.0145865
0.0148819
0.0151918
0.0155009
0.0157943
0.0160698
0.0163225
0.0165543
0.0167725
0.0169813
0.0171876
0.0173882
0.0175896
0.0177934
0.0180016
0.0182161
0.0184404
0.0186761
0.0189121
0.0191503
0.0193924
0.019646
0.0199094
0.0201876
0.0204638
0.0207407
0.0210081
0.0212788
0.0215695
0.0218688
0.0222002
0.0225207
0.0228343
0.0231532
0.0234633
0.0238231
0.0241901
0.024549
0.0249267
0.0252541
0.025626
0.026103
0.0264993
0.026827
0.0272765
0.0277543
0.0281207
0.0285699
0.0290987
0.0295283
0.0299693
0.0304924
0.0309639
0.0314574
0.0320203
0.0325149
0.0330422
0.0336252
0.0341566
0.0347039
0.0353406
0.0359158
0.0364876
0.0371241
0.0377902
0.0384069
0.0390452
0.0397302
0.040421
0.0411147
0.041825
0.0425587
0.0432801
0.0440603
0.0448154
0.0456096
0.046413
0.0472367
0.0480725
0.0489165
0.0498028
0.0506801
0.0515813
0.0525239
0.0534513
0.0544259
0.0554013
0.0564196
0.0574413
0.0584515
0.0593818
0.0599834
0.0134229
0.013674
0.0140212
0.014321
0.0145252
0.0146367
0.0146849
0.0147231
0.0147897
0.014911
0.0150888
0.0153197
0.015589
0.0158779
0.0161673
0.0164393
0.016696
0.016934
0.0171619
0.0173794
0.0175898
0.0177988
0.0180075
0.0182183
0.0184286
0.0186522
0.0188827
0.019129
0.0193839
0.0196455
0.0199118
0.0201885
0.0204676
0.0207417
0.0210147
0.0212848
0.0215767
0.0218814
0.0222043
0.022532
0.0228426
0.0231665
0.0234818
0.0238179
0.0241956
0.0245611
0.024938
0.025289
0.0256396
0.0260851
0.026515
0.0268658
0.0272677
0.0277429
0.0281569
0.028568
0.0290754
0.029554
0.0299754
0.0304849
0.0309836
0.031451
0.0320154
0.0325384
0.0330392
0.0336215
0.0341757
0.0346963
0.0353342
0.0359417
0.0364957
0.0371137
0.0378049
0.0384302
0.0390504
0.0397336
0.0404316
0.0411253
0.041835
0.0425643
0.043283
0.044067
0.0448223
0.0456132
0.046415
0.0472391
0.0480749
0.0489205
0.0498082
0.0506847
0.0515872
0.0525303
0.053457
0.0544308
0.0554061
0.0564263
0.057447
0.0584572
0.059388
0.0599894
0.0156258
0.0151889
0.0145923
0.014052
0.0136684
0.0134802
0.0134805
0.0136408
0.0139174
0.0142682
0.0146561
0.0150475
0.0154234
0.0157708
0.0160904
0.0163803
0.016648
0.0168956
0.0171282
0.0173523
0.0175653
0.0177772
0.0179849
0.0181937
0.0183987
0.0186135
0.0188446
0.0190986
0.0193681
0.019636
0.0199063
0.0201819
0.0204613
0.0207359
0.021009
0.0212868
0.0215761
0.0218874
0.0222056
0.0225306
0.0228473
0.0231646
0.0234911
0.0238133
0.0241867
0.0245657
0.0249289
0.0252979
0.0256503
0.0260685
0.0265069
0.0268829
0.0272758
0.0277247
0.0281739
0.0285874
0.0290493
0.0295667
0.029994
0.0304688
0.031001
0.0314551
0.0319986
0.0325673
0.0330458
0.0336056
0.0341946
0.0346993
0.0353202
0.0359601
0.0365082
0.0370959
0.0378052
0.0384452
0.0390489
0.039728
0.0404338
0.0411282
0.0418393
0.0425664
0.0432816
0.0440685
0.044826
0.0456153
0.0464166
0.0472413
0.0480766
0.048922
0.0498096
0.0506848
0.0515873
0.0525317
0.0534585
0.054432
0.0554083
0.0564295
0.0574506
0.058461
0.0593922
0.0599943
0.0147431
0.0142303
0.0136046
0.0130837
0.0127592
0.0126594
0.0127762
0.0130701
0.013485
0.0139611
0.0144519
0.0149211
0.0153517
0.0157349
0.0160723
0.0163696
0.0166351
0.0168792
0.0171079
0.0173299
0.0175429
0.0177556
0.0179639
0.0181707
0.0183762
0.0185883
0.0188205
0.0190799
0.0193575
0.0196309
0.0199018
0.0201772
0.0204531
0.0207288
0.0210002
0.0212816
0.0215719
0.0218831
0.0222036
0.0225235
0.0228455
0.0231607
0.0234892
0.0238155
0.0241818
0.0245704
0.0249314
0.0253017
0.0256645
0.0260707
0.0265052
0.0268889
0.0272856
0.0277201
0.0281687
0.0286018
0.0290412
0.0295616
0.0300136
0.0304647
0.0310037
0.0314709
0.0319892
0.032573
0.0330633
0.0335965
0.034199
0.0347132
0.0353139
0.0359657
0.0365275
0.0370991
0.0378084
0.0384631
0.0390619
0.0397341
0.0404426
0.0411369
0.041847
0.0425741
0.0432863
0.0440728
0.0448307
0.0456187
0.0464184
0.0472434
0.048079
0.0489251
0.0498147
0.05069
0.051593
0.0525372
0.0534639
0.0544366
0.0554118
0.0564345
0.0574544
0.0584658
0.0593969
0.0599999
)
;

boundaryField
{
    zeroGradientPlanes
    {
        type            zeroGradient;
    }
    inlet
    {
        type            zeroGradient;
    }
    plate
    {
        type            zeroGradient;
    }
    frontAndBack
    {
        type            empty;
    }
}


// ************************************************************************* //
