/*--------------------------------*- C++ -*----------------------------------*\
| =========                 |                                                 |
| \\      /  F ield         | OpenFOAM: The Open Source CFD Toolbox           |
|  \\    /   O peration     | Version:  v1812                                 |
|   \\  /    A nd           | Web:      www.OpenFOAM.com                      |
|    \\/     M anipulation  |                                                 |
\*---------------------------------------------------------------------------*/
FoamFile
{
    version     2.0;
    format      ascii;
    class       volScalarField;
    location    "9.2";
    object      p;
}
// * * * * * * * * * * * * * * * * * * * * * * * * * * * * * * * * * * * * * //

dimensions      [0 2 -2 0 0 0 0];


internalField   nonuniform List<scalar> 
9600
(
-1.39786e-10
0.00072119
-0.00814119
-0.00260976
0.00484282
0.000679678
0.00214781
0.00697464
0.00440366
0.00382635
0.00545372
0.00505109
0.00659046
0.00634301
0.00620955
0.00812282
0.00752688
0.00783811
0.00813166
0.00975177
-3.08215e-06
0.000712159
-0.0081066
-0.00263558
0.00481783
0.000855875
0.00216104
0.00696198
0.0044108
0.00382644
0.00545383
0.00505807
0.00658253
0.00634725
0.00621945
0.00807715
0.00755157
0.00780833
0.00815384
0.00961976
-5.02946e-06
0.000700055
-0.00808698
-0.00267469
0.00480971
0.000932004
0.00214211
0.00693636
0.00442827
0.00382209
0.00545554
0.00507703
0.00658122
0.00635137
0.00622963
0.00801292
0.00758734
0.00775894
0.00817432
0.00942919
-6.82433e-06
0.000681915
-0.00807926
-0.0026764
0.00481652
0.000988149
0.0020932
0.00690993
0.00444851
0.00382078
0.00545636
0.00511573
0.00659003
0.00635208
0.00623756
0.00793277
0.00762023
0.00770698
0.00817492
0.00923356
-9.23499e-06
0.00065764
-0.0080735
-0.00262953
0.00482985
0.00103084
0.00207967
0.00688256
0.00446888
0.00382377
0.00545448
0.00516943
0.0065834
0.00634958
0.00624493
0.0078571
0.00765078
0.00765501
0.00815215
0.00904946
-1.24935e-05
0.000628475
-0.00806196
-0.00254072
0.00484035
0.00106543
0.00207624
0.00685082
0.00448877
0.00382712
0.0054496
0.00523075
0.00657433
0.00634584
0.00625236
0.00778455
0.0076803
0.00760196
0.00811056
0.00888075
-1.66542e-05
0.000596341
-0.00803642
-0.00242186
0.00485127
0.00109695
0.00208426
0.00681528
0.00450744
0.00382817
0.00544324
0.00529535
0.006565
0.00634042
0.00625982
0.00771507
0.00770773
0.00754975
0.00805536
0.00872262
-2.15744e-05
0.000563828
-0.00798847
-0.00228902
0.00481735
0.00112917
0.00210346
0.00677914
0.00452458
0.00382697
0.00543712
0.00536038
0.00655609
0.00633225
0.00626672
0.00764958
0.00773222
0.00750226
0.00798821
0.00856989
-2.69206e-05
0.00053351
-0.00791197
-0.00215708
0.00475792
0.00116285
0.00213237
0.0067455
0.00454055
0.00382423
0.00543188
0.00542361
0.00654741
0.00632149
0.00627199
0.00758855
0.00775346
0.00746089
0.00790883
0.00842135
-3.22743e-05
0.000507222
-0.00780431
-0.00203276
0.00467915
0.00119595
0.00216974
0.0067158
0.00455593
0.0038203
0.00542727
0.0054835
0.00653878
0.00630853
0.00627487
0.00753274
0.00776966
0.00742432
0.00781916
0.00827797
-3.72503e-05
0.000485745
-0.00766673
-0.00191616
0.00458854
0.00122615
0.0022144
0.00668963
0.00457117
0.00381526
0.00542293
0.00553926
0.0065301
0.00629374
0.00627485
0.00748799
0.00777864
0.00739131
0.00772278
0.00813847
-4.15547e-05
0.000469029
-0.00750357
-0.00180542
0.00449178
0.00125234
0.0022645
0.00666546
0.00458666
0.00380912
0.00541881
0.0055908
0.00652122
0.00627779
0.00627128
0.00744153
0.00777944
0.00736084
0.00762187
0.00799933
-4.49718e-05
0.000456461
-0.00732071
-0.00169918
0.00439224
0.00127457
0.00231749
0.00664159
0.00460281
0.00380178
0.0054152
0.0056386
0.0065119
0.00626174
0.00626351
0.00739876
0.00777241
0.00733032
0.00751702
0.00785841
-4.73316e-05
0.00044734
-0.00712375
-0.00159675
0.00429162
0.0012934
0.00237104
0.00661698
0.0046199
0.00379297
0.00541253
0.00568348
0.00650184
0.00624659
0.00625122
0.00735905
0.00775832
0.00729617
0.00740904
0.00771617
-4.84772e-05
0.000440945
-0.00691702
-0.00149759
0.00419092
0.0013093
0.00242362
0.00659142
0.00463806
0.00378244
0.00541116
0.00572641
0.00649059
0.006233
0.0062343
0.0073214
0.00773843
0.00725565
0.00729899
0.00757374
-4.8242e-05
0.000436565
-0.00670329
-0.00140114
0.0040909
0.00132224
0.00247456
0.00656512
0.00465736
0.00376996
0.00541123
0.00576847
0.00647765
0.00622133
0.00621314
0.00728433
0.00771439
0.00720767
0.00718718
0.0074318
-4.64495e-05
0.000433565
-0.00648413
-0.00130675
0.00399238
0.00133487
0.00252377
0.00653844
0.00467786
0.00375543
0.00541264
0.0058107
0.00646256
0.00621159
0.00618863
0.0072462
0.00768758
0.00715215
0.00707319
0.00729141
-4.29213e-05
0.000431427
-0.00626031
-0.00121375
0.00389606
0.001347
0.00257135
0.00651168
0.00469968
0.00373899
0.00541507
0.00585387
0.00644504
0.00620343
0.00616209
0.00720566
0.00765859
0.0070897
0.00695644
0.00715443
-3.74806e-05
0.00042977
-0.00603221
-0.00112162
0.0038025
0.00135922
0.00261737
0.00648509
0.00472295
0.00372088
0.00541806
0.00589851
0.00642501
0.00619604
0.0061348
0.00716191
0.00762762
0.00702151
0.00683647
0.00702294
-2.99559e-05
0.000428362
-0.00580002
-0.00103001
0.00371211
0.00137209
0.00266176
0.00645887
0.00474787
0.00370129
0.00542107
0.00594505
0.00640263
0.00618839
0.00610739
0.00711443
0.00759482
0.00694897
0.00671278
0.00689849
-2.01896e-05
0.000427099
-0.00556392
-0.000938694
0.00362514
0.00138613
0.00270435
0.00643317
0.00477463
0.00368037
0.00542355
0.0059938
0.00637826
0.00617961
0.00608024
0.00706296
0.00756029
0.00687352
0.0065846
0.0067819
-8.04759e-06
0.000425882
-0.00532411
-0.000847538
0.00354176
0.00140181
0.00274496
0.00640802
0.0048034
0.00365824
0.00542505
0.00604499
0.00635221
0.00616905
0.0060539
0.00700709
0.00752405
0.00679721
0.00645067
0.00667288
6.59096e-06
0.000422316
-0.0050809
-0.000756509
0.00346208
0.00141961
0.00278338
0.00638339
0.00483443
0.00363491
0.00542507
0.0060991
0.00632465
0.00615595
0.00602881
0.00694609
0.00748611
0.00672317
0.00630935
0.00656857
2.38364e-05
0.000422161
-0.00483469
-0.000665624
0.00338613
0.00144
0.0028194
0.00635909
0.00486812
0.0036102
0.00542292
0.00615684
0.00629588
0.00613942
0.00600563
0.00687936
0.0074458
0.00665543
0.0061597
0.00646241
4.37423e-05
0.000423356
-0.00458593
-0.000574861
0.00331396
0.00146338
0.00285283
0.00633479
0.00490495
0.0035841
0.0054176
0.00621868
0.00626644
0.00611851
0.00598546
0.00680692
0.00740104
0.00659773
0.00600356
0.00634517
6.63059e-05
0.000426337
-0.00433511
-0.000484201
0.00324555
0.00149011
0.00288343
0.00630999
0.00494542
0.00355697
0.00540785
0.00628495
0.00623731
0.00609184
0.00596924
0.00672968
0.00734861
0.0065526
0.00584714
0.0062071
9.14817e-05
0.000431701
-0.00408269
-0.000393679
0.00318094
0.00152056
0.00290922
0.006284
0.0049901
0.00352957
0.00539207
0.0063561
0.00620996
0.00605727
0.0059574
0.00664976
0.00728496
0.00652031
0.00570074
0.00604168
0.000119197
0.000440128
-0.00382915
-0.000303307
0.00312017
0.00155504
0.00293167
0.00625597
0.0050392
0.00350298
0.00536861
0.00643229
0.00618654
0.00601262
0.00594967
0.00657059
0.00720708
0.00649733
0.00557541
0.00585104
0.000149389
0.000452304
-0.00357502
-0.000212963
0.0030633
0.00159363
0.0029555
0.00622508
0.0050925
0.00347859
0.0053358
0.00651282
0.00616963
0.00595638
0.00594499
0.00649652
0.00711328
0.00647608
0.00548024
0.00564874
0.000181915
0.000469029
-0.00332072
-0.000122593
0.00301049
0.00163632
0.00297966
0.00619082
0.0051495
0.00345788
0.0052922
0.00659607
0.00616222
0.0058878
0.00594096
0.00643239
0.00700486
0.00644692
0.00541809
0.00545576
0.000216519
0.000491079
-0.00306653
-3.23652e-05
0.00296201
0.00168293
0.00300509
0.00615314
0.00520937
0.00344262
0.0052369
0.00667945
0.00616726
0.00580705
0.0059333
0.00638244
0.00688722
0.00640185
0.0053821
0.00529102
0.000253093
0.000519134
-0.00281286
5.77635e-05
0.00291836
0.00173272
0.00303259
0.00611228
0.00527103
0.0034348
0.00516974
0.00675949
0.00618712
0.00571567
0.00591706
0.00634876
0.00676752
0.00633745
0.00535961
0.00516551
0.000291485
0.00055391
-0.00255996
0.000147958
0.00288013
0.0017847
0.00306178
0.0060689
0.00533309
0.003436
0.00509156
0.00683268
0.00622347
0.005616
0.00588776
0.00633215
0.00665216
0.00625404
0.00534022
0.00507815
0.000331492
0.000597888
-0.00230777
0.000238004
0.00284785
0.00183844
0.00309274
0.00602414
0.00539415
0.00344675
0.00500381
0.00689589
0.00627721
0.00551051
0.00584058
0.0063332
0.00654812
0.00615219
0.0053177
0.00502209
0.000373023
0.000648596
-0.00205605
0.000327555
0.00282219
0.0018941
0.00312468
0.00597917
0.00545349
0.00346724
0.004908
0.00694589
0.00634879
0.00540294
0.00576975
0.00635053
0.00646553
0.00603207
0.00528529
0.00499193
0.000416029
0.000705663
-0.00180422
0.000416198
0.00280346
0.00195214
0.00315643
0.00593489
0.00551115
0.00349758
0.00480521
0.006979
0.00643821
0.00529979
0.00566985
0.00637731
0.00641618
0.00589818
0.00523244
0.00498268
0.000460441
0.000770147
-0.00155112
0.000503409
0.00279114
0.00201329
0.0031871
0.00589174
0.00556734
0.00353774
0.00469686
0.00699146
0.00654381
0.00520961
0.00553808
0.00640044
0.00640942
0.0057651
0.00514756
0.00498261
0.000506368
0.00084153
-0.00129536
0.000588942
0.00278441
0.00207894
0.00321546
0.00584933
0.00562269
0.00358779
0.00458487
0.00698009
0.00666218
0.00514145
0.00537605
0.00640454
0.00644705
0.00565489
0.00502609
0.00497168
0.000554173
0.000918717
-0.00103544
0.000672857
0.00278157
0.00215088
0.00324059
0.00580672
0.00567823
0.00364805
0.00447091
0.00694204
0.00678879
0.00510409
0.00518978
0.00637498
0.00652047
0.00558798
0.00487898
0.00492938
0.000604295
0.00100062
-0.000769782
0.000755985
0.00277988
0.00223123
0.00326334
0.00576218
0.00573457
0.0037199
0.00435672
0.00687416
0.00691742
0.00510536
0.00498932
0.00629994
0.00661302
0.00557844
0.00472935
0.00484365
0.000657382
0.00108593
-0.000497612
0.000838812
0.00277651
0.00232175
0.00328604
0.00571289
0.00579064
0.00380521
0.00424531
0.00677402
0.00703942
0.0051507
0.00478898
0.00617219
0.00670437
0.00563198
0.00460244
0.00471573
0.000714444
0.00117307
-0.000219666
0.000921476
0.00276913
0.00242232
0.00331127
0.00565682
0.00584393
0.00390538
0.00414148
0.00664121
0.0071444
0.00524122
0.00460608
0.00599109
0.0067719
0.0057459
0.00452222
0.00455753
0.000776617
0.00126076
6.25188e-05
0.000952937
0.00275563
0.00253061
0.00334379
0.00559384
0.00589139
0.0040206
0.0040509
0.00647808
0.00722132
0.00537166
0.00445899
0.00576507
0.00679255
0.00590649
0.00451146
0.00439006
0.000845175
0.00134762
0.000347422
0.00105783
0.00273556
0.00264345
0.00338794
0.00552474
0.00592893
0.00414946
0.00398031
0.00629068
0.00725982
0.00553002
0.00436325
0.00551244
0.00674945
0.00608803
0.0045855
0.00424463
0.00092136
0.00143244
0.000632002
0.00117914
0.00270979
0.00275514
0.00344748
0.00545257
0.00595148
0.00428737
0.00393599
0.00608816
0.00725333
0.00570176
0.00432682
0.00525538
0.00663947
0.00625984
0.00474115
0.00415594
0.00100619
0.00151484
0.000912411
0.0013203
0.00268066
0.00285842
0.00352497
0.00538227
0.00595421
0.00442781
0.00392194
0.00588092
0.00720116
0.00587274
0.00434872
0.00501409
0.00647267
0.00639629
0.00495552
0.00414988
0.00110073
0.00159493
0.00118415
0.00148428
0.0026522
0.00294582
0.00361814
0.00532095
0.00593617
0.00456287
0.00393928
0.00568092
0.00710745
0.00602953
0.00442228
0.00480516
0.00626407
0.00648369
0.00519997
0.00423132
0.00120582
0.00167333
0.00144282
0.0016716
0.00263048
0.00301154
0.00372209
0.00527782
0.00590208
0.00468299
0.00398393
0.0055006
0.00698104
0.00616116
0.00453769
0.00464248
0.00602935
0.00651542
0.00544954
0.00438573
0.00132181
0.0017517
0.0016848
0.00187989
0.00262299
0.0030537
0.00382934
0.00525974
0.00585889
0.00478093
0.00404794
0.00534805
0.0068354
0.006263
0.00468198
0.00453396
0.00578574
0.00648752
0.00568449
0.0045937
0.00144882
0.00183224
0.00190689
0.00210455
0.00263839
0.00307394
0.00392784
0.00526779
0.00581782
0.00485714
0.0041209
0.00522295
0.00668373
0.00633767
0.0048425
0.00447903
0.00555117
0.00640219
0.00588705
0.00483897
0.00158662
0.00191757
0.00210692
0.002339
0.00268546
0.00307669
0.00400384
0.00529667
0.00579252
0.00491809
0.00419337
0.00512157
0.00653335
0.00638945
0.00501156
0.00447216
0.00533975
0.00626996
0.00604147
0.00510654
0.00173451
0.00201051
0.00228405
0.0025788
0.00276975
0.00306948
0.00404841
0.00533853
0.00579232
0.00497196
0.00426095
0.00504
0.0063875
0.00642087
0.00518417
0.00450872
0.00516144
0.00610667
0.00613766
0.00537852
0.00189131
0.00211395
0.00243879
0.00281575
0.00289226
0.00306437
0.00405843
0.00537851
0.00581874
0.00503187
0.00432527
0.00497235
0.00624786
0.00643262
0.00535353
0.00458475
0.00502457
0.00593036
0.00617426
0.00563278
0.0020553
0.00222917
0.00257448
0.0030373
0.00304999
0.00307696
0.00403764
0.00539828
0.00586594
0.00511232
0.00439358
0.00491397
0.00611294
0.00642683
0.00551405
0.00469359
0.00493465
0.00575851
0.00615804
0.00584712
0.00222628
0.00235821
0.00269555
0.00323356
0.00323497
0.00311849
0.00399166
0.00538387
0.00592518
0.00522007
0.00447599
0.00486753
0.00598038
0.00640511
0.00566398
0.00482769
0.00489166
0.00560571
0.00610336
0.00600788
0.00239951
0.0025007
0.00281086
0.00340733
0.0034369
0.00319597
0.00393075
0.00533062
0.00598306
0.00535379
0.00458165
0.00483879
0.005852
0.00636597
0.00580048
0.00498131
0.00489162
0.00548035
0.00602756
0.00611424
0.00257585
0.00265264
0.0029232
0.00356713
0.00364501
0.00331341
0.00387608
0.0052428
0.00602208
0.00550873
0.00471553
0.00483413
0.00573447
0.00630949
0.00591704
0.00514917
0.00493246
0.00538601
0.00594452
0.00617536
0.00275885
0.00282956
0.00303419
0.00365031
0.00382738
0.00346796
0.00385348
0.0051308
0.00602657
0.00567126
0.00487776
0.00485831
0.00563257
0.00624101
0.00600961
0.00532317
0.00501284
0.00532653
0.0058632
0.00620351
0.00293654
0.00300449
0.00315682
0.00374201
0.00399207
0.00365455
0.00387461
0.00501251
0.00599208
0.00582186
0.00506594
0.00491659
0.00555054
0.00616644
0.00607927
0.0054934
0.00512675
0.00530663
0.00579056
0.00620685
0.00311279
0.00319015
0.00328827
0.003806
0.00413379
0.00385608
0.00393834
0.00490653
0.00592425
0.00594323
0.00526965
0.00501225
0.00549513
0.0060887
0.00612729
0.0056542
0.00526571
0.00533068
0.00573798
0.00619367
0.00328675
0.00337192
0.00343088
0.00387462
0.00425241
0.00405377
0.00403922
0.00482937
0.00583364
0.00602717
0.00547444
0.00514291
0.00547458
0.00601339
0.00615244
0.0058027
0.0054216
0.00539697
0.00571743
0.00617556
0.0034543
0.0035551
0.00358694
0.00394613
0.00435088
0.00423984
0.00417073
0.00479069
0.00573682
0.00607379
0.00566648
0.00530036
0.00549291
0.00595244
0.00615622
0.00593155
0.00558528
0.00549575
0.00573354
0.00616515
0.00361782
0.00372662
0.00375248
0.00405354
0.00443435
0.00440912
0.00432246
0.00479174
0.00564913
0.00608788
0.00583574
0.00547574
0.00554977
0.00591973
0.006151
0.00603563
0.00574973
0.00562011
0.00578629
0.00617574
0.00378206
0.0039035
0.00391227
0.00412229
0.00450689
0.00455967
0.00448385
0.00482985
0.00558298
0.00607988
0.00597788
0.00566178
0.0056439
0.0059199
0.00614997
0.0061172
0.00590522
0.00576201
0.00586989
0.00621569
0.00394073
0.00406084
0.00407553
0.00423789
0.00457575
0.00469109
0.00464627
0.00490018
0.00554527
0.00606176
0.00609109
0.00584789
0.00577048
0.00595151
0.00615921
0.00618407
0.00604455
0.0059119
0.005976
0.00628341
0.00409613
0.00422392
0.00423251
0.00433938
0.00464285
0.0048043
0.00480206
0.00499584
0.00553931
0.00604611
0.00617922
0.00602224
0.0059209
0.00601948
0.00618873
0.00624847
0.0061719
0.00606586
0.00610109
0.00637267
0.00424452
0.00436768
0.00438648
0.00446358
0.00471385
0.00490302
0.00494745
0.00510879
0.0055648
0.00604347
0.00625124
0.00617851
0.00608265
0.00612412
0.0062481
0.00631885
0.00629125
0.00622055
0.00624284
0.00648112
0.00438979
0.00451149
0.00452571
0.00457749
0.00478848
0.00499024
0.00507969
0.0052308
0.00561668
0.00605784
0.00631711
0.00632279
0.00624955
0.006258
0.00634287
0.00640554
0.00640728
0.00637246
0.00639685
0.00660818
0.00452689
0.00464497
0.00465338
0.00469558
0.00486839
0.00506855
0.00519745
0.00535574
0.00569069
0.00609173
0.00638234
0.0064592
0.00642135
0.00641424
0.00647353
0.00652217
0.00653271
0.00652575
0.00656218
0.00675596
0.00464933
0.00476371
0.00480992
0.00481976
0.00495211
0.00514175
0.00530067
0.00547626
0.00578076
0.00614826
0.00645341
0.00658913
0.00659984
0.00659278
0.00663647
0.0066775
0.00668615
0.0066932
0.00674178
0.00692468
0.00476712
0.00489105
0.00489798
0.00491801
0.00503412
0.00521151
0.00539205
0.00558796
0.00587681
0.00622444
0.00653892
0.00671818
0.00678467
0.00679483
0.00682905
0.0068703
0.00687854
0.00688924
0.00694504
0.00712044
0.00486603
0.00494367
0.00498732
0.00501286
0.00511538
0.00527771
0.00547192
0.00569052
0.00597356
0.00631073
0.00663836
0.00685251
0.00697508
0.00702542
0.00706116
0.00710483
0.00711891
0.00713005
0.00718848
0.00735922
0.00494745
0.00502462
0.00507124
0.00510116
0.00519381
0.00534163
0.00553746
0.00577355
0.00606693
0.00640209
0.00674855
0.00700578
0.00718468
0.00729352
0.00734817
0.0073892
0.007407
0.00741543
0.0074716
0.00763775
0.00501638
0.00512169
0.00513768
0.00516724
0.00526436
0.00540796
0.00560164
0.00583105
0.00612736
0.0064824
0.00686932
0.00719921
0.00745903
0.00765726
0.00778924
0.00787419
0.00791886
0.00790093
0.00786579
0.007893
0.00506745
0.00512718
0.00515131
0.00519735
0.00531122
0.00547043
0.00567452
0.00588071
0.00609561
0.00637168
0.00677228
0.00721825
0.00760904
0.00790404
0.00814344
0.00838789
0.00871149
0.00911276
0.0095434
0.00991638
0.00509817
0.00522937
0.00523316
0.00525555
0.00533839
0.00546575
0.00571085
0.0060368
0.00640521
0.0067738
0.00713026
0.00744898
0.00775925
0.00806345
0.00838387
0.00871626
0.00905706
0.00938225
0.00965416
0.00982511
0.00501158
0.00506131
0.00519921
0.00536836
0.00555951
0.00575038
0.00596751
0.00621277
0.00650076
0.00680872
0.00712473
0.00741806
0.0077237
0.00803856
0.00837562
0.00875439
0.00918018
0.00964447
0.0100884
0.0104264
0.00510815
0.00529462
0.00536829
0.00547031
0.00564244
0.00582996
0.00604568
0.00628419
0.00657948
0.00691385
0.00728242
0.00763463
0.00797109
0.00828469
0.00853101
0.00868242
0.00872058
0.00864954
0.00851426
0.00838847
0.00499076
0.00509834
0.00528571
0.00552124
0.00575932
0.00596636
0.0061686
0.00638007
0.00665637
0.00695906
0.007283
0.00761158
0.00793174
0.00827931
0.0086631
0.00907801
0.00953246
0.00999102
0.0103989
0.0106601
0.00499937
0.00518479
0.00538276
0.00562911
0.00588112
0.00608689
0.00627156
0.00645151
0.00670346
0.00699269
0.00730266
0.0076427
0.0079991
0.00836761
0.00875325
0.00912585
0.0094739
0.00977025
0.0099895
0.0100689
0.0116636
0.0088176
0.00328633
-0.00116565
-0.00187548
-0.000183642
0.00170747
0.00303432
0.00392956
0.00470829
0.00548482
0.00620563
0.00683037
0.00736574
0.00785168
0.00833387
0.00889499
0.00961455
0.0103704
0.0109764
0.0114656
0.0119749
0.0125478
0.0131561
0.0137453
0.014286
0.0148043
0.015347
0.0159263
0.0165521
0.0172375
0.0179434
0.0186149
0.0192693
0.0199212
0.0205754
0.0212327
0.0218815
0.0224963
0.0230988
0.0237317
0.0243589
0.0249454
0.0255473
0.0262288
0.0269656
0.0276955
0.0284079
0.0291701
0.0299897
0.0308113
0.0316452
0.0325237
0.0333737
0.0341006
0.0347815
0.0355626
0.0365006
0.0374981
0.0384787
0.0394373
0.04039
0.0413071
0.0422491
0.0432556
0.0442575
0.0452681
0.0463367
0.0474326
0.0485119
0.0496445
0.0507891
0.051948
0.0531219
0.0543382
0.0555744
0.0568534
0.0581529
0.0594829
0.0608372
0.0622261
0.0636376
0.0650242
0.0664713
0.0679426
0.0694908
0.0710223
0.0725597
0.0741226
0.0757037
0.0773563
0.0790307
0.0807156
0.0824541
0.0841789
0.0859767
0.0877483
0.0895313
0.0912391
0.0927541
0.0112889
0.00870986
0.00337738
-0.00101769
-0.00178602
-0.000139491
0.00173462
0.00305206
0.00394176
0.00471758
0.00549268
0.0062127
0.00683686
0.0073716
0.00785675
0.00833803
0.00889826
0.00961736
0.0103732
0.010979
0.0114678
0.0119768
0.0125494
0.0131576
0.0137468
0.0142874
0.0148056
0.0153482
0.0159274
0.0165532
0.0172385
0.0179445
0.018616
0.0192703
0.0199222
0.0205764
0.0212336
0.0218824
0.0224972
0.0230996
0.0237325
0.0243597
0.0249462
0.0255479
0.0262294
0.0269662
0.0276961
0.0284085
0.0291706
0.0299902
0.0308118
0.0316457
0.0325242
0.0333742
0.0341011
0.0347819
0.0355629
0.0365009
0.0374985
0.038479
0.0394375
0.0403903
0.0413074
0.0422493
0.0432558
0.0442577
0.0452683
0.0463369
0.0474328
0.0485121
0.0496447
0.0507892
0.0519482
0.0531221
0.0543384
0.0555746
0.0568535
0.058153
0.059483
0.0608374
0.0622263
0.0636377
0.0650243
0.0664714
0.0679427
0.0694909
0.0710224
0.0725598
0.0741227
0.0757038
0.0773564
0.0790308
0.0807157
0.0824542
0.084179
0.0859768
0.0877484
0.0895314
0.0912392
0.0927542
0.0108472
0.00856623
0.00354631
-0.000749771
-0.00163705
-8.51125e-05
0.0017635
0.00307491
0.00395945
0.00473076
0.00550251
0.00622019
0.00684302
0.00737719
0.00786208
0.00834285
0.00890221
0.00962065
0.0103762
0.0109817
0.01147
0.0119787
0.0125511
0.0131591
0.0137482
0.0142887
0.0148067
0.0153492
0.0159283
0.016554
0.0172394
0.0179454
0.018617
0.0192712
0.019923
0.0205772
0.0212344
0.0218832
0.022498
0.0231003
0.0237332
0.0243604
0.0249469
0.0255485
0.02623
0.0269667
0.0276967
0.028409
0.029171
0.0299907
0.0308122
0.031646
0.0325246
0.0333747
0.0341016
0.0347822
0.0355631
0.0365011
0.0374987
0.0384793
0.0394378
0.0403906
0.0413077
0.0422495
0.043256
0.0442579
0.0452685
0.046337
0.047433
0.0485123
0.0496448
0.0507894
0.0519484
0.0531222
0.0543385
0.0555747
0.0568537
0.0581531
0.0594832
0.0608375
0.0622264
0.0636378
0.0650244
0.0664715
0.0679428
0.069491
0.0710225
0.0725599
0.0741228
0.0757039
0.0773565
0.0790309
0.0807158
0.0824542
0.0841791
0.0859769
0.0877485
0.0895314
0.0912394
0.0927544
0.0104248
0.00843621
0.00376978
-0.000408285
-0.00143342
-8.86795e-06
0.00180586
0.00311036
0.00398781
0.00475198
0.00551766
0.00623057
0.00685038
0.00738347
0.00786878
0.00835014
0.00890896
0.00962592
0.0103801
0.0109849
0.0114731
0.0119817
0.0125537
0.0131613
0.01375
0.0142902
0.0148081
0.0153504
0.0159292
0.0165548
0.0172402
0.0179463
0.0186179
0.0192721
0.0199239
0.020578
0.0212352
0.021884
0.0224988
0.0231011
0.023734
0.0243612
0.0249475
0.0255491
0.0262305
0.0269673
0.0276972
0.0284095
0.0291715
0.0299911
0.0308126
0.0316464
0.032525
0.0333752
0.034102
0.0347825
0.0355633
0.0365013
0.0374991
0.0384796
0.0394381
0.0403909
0.0413079
0.0422497
0.0432563
0.0442581
0.0452687
0.0463372
0.0474332
0.0485125
0.049645
0.0507896
0.0519485
0.0531224
0.0543387
0.0555748
0.0568538
0.0581533
0.0594833
0.0608376
0.0622265
0.063638
0.0650246
0.0664716
0.0679429
0.0694911
0.0710226
0.07256
0.0741229
0.075704
0.0773566
0.079031
0.0807159
0.0824543
0.0841792
0.085977
0.0877486
0.0895316
0.0912396
0.0927548
0.0100288
0.00831138
0.00400642
-4.38893e-05
-0.00120564
7.89965e-05
0.00185525
0.00315493
0.00402625
0.0047821
0.0055396
0.00624551
0.00686038
0.0073914
0.00787756
0.00836084
0.00891974
0.00963415
0.0103853
0.010989
0.0114776
0.0119865
0.012558
0.0131647
0.0137527
0.0142926
0.0148101
0.015352
0.0159304
0.0165558
0.017241
0.0179471
0.0186187
0.019273
0.0199248
0.0205789
0.021236
0.0218849
0.0224998
0.023102
0.0237348
0.0243619
0.0249482
0.0255497
0.0262311
0.0269679
0.0276979
0.0284101
0.029172
0.0299917
0.0308131
0.0316469
0.0325256
0.0333759
0.0341025
0.0347827
0.0355634
0.0365016
0.0374995
0.03848
0.0394384
0.0403912
0.0413082
0.0422499
0.0432565
0.0442584
0.0452689
0.0463374
0.0474334
0.0485127
0.0496452
0.0507898
0.0519487
0.0531225
0.0543388
0.055575
0.0568539
0.0581534
0.0594834
0.0608378
0.0622267
0.0636381
0.0650247
0.0664717
0.067943
0.0694913
0.0710228
0.0725602
0.074123
0.075704
0.0773567
0.0790311
0.080716
0.0824544
0.0841793
0.0859771
0.0877487
0.0895317
0.0912399
0.0927553
0.00965088
0.00817427
0.00423421
0.000325442
-0.000964081
0.000173141
0.00190563
0.00320247
0.00406999
0.00481786
0.00556645
0.00626429
0.00687322
0.00740152
0.00788873
0.00837499
0.00893456
0.00964535
0.0103919
0.0109937
0.0114834
0.0119932
0.0125642
0.0131696
0.0137567
0.0142963
0.0148134
0.0153545
0.0159322
0.016557
0.0172419
0.0179478
0.0186193
0.0192738
0.0199257
0.0205796
0.0212366
0.0218857
0.0225009
0.0231032
0.0237357
0.0243627
0.024949
0.0255506
0.0262319
0.0269686
0.0276985
0.0284108
0.0291727
0.0299922
0.0308136
0.0316475
0.0325262
0.0333766
0.0341031
0.0347831
0.0355636
0.0365019
0.0374999
0.0384804
0.0394388
0.0403916
0.0413086
0.0422502
0.0432568
0.0442587
0.0452691
0.0463376
0.0474337
0.0485129
0.0496454
0.05079
0.0519489
0.0531227
0.054339
0.0555751
0.0568541
0.0581536
0.0594836
0.0608379
0.0622268
0.0636383
0.0650248
0.0664718
0.0679431
0.0694914
0.0710229
0.0725603
0.0741231
0.0757041
0.0773568
0.0790312
0.0807161
0.0824545
0.0841794
0.0859772
0.0877489
0.0895319
0.0912403
0.0927559
0.00928744
0.00802209
0.00444918
0.000696948
-0.000709293
0.000273911
0.00195609
0.00325096
0.00411667
0.0048569
0.00559616
0.00628552
0.00688823
0.00741369
0.00790213
0.00839186
0.00895231
0.00965866
0.0103993
0.010999
0.0114903
0.0120016
0.012572
0.0131757
0.0137619
0.0143014
0.0148183
0.0153584
0.0159349
0.0165588
0.0172431
0.0179484
0.0186198
0.0192743
0.0199264
0.0205801
0.0212369
0.0218863
0.0225021
0.0231046
0.0237368
0.0243635
0.02495
0.0255518
0.026233
0.0269694
0.0276993
0.0284116
0.0291735
0.0299928
0.0308142
0.0316482
0.0325271
0.0333775
0.0341038
0.0347835
0.0355638
0.0365022
0.0375004
0.0384809
0.0394393
0.0403921
0.041309
0.0422505
0.0432571
0.044259
0.0452694
0.0463379
0.0474339
0.0485131
0.0496456
0.0507902
0.0519491
0.0531229
0.0543392
0.0555753
0.0568543
0.0581537
0.0594837
0.060838
0.062227
0.0636385
0.0650249
0.066472
0.0679433
0.0694915
0.0710231
0.0725604
0.0741232
0.0757042
0.0773569
0.0790313
0.0807162
0.0824546
0.0841795
0.0859773
0.0877491
0.0895321
0.0912409
0.0927568
0.00894244
0.00786037
0.00465009
0.00106814
-0.000441361
0.000383108
0.0020075
0.00330018
0.00416576
0.00489853
0.0056279
0.00630836
0.00690476
0.00742744
0.00791723
0.00841059
0.00897187
0.00967324
0.0104072
0.0110048
0.011498
0.0120111
0.0125808
0.0131825
0.0137677
0.0143076
0.0148247
0.0153639
0.015939
0.0165617
0.0172447
0.0179492
0.0186202
0.0192748
0.0199268
0.0205802
0.0212367
0.0218864
0.0225032
0.0231062
0.023738
0.0243644
0.0249513
0.0255535
0.0262345
0.0269703
0.0277002
0.0284127
0.0291744
0.0299934
0.0308148
0.031649
0.0325281
0.0333784
0.0341046
0.034784
0.0355641
0.0365027
0.037501
0.0384815
0.0394398
0.0403927
0.0413095
0.042251
0.0432576
0.0442594
0.0452698
0.0463382
0.0474343
0.0485134
0.0496459
0.0507904
0.0519493
0.0531231
0.0543394
0.0555755
0.0568544
0.0581539
0.0594839
0.0608382
0.0622271
0.0636387
0.0650251
0.0664721
0.0679434
0.0694917
0.0710233
0.0725605
0.0741234
0.0757044
0.077357
0.0790315
0.0807163
0.0824548
0.0841796
0.0859773
0.0877493
0.0895324
0.0912415
0.0927579
0.00862295
0.00769357
0.00483285
0.00143519
-0.000160047
0.000503393
0.00206125
0.00334999
0.00421684
0.00494243
0.00566133
0.00633247
0.00692244
0.00744236
0.00793352
0.00843053
0.0089926
0.00968874
0.0104157
0.0110109
0.0115063
0.0120214
0.0125902
0.0131897
0.0137738
0.0143143
0.0148321
0.0153707
0.0159444
0.0165655
0.0172471
0.0179502
0.0186207
0.0192754
0.0199273
0.0205801
0.0212359
0.0218859
0.022504
0.0231078
0.0237392
0.0243652
0.0249527
0.0255558
0.0262365
0.0269717
0.0277014
0.0284143
0.0291755
0.0299939
0.0308151
0.0316497
0.032529
0.0333794
0.0341056
0.0347848
0.0355647
0.0365032
0.0375017
0.0384822
0.0394404
0.0403933
0.0413102
0.0422515
0.0432581
0.04426
0.0452703
0.0463387
0.0474347
0.0485138
0.0496463
0.0507908
0.0519496
0.0531234
0.0543396
0.0555757
0.0568546
0.0581541
0.0594841
0.0608384
0.0622273
0.0636389
0.0650252
0.0664722
0.0679435
0.0694918
0.0710235
0.0725607
0.0741235
0.0757045
0.0773571
0.0790316
0.0807164
0.0824549
0.0841797
0.0859774
0.0877495
0.0895328
0.0912423
0.0927591
0.00833229
0.00752299
0.004994
0.00179597
0.000135526
0.00063711
0.002118
0.0033995
0.00426906
0.00498834
0.00569648
0.00635784
0.00694116
0.00745826
0.00795078
0.00845148
0.00901439
0.00970515
0.0104249
0.0110174
0.0115151
0.0120323
0.0126002
0.0131972
0.01378
0.0143212
0.01484
0.0153783
0.0159508
0.0165704
0.0172501
0.0179516
0.0186214
0.0192761
0.0199278
0.0205798
0.0212346
0.0218848
0.0225045
0.0231092
0.0237401
0.0243658
0.0249543
0.0255585
0.0262391
0.0269734
0.0277031
0.0284164
0.0291772
0.0299945
0.0308154
0.0316501
0.0325297
0.0333802
0.0341065
0.0347858
0.0355655
0.036504
0.0375024
0.0384828
0.039441
0.040394
0.0413109
0.0422522
0.0432588
0.0442607
0.0452709
0.0463392
0.0474353
0.0485144
0.0496468
0.0507912
0.05195
0.0531237
0.0543399
0.0555759
0.0568549
0.0581544
0.0594842
0.0608386
0.0622275
0.0636391
0.0650254
0.0664724
0.0679437
0.069492
0.0710237
0.0725609
0.0741237
0.0757046
0.0773573
0.0790318
0.0807166
0.0824551
0.0841799
0.0859775
0.0877499
0.0895332
0.0912431
0.0927607
0.00806881
0.00735073
0.00513406
0.00214936
0.000444302
0.000785073
0.00217801
0.00344796
0.00432185
0.00503638
0.00573371
0.00638474
0.00696104
0.00747519
0.00796908
0.00847358
0.00903738
0.0097226
0.0104346
0.0110243
0.0115243
0.0120438
0.0126108
0.013205
0.0137863
0.0143282
0.0148481
0.0153865
0.015958
0.0165761
0.0172537
0.0179533
0.0186222
0.0192769
0.0199285
0.0205795
0.0212331
0.0218832
0.0225045
0.0231104
0.0237408
0.024366
0.0249556
0.0255614
0.026242
0.0269755
0.0277052
0.0284191
0.0291795
0.0299955
0.0308156
0.0316503
0.0325298
0.0333803
0.0341071
0.0347869
0.0355666
0.0365051
0.0375035
0.0384835
0.0394414
0.0403946
0.0413117
0.042253
0.0432595
0.0442615
0.0452717
0.0463399
0.0474359
0.0485151
0.0496474
0.0507918
0.0519505
0.0531242
0.0543403
0.0555763
0.0568552
0.0581546
0.0594845
0.0608388
0.0622277
0.0636393
0.0650255
0.0664725
0.0679438
0.0694922
0.0710239
0.072561
0.0741238
0.0757048
0.0773575
0.079032
0.0807167
0.0824552
0.0841801
0.0859775
0.0877503
0.0895338
0.0912441
0.0927624
0.00783018
0.00718195
0.00525535
0.00249199
0.000762672
0.00094786
0.00224288
0.0034957
0.00437495
0.00508661
0.00577337
0.00641352
0.00698235
0.00749337
0.00798859
0.008497
0.00906176
0.00974118
0.010445
0.0110317
0.0115339
0.0120558
0.0126218
0.0132131
0.0137928
0.0143355
0.0148565
0.0153949
0.0159657
0.0165824
0.0172579
0.0179553
0.0186232
0.0192779
0.0199295
0.0205793
0.0212314
0.0218814
0.0225042
0.0231113
0.0237411
0.0243659
0.0249568
0.0255643
0.0262451
0.0269778
0.0277076
0.0284223
0.0291824
0.029997
0.0308162
0.0316503
0.0325293
0.0333797
0.0341071
0.0347876
0.0355679
0.0365067
0.0375049
0.0384844
0.0394418
0.040395
0.0413124
0.0422537
0.0432602
0.0442624
0.0452727
0.0463408
0.0474367
0.0485159
0.0496483
0.0507925
0.0519513
0.0531249
0.0543409
0.0555767
0.0568556
0.0581549
0.0594847
0.060839
0.062228
0.0636395
0.0650257
0.0664727
0.067944
0.0694924
0.0710242
0.0725613
0.074124
0.0757049
0.0773576
0.0790321
0.0807169
0.0824554
0.0841804
0.0859776
0.0877507
0.0895346
0.0912453
0.0927645
0.00761553
0.00702178
0.00535824
0.00281868
0.00108723
0.00112741
0.00231555
0.00354342
0.0044277
0.0051386
0.00581564
0.00644465
0.00700551
0.00751308
0.00800951
0.00852186
0.00908761
0.00976097
0.0104562
0.0110394
0.011544
0.0120684
0.0126334
0.0132217
0.0137996
0.0143429
0.0148651
0.0154037
0.0159739
0.0165895
0.0172627
0.0179575
0.0186242
0.019279
0.0199305
0.0205793
0.0212297
0.0218793
0.0225037
0.023112
0.0237413
0.0243655
0.0249578
0.0255672
0.0262483
0.0269802
0.0277102
0.0284258
0.0291857
0.0299989
0.030817
0.0316503
0.0325283
0.0333782
0.0341061
0.0347878
0.0355691
0.0365086
0.037507
0.0384856
0.0394423
0.0403952
0.0413129
0.0422544
0.0432609
0.0442632
0.0452738
0.0463417
0.0474376
0.0485168
0.0496492
0.0507933
0.0519522
0.0531258
0.0543416
0.0555773
0.0568561
0.0581554
0.0594851
0.0608393
0.0622284
0.0636398
0.0650259
0.0664728
0.0679441
0.0694926
0.0710245
0.0725615
0.0741242
0.0757051
0.0773578
0.0790323
0.0807171
0.0824556
0.0841807
0.0859775
0.0877512
0.0895354
0.0912465
0.0927667
0.00742303
0.00687206
0.00544223
0.00312599
0.00141619
0.00132586
0.00239869
0.00359155
0.00447914
0.00519171
0.00586077
0.00647878
0.00703113
0.0075347
0.00803196
0.00854818
0.00911498
0.00978206
0.0104681
0.0110476
0.0115546
0.0120816
0.0126455
0.0132306
0.0138068
0.0143507
0.0148741
0.015413
0.0159828
0.0165973
0.0172681
0.0179601
0.0186254
0.0192802
0.0199318
0.0205795
0.021228
0.0218771
0.0225031
0.0231127
0.0237414
0.024365
0.0249586
0.0255701
0.0262515
0.0269826
0.0277128
0.0284295
0.0291893
0.0300012
0.030818
0.0316502
0.0325268
0.0333758
0.0341043
0.0347872
0.0355697
0.0365105
0.0375094
0.0384874
0.0394429
0.0403952
0.0413132
0.0422549
0.0432615
0.0442641
0.0452749
0.0463428
0.0474385
0.0485179
0.0496501
0.0507942
0.0519532
0.053127
0.0543426
0.0555781
0.0568568
0.0581559
0.0594854
0.0608396
0.0622287
0.0636402
0.0650262
0.0664729
0.0679441
0.0694926
0.0710247
0.0725617
0.0741244
0.0757053
0.077358
0.0790324
0.0807172
0.0824557
0.084181
0.0859775
0.0877518
0.0895364
0.0912479
0.0927693
0.00724845
0.00673243
0.00550944
0.00341342
0.00174744
0.00154361
0.00249441
0.00364099
0.00452868
0.00524536
0.005909
0.00651671
0.00705995
0.00755862
0.00805607
0.00857599
0.00914391
0.00980451
0.0104809
0.0110563
0.0115658
0.0120955
0.0126583
0.0132401
0.0138144
0.0143589
0.0148834
0.0154228
0.0159925
0.0166061
0.0172742
0.017963
0.0186266
0.0192814
0.0199332
0.0205798
0.0212264
0.0218748
0.0225023
0.0231132
0.0237414
0.0243644
0.0249594
0.0255729
0.0262548
0.0269851
0.0277154
0.0284333
0.0291931
0.0300036
0.0308192
0.0316501
0.0325249
0.0333727
0.0341018
0.034786
0.0355699
0.0365122
0.0375119
0.0384895
0.0394436
0.0403952
0.0413133
0.0422552
0.0432619
0.0442648
0.0452759
0.0463438
0.0474395
0.048519
0.0496511
0.0507951
0.0519544
0.0531284
0.0543439
0.0555791
0.0568576
0.0581566
0.0594859
0.06084
0.0622291
0.0636407
0.0650266
0.0664732
0.0679441
0.0694926
0.0710249
0.072562
0.0741246
0.0757056
0.0773581
0.0790326
0.0807174
0.0824558
0.0841814
0.0859773
0.0877524
0.0895375
0.0912494
0.0927721
0.00708737
0.00660303
0.00556431
0.00368103
0.0020772
0.00177954
0.00260509
0.00369362
0.00457627
0.00529887
0.00596037
0.0065591
0.00709269
0.00758525
0.00808195
0.00860527
0.00917437
0.00982835
0.0104946
0.0110656
0.0115776
0.01211
0.0126717
0.01325
0.0138224
0.0143675
0.0148933
0.0154333
0.0160032
0.0166159
0.0172811
0.0179663
0.0186279
0.0192827
0.0199347
0.0205803
0.0212249
0.0218725
0.0225014
0.0231138
0.0237413
0.0243637
0.0249602
0.025576
0.0262582
0.0269876
0.0277181
0.0284371
0.0291969
0.0300061
0.0308204
0.0316499
0.0325225
0.033369
0.0340988
0.0347845
0.0355698
0.0365135
0.0375143
0.0384916
0.0394444
0.0403951
0.0413132
0.0422555
0.0432623
0.0442656
0.045277
0.0463449
0.0474406
0.0485201
0.0496521
0.050796
0.0519555
0.0531298
0.0543453
0.0555803
0.0568586
0.0581574
0.0594865
0.0608403
0.0622295
0.0636411
0.0650272
0.0664736
0.0679441
0.0694924
0.071025
0.0725622
0.0741249
0.0757059
0.0773583
0.0790326
0.0807175
0.0824559
0.0841818
0.0859771
0.0877531
0.0895387
0.0912509
0.0927751
0.00693733
0.00648439
0.00561088
0.00392853
0.00240109
0.00203177
0.00273326
0.003752
0.0046222
0.00535142
0.00601454
0.00660633
0.0071299
0.00761489
0.00810965
0.008636
0.00920633
0.0098536
0.0105094
0.0110756
0.01159
0.0121253
0.0126857
0.0132605
0.0138309
0.0143765
0.0149037
0.0154446
0.0160149
0.0166267
0.0172887
0.01797
0.0186294
0.019284
0.0199363
0.0205809
0.0212235
0.0218702
0.0225006
0.0231143
0.0237413
0.0243631
0.0249612
0.0255793
0.0262619
0.0269902
0.0277207
0.028441
0.0292008
0.0300087
0.0308216
0.0316497
0.0325198
0.0333647
0.0340956
0.0347833
0.03557
0.0365146
0.0375162
0.0384935
0.0394451
0.0403949
0.0413131
0.0422557
0.0432628
0.0442663
0.0452781
0.046346
0.0474417
0.0485213
0.0496531
0.0507968
0.0519566
0.0531313
0.0543469
0.0555817
0.0568597
0.0581583
0.0594872
0.0608407
0.0622297
0.0636416
0.0650279
0.0664741
0.0679442
0.0694921
0.0710249
0.0725623
0.0741253
0.0757064
0.0773586
0.0790327
0.0807176
0.0824558
0.0841822
0.0859769
0.0877537
0.08954
0.0912525
0.0927782
0.00679757
0.00637607
0.00565194
0.00415652
0.00271539
0.00229735
0.00288091
0.00381888
0.0046672
0.00540224
0.00607075
0.00665836
0.00717187
0.00764774
0.00813921
0.00866812
0.00923978
0.00988028
0.0105252
0.0110863
0.0116032
0.0121414
0.0127005
0.0132716
0.0138399
0.0143861
0.0149148
0.0154567
0.0160275
0.0166384
0.017297
0.017974
0.018631
0.0192855
0.0199381
0.0205817
0.0212221
0.0218679
0.0224998
0.023115
0.0237414
0.0243626
0.0249625
0.0255829
0.0262659
0.0269929
0.0277233
0.0284449
0.0292048
0.0300113
0.030823
0.0316495
0.0325169
0.0333602
0.0340927
0.0347829
0.0355711
0.0365159
0.0375177
0.0384949
0.0394456
0.0403945
0.041313
0.042256
0.0432634
0.0442672
0.0452793
0.0463472
0.0474429
0.0485226
0.0496542
0.0507976
0.0519577
0.0531328
0.0543486
0.0555832
0.056861
0.0581594
0.059488
0.0608412
0.0622299
0.0636419
0.0650286
0.0664749
0.0679444
0.0694917
0.0710246
0.0725623
0.0741256
0.0757069
0.077359
0.0790328
0.0807178
0.0824558
0.0841826
0.0859767
0.0877545
0.0895415
0.0912541
0.0927814
0.00666808
0.00627646
0.00568949
0.00436725
0.00301718
0.002572
0.00304901
0.00389712
0.00471258
0.00545071
0.00612786
0.00671466
0.00721868
0.00768403
0.00817065
0.00870154
0.00927463
0.0099084
0.0105422
0.011098
0.0116171
0.0121582
0.0127161
0.0132834
0.0138494
0.0143961
0.0149265
0.0154696
0.0160409
0.0166509
0.0173058
0.0179783
0.0186329
0.0192871
0.01994
0.0205826
0.0212208
0.0218657
0.022499
0.0231157
0.0237416
0.0243622
0.0249641
0.0255871
0.0262703
0.0269958
0.027726
0.0284489
0.0292089
0.0300139
0.0308243
0.0316494
0.0325139
0.0333556
0.0340902
0.0347838
0.0355737
0.0365179
0.0375189
0.0384959
0.0394456
0.040394
0.041313
0.0422566
0.0432641
0.0442682
0.0452807
0.0463484
0.047444
0.0485239
0.0496553
0.0507984
0.0519588
0.0531343
0.0543503
0.0555848
0.0568623
0.0581605
0.0594889
0.0608417
0.0622301
0.0636421
0.0650292
0.0664757
0.0679447
0.0694913
0.0710242
0.0725621
0.0741258
0.0757075
0.0773594
0.0790329
0.0807179
0.0824557
0.084183
0.0859764
0.0877552
0.089543
0.0912557
0.0927847
0.0065495
0.00618366
0.00572483
0.00456385
0.00330423
0.00285083
0.00323756
0.00398962
0.00476014
0.0054964
0.00618452
0.00677443
0.00727024
0.00772391
0.00820405
0.00873616
0.00931079
0.00993794
0.0105604
0.0111106
0.0116319
0.0121759
0.0127324
0.0132958
0.0138594
0.0144068
0.0149389
0.0154831
0.016055
0.016664
0.0173151
0.017983
0.0186349
0.019289
0.0199422
0.0205836
0.0212196
0.0218635
0.0224983
0.0231166
0.0237419
0.024362
0.024966
0.0255918
0.0262752
0.026999
0.0277287
0.0284529
0.029213
0.0300166
0.0308257
0.0316494
0.032511
0.033351
0.0340882
0.0347863
0.0355783
0.0365208
0.0375201
0.0384963
0.0394453
0.0403934
0.041313
0.0422575
0.043265
0.0442694
0.0452823
0.0463498
0.0474453
0.0485252
0.0496564
0.0507993
0.0519599
0.0531358
0.054352
0.0555865
0.0568637
0.0581617
0.05949
0.0608424
0.0622302
0.0636422
0.0650298
0.0664767
0.0679452
0.0694909
0.0710236
0.0725619
0.074126
0.0757081
0.0773599
0.0790331
0.080718
0.0824556
0.0841834
0.0859761
0.087756
0.0895447
0.0912575
0.0927881
0.00644347
0.0060957
0.0057579
0.00474984
0.00357537
0.00312894
0.00344544
0.00409903
0.00481207
0.00553938
0.00623952
0.00683661
0.00732624
0.00776741
0.0082395
0.008772
0.00934825
0.00996898
0.0105799
0.0111242
0.0116475
0.0121944
0.0127495
0.0133089
0.0138701
0.014418
0.0149519
0.0154973
0.0160695
0.0166775
0.0173248
0.0179879
0.0186372
0.0192911
0.0199445
0.0205847
0.0212184
0.0218613
0.0224977
0.0231177
0.0237423
0.024362
0.0249683
0.025597
0.0262806
0.0270025
0.0277316
0.0284569
0.0292172
0.0300193
0.0308272
0.0316495
0.0325082
0.0333467
0.0340868
0.0347902
0.0355847
0.0365249
0.0375212
0.0384964
0.0394448
0.0403927
0.0413133
0.0422587
0.0432661
0.0442707
0.0452841
0.0463514
0.0474465
0.0485265
0.0496576
0.0508003
0.0519611
0.0531374
0.0543537
0.0555883
0.0568652
0.058163
0.0594911
0.0608431
0.0622304
0.0636422
0.0650304
0.0664777
0.0679458
0.0694906
0.071023
0.0725615
0.0741262
0.0757087
0.0773604
0.0790332
0.0807182
0.0824555
0.0841838
0.0859759
0.0877568
0.0895466
0.0912593
0.0927916
0.00635327
0.00601069
0.00578647
0.00492893
0.00383141
0.00340172
0.00367006
0.00422756
0.004871
0.00558045
0.00629201
0.00689996
0.0073861
0.00781451
0.0082772
0.00880925
0.00938709
0.0100015
0.0106008
0.0111388
0.0116641
0.0122139
0.0127675
0.0133227
0.0138813
0.0144299
0.0149656
0.015512
0.0160845
0.0166913
0.0173348
0.0179932
0.0186398
0.0192934
0.019947
0.020586
0.0212173
0.0218591
0.0224972
0.0231189
0.0237428
0.0243621
0.024971
0.0256027
0.0262865
0.0270062
0.0277346
0.028461
0.0292215
0.0300221
0.0308287
0.0316497
0.0325056
0.0333424
0.0340859
0.0347953
0.0355927
0.03653
0.0375225
0.0384962
0.039444
0.040392
0.0413138
0.0422603
0.0432674
0.0442721
0.0452861
0.0463531
0.0474478
0.0485279
0.0496589
0.0508014
0.0519624
0.053139
0.0543556
0.0555901
0.0568668
0.0581643
0.0594923
0.0608439
0.0622306
0.0636421
0.065031
0.0664787
0.0679465
0.0694903
0.0710223
0.0725612
0.0741265
0.0757093
0.0773609
0.0790333
0.0807183
0.0824554
0.0841843
0.0859757
0.0877576
0.0895485
0.0912612
0.0927953
0.00628375
0.0059286
0.00580629
0.00510419
0.00407545
0.00366504
0.00390754
0.00437695
0.00493979
0.00562093
0.00634138
0.00696319
0.00744917
0.0078653
0.00831741
0.00884817
0.00942741
0.0100356
0.0106229
0.0111545
0.0116817
0.0122344
0.0127864
0.0133374
0.0138933
0.0144425
0.0149799
0.0155272
0.0160997
0.0167053
0.0173452
0.0179988
0.0186426
0.019296
0.0199498
0.0205875
0.0212162
0.021857
0.0224968
0.0231203
0.0237436
0.0243624
0.024974
0.0256089
0.0262928
0.0270103
0.0277377
0.0284653
0.029226
0.0300249
0.0308302
0.03165
0.0325032
0.0333384
0.0340853
0.0348013
0.0356018
0.0365361
0.037524
0.0384959
0.0394432
0.0403912
0.0413145
0.0422622
0.0432688
0.0442736
0.0452883
0.0463549
0.0474491
0.0485294
0.0496603
0.0508026
0.0519638
0.0531407
0.0543575
0.0555921
0.0568686
0.0581657
0.0594935
0.0608449
0.0622309
0.0636421
0.0650316
0.0664798
0.0679473
0.0694901
0.0710217
0.0725608
0.0741267
0.07571
0.0773615
0.0790335
0.0807185
0.0824553
0.0841848
0.0859755
0.0877585
0.0895505
0.0912633
0.0927991
0.0062391
0.00585415
0.00581267
0.00527626
0.00431217
0.00391563
0.00415289
0.00454848
0.00502135
0.0056623
0.00638747
0.00702534
0.00751476
0.00791982
0.00836032
0.00888895
0.00946941
0.0100713
0.0106465
0.0111713
0.0117002
0.0122559
0.0128065
0.0133529
0.013906
0.0144558
0.0149949
0.0155429
0.0161153
0.0167197
0.0173559
0.0180047
0.0186458
0.0192988
0.0199529
0.0205892
0.0212152
0.0218549
0.0224966
0.023122
0.0237445
0.0243629
0.0249773
0.0256156
0.0262996
0.0270146
0.0277409
0.0284697
0.0292305
0.0300277
0.0308317
0.0316503
0.0325009
0.0333345
0.034085
0.0348078
0.0356117
0.0365427
0.0375257
0.0384955
0.0394423
0.0403904
0.0413153
0.0422643
0.0432703
0.0442752
0.0452906
0.0463568
0.0474505
0.048531
0.0496618
0.0508039
0.0519653
0.0531425
0.0543594
0.0555941
0.0568704
0.0581671
0.0594949
0.0608459
0.0622312
0.063642
0.0650322
0.0664809
0.0679482
0.0694899
0.0710211
0.0725606
0.0741271
0.0757106
0.077362
0.0790336
0.0807187
0.0824552
0.0841853
0.0859754
0.0877593
0.0895526
0.0912656
0.092803
0.00621996
0.00579771
0.00580201
0.00544137
0.0045475
0.0041525
0.00440002
0.0047422
0.00511852
0.00570621
0.00643083
0.00708594
0.00758201
0.00797778
0.00840601
0.00893171
0.00951341
0.0101088
0.0106715
0.0111891
0.0117198
0.0122786
0.0128276
0.0133693
0.0139196
0.0144699
0.0150106
0.0155591
0.0161312
0.0167344
0.017367
0.0180111
0.0186493
0.019302
0.0199562
0.020591
0.0212143
0.0218529
0.0224964
0.0231239
0.0237457
0.0243635
0.0249808
0.0256227
0.0263067
0.0270192
0.0277443
0.0284742
0.0292353
0.0300306
0.0308332
0.0316508
0.0324988
0.0333307
0.0340847
0.0348145
0.035622
0.0365496
0.0375275
0.038495
0.0394414
0.0403896
0.0413162
0.0422665
0.0432719
0.0442769
0.045293
0.0463588
0.0474519
0.0485326
0.0496634
0.0508053
0.0519669
0.0531443
0.0543615
0.0555963
0.0568723
0.0581686
0.0594963
0.060847
0.0622317
0.0636421
0.065033
0.0664822
0.0679492
0.0694898
0.0710206
0.0725604
0.0741275
0.0757113
0.0773626
0.0790338
0.0807189
0.0824551
0.0841858
0.0859753
0.0877602
0.0895548
0.091268
0.0928071
0.00621962
0.00577288
0.00577517
0.00559062
0.0047873
0.0043786
0.00464195
0.00495601
0.00523431
0.00575453
0.00647248
0.00714495
0.00765006
0.00803856
0.00845447
0.00897653
0.00955966
0.0101486
0.010698
0.011208
0.0117403
0.0123025
0.01285
0.0133868
0.013934
0.0144848
0.0150271
0.0155758
0.0161475
0.0167494
0.0173785
0.0180178
0.0186531
0.0193055
0.0199598
0.0205931
0.0212136
0.021851
0.0224964
0.023126
0.023747
0.0243642
0.0249845
0.02563
0.0263142
0.027024
0.0277478
0.0284788
0.0292402
0.0300336
0.0308347
0.0316512
0.0324968
0.0333271
0.0340845
0.0348214
0.0356324
0.0365567
0.0375294
0.0384946
0.0394405
0.0403889
0.0413171
0.0422689
0.0432736
0.0442786
0.0452955
0.0463609
0.0474534
0.0485343
0.049665
0.0508067
0.0519686
0.0531463
0.0543637
0.0555986
0.0568743
0.0581701
0.0594977
0.0608482
0.0622322
0.0636422
0.0650338
0.0664834
0.0679502
0.0694898
0.07102
0.0725603
0.074128
0.075712
0.0773631
0.0790339
0.0807191
0.082455
0.0841864
0.0859753
0.0877611
0.0895572
0.0912707
0.0928114
0.00622305
0.00579177
0.00574184
0.00571316
0.00503351
0.00460053
0.00487213
0.00518542
0.00537212
0.00580941
0.00651323
0.00720276
0.00771841
0.00810137
0.00850555
0.00902354
0.00960833
0.0101911
0.0107264
0.0112278
0.0117618
0.0123275
0.0128736
0.0134054
0.0139493
0.0145006
0.0150443
0.0155932
0.0161642
0.0167649
0.0173905
0.018025
0.0186574
0.0193094
0.0199638
0.0205954
0.021213
0.0218491
0.0224966
0.0231284
0.0237486
0.0243651
0.0249883
0.0256375
0.0263219
0.0270289
0.0277514
0.0284836
0.0292453
0.0300367
0.0308362
0.0316517
0.032495
0.0333237
0.0340845
0.0348284
0.0356428
0.0365638
0.0375314
0.0384942
0.0394397
0.0403881
0.0413182
0.0422713
0.0432753
0.0442804
0.0452981
0.0463631
0.0474549
0.0485361
0.0496668
0.0508083
0.0519703
0.0531483
0.0543659
0.0556009
0.0568763
0.0581717
0.0594992
0.0608495
0.0622328
0.0636424
0.0650346
0.0664848
0.0679513
0.0694897
0.0710195
0.0725602
0.0741285
0.0757127
0.0773636
0.0790341
0.0807194
0.0824549
0.084187
0.0859753
0.087762
0.0895597
0.0912736
0.0928158
0.00621014
0.00585674
0.00571999
0.00580095
0.00528014
0.00482723
0.00508715
0.00542335
0.00553512
0.00587377
0.00655312
0.00726004
0.00778719
0.00816542
0.00855872
0.00907275
0.00965951
0.0102365
0.0107571
0.0112487
0.011784
0.0123538
0.0128986
0.0134252
0.0139656
0.0145172
0.0150624
0.0156112
0.0161814
0.0167808
0.0174029
0.0180326
0.018662
0.0193136
0.0199681
0.020598
0.0212125
0.0218473
0.022497
0.023131
0.0237503
0.024366
0.0249921
0.0256453
0.0263299
0.027034
0.0277551
0.0284886
0.0292506
0.0300398
0.0308377
0.0316523
0.0324934
0.0333204
0.0340845
0.0348352
0.0356531
0.036571
0.0375335
0.0384939
0.0394389
0.0403874
0.0413193
0.0422737
0.0432771
0.0442822
0.0453008
0.0463653
0.0474565
0.0485379
0.0496686
0.0508099
0.0519721
0.0531504
0.0543682
0.0556033
0.0568785
0.0581734
0.0595008
0.0608508
0.0622334
0.0636427
0.0650356
0.0664861
0.0679523
0.0694897
0.071019
0.0725603
0.0741291
0.0757134
0.0773642
0.0790342
0.0807196
0.0824548
0.0841875
0.0859755
0.0877629
0.0895623
0.0912768
0.0928203
0.00616062
0.00595377
0.00573169
0.00585507
0.00551321
0.00506725
0.00528977
0.00566008
0.00572393
0.00595202
0.0065919
0.00731731
0.00785722
0.00823018
0.00861317
0.00912393
0.00971331
0.0102851
0.0107905
0.011271
0.0118069
0.0123811
0.0129251
0.0134464
0.0139829
0.0145347
0.0150814
0.0156301
0.016199
0.0167971
0.0174159
0.0180408
0.018667
0.0193182
0.0199728
0.020601
0.0212122
0.0218457
0.0224975
0.023134
0.0237524
0.024367
0.024996
0.0256532
0.0263381
0.0270393
0.0277589
0.0284938
0.0292561
0.030043
0.0308392
0.031653
0.0324919
0.0333173
0.0340846
0.0348421
0.0356633
0.0365781
0.0375357
0.0384937
0.0394382
0.0403868
0.0413204
0.0422761
0.043279
0.0442842
0.0453036
0.0463676
0.0474582
0.0485399
0.0496706
0.0508116
0.0519741
0.0531526
0.0543706
0.0556058
0.0568807
0.0581751
0.0595024
0.0608522
0.0622341
0.0636431
0.0650366
0.0664875
0.0679534
0.0694897
0.0710185
0.0725603
0.0741298
0.0757142
0.0773648
0.0790343
0.0807199
0.0824547
0.0841881
0.0859757
0.0877638
0.0895652
0.0912802
0.092825
0.0060649
0.00605754
0.00579341
0.00589005
0.00571678
0.00532298
0.00548892
0.0058857
0.00593469
0.00605028
0.00663031
0.007374
0.00792999
0.00829581
0.00866774
0.00917637
0.00976974
0.0103371
0.010827
0.0112952
0.0118307
0.0124094
0.012953
0.0134689
0.0140013
0.0145532
0.0151013
0.0156497
0.0162173
0.0168139
0.0174295
0.0180495
0.0186725
0.0193232
0.0199779
0.0206042
0.0212122
0.0218442
0.0224983
0.0231373
0.0237547
0.0243681
0.0249999
0.0256613
0.0263466
0.0270448
0.0277628
0.0284991
0.0292619
0.0300464
0.0308407
0.0316537
0.0324907
0.0333145
0.0340847
0.0348489
0.0356733
0.0365852
0.0375379
0.0384936
0.0394375
0.0403862
0.0413215
0.0422786
0.0432809
0.0442862
0.0453064
0.04637
0.0474599
0.048542
0.0496726
0.0508134
0.0519761
0.0531548
0.0543731
0.0556083
0.056883
0.0581769
0.0595041
0.0608537
0.0622348
0.0636435
0.0650376
0.066489
0.0679545
0.0694897
0.071018
0.0725604
0.0741304
0.075715
0.0773654
0.0790344
0.0807202
0.0824546
0.0841888
0.0859759
0.0877647
0.0895682
0.0912838
0.0928298
0.0059327
0.00613847
0.00590393
0.00592934
0.00588006
0.00558518
0.00569651
0.00609547
0.00615863
0.00617444
0.00667142
0.00742793
0.00800685
0.0083635
0.00872142
0.009229
0.00982849
0.010393
0.0108669
0.0113215
0.0118555
0.0124385
0.0129823
0.0134929
0.0140209
0.0145726
0.015122
0.0156701
0.0162362
0.0168312
0.0174435
0.0180587
0.0186786
0.0193286
0.0199833
0.0206078
0.0212124
0.0218429
0.0224993
0.0231409
0.0237572
0.0243693
0.0250039
0.0256696
0.0263553
0.0270504
0.0277669
0.0285046
0.0292678
0.0300498
0.0308422
0.0316546
0.0324896
0.0333118
0.034085
0.0348556
0.0356832
0.0365923
0.0375403
0.0384937
0.039437
0.0403857
0.0413228
0.0422811
0.0432829
0.0442883
0.0453093
0.0463724
0.0474617
0.0485442
0.0496748
0.0508153
0.0519782
0.0531572
0.0543757
0.055611
0.0568854
0.0581788
0.0595059
0.0608551
0.0622356
0.063644
0.0650387
0.0664905
0.0679556
0.0694898
0.0710176
0.0725606
0.0741311
0.0757158
0.077366
0.0790346
0.0807206
0.0824545
0.0841894
0.0859763
0.0877656
0.0895714
0.0912878
0.0928348
0.00578764
0.0061749
0.00604246
0.00599863
0.0060064
0.00583516
0.00592213
0.00629412
0.00638348
0.00632642
0.0067216
0.00747667
0.00808758
0.00843558
0.00877394
0.00928051
0.00988899
0.0104528
0.0109108
0.0113501
0.0118818
0.0124686
0.0130128
0.0135184
0.0140417
0.0145931
0.0151437
0.0156913
0.0162557
0.016849
0.0174581
0.0180686
0.0186851
0.0193345
0.0199893
0.0206119
0.0212128
0.0218417
0.0225005
0.0231448
0.0237601
0.0243707
0.0250079
0.025678
0.0263643
0.0270562
0.027771
0.0285103
0.029274
0.0300534
0.0308438
0.0316555
0.0324889
0.0333094
0.0340854
0.0348622
0.0356929
0.0365993
0.0375428
0.0384938
0.0394365
0.0403853
0.0413241
0.0422837
0.0432849
0.0442904
0.0453123
0.046375
0.0474636
0.0485464
0.049677
0.0508172
0.0519804
0.0531596
0.0543783
0.0556137
0.0568878
0.0581808
0.0595077
0.0608567
0.0622364
0.0636445
0.0650399
0.066492
0.0679567
0.0694898
0.0710171
0.0725607
0.0741317
0.0757166
0.0773666
0.0790347
0.080721
0.0824545
0.08419
0.0859767
0.0877665
0.0895748
0.091292
0.0928399
0.00565224
0.00616574
0.00618055
0.00611194
0.00611539
0.00605453
0.0061642
0.00649361
0.0065985
0.00650132
0.00678942
0.00752026
0.00816951
0.00851488
0.00882639
0.00932928
0.00995016
0.0105165
0.0109592
0.0113814
0.0119096
0.0125003
0.0130445
0.0135452
0.0140639
0.0146147
0.0151665
0.0157134
0.0162759
0.0168674
0.0174733
0.0180791
0.0186923
0.0193409
0.0199957
0.0206163
0.0212136
0.0218408
0.0225021
0.0231492
0.0237633
0.0243721
0.025012
0.0256866
0.0263735
0.0270622
0.0277752
0.0285162
0.0292805
0.0300571
0.0308454
0.0316566
0.0324883
0.0333073
0.034086
0.0348688
0.0357026
0.0366063
0.0375454
0.0384942
0.0394362
0.0403849
0.0413255
0.0422863
0.043287
0.0442927
0.0453155
0.0463776
0.0474656
0.0485488
0.0496793
0.0508193
0.0519826
0.0531622
0.0543811
0.0556165
0.0568903
0.0581828
0.0595095
0.0608582
0.0622373
0.0636451
0.065041
0.0664935
0.0679578
0.0694899
0.0710167
0.0725609
0.0741323
0.0757175
0.0773673
0.0790348
0.0807214
0.0824545
0.0841906
0.0859773
0.0877675
0.0895783
0.0912965
0.0928451
0.00554151
0.00612791
0.00629137
0.00626032
0.00623404
0.00623601
0.00640633
0.00670654
0.00680224
0.00668827
0.00688144
0.00756305
0.00824833
0.00860304
0.00888147
0.009374
0.0100105
0.0105834
0.0110125
0.011416
0.0119387
0.0125338
0.0130779
0.013573
0.0140873
0.0146375
0.0151904
0.0157365
0.0162968
0.0168865
0.0174892
0.0180902
0.0187001
0.0193479
0.0200025
0.0206212
0.0212147
0.0218401
0.0225039
0.023154
0.0237668
0.0243737
0.0250161
0.0256953
0.026383
0.0270684
0.0277796
0.0285223
0.0292871
0.030061
0.030847
0.0316577
0.0324881
0.0333055
0.0340867
0.0348754
0.035712
0.0366133
0.0375481
0.0384947
0.039436
0.0403847
0.0413269
0.0422889
0.0432891
0.044295
0.0453187
0.0463803
0.0474677
0.0485513
0.0496818
0.0508214
0.051985
0.0531648
0.0543839
0.0556194
0.056893
0.0581849
0.0595115
0.0608599
0.0622383
0.0636458
0.0650422
0.0664951
0.0679589
0.06949
0.0710163
0.0725611
0.074133
0.0757184
0.0773681
0.0790349
0.0807218
0.0824545
0.0841913
0.0859779
0.0877684
0.0895821
0.0913014
0.0928505
0.00546176
0.00608212
0.00636222
0.00641801
0.00638528
0.00639284
0.00662705
0.00693721
0.00700531
0.00687472
0.00699693
0.0076132
0.00832113
0.00869866
0.00894291
0.00941466
0.010068
0.010653
0.0110705
0.0114547
0.0119693
0.0125687
0.0131138
0.0136021
0.0141113
0.0146615
0.0152157
0.0157606
0.0163183
0.0169061
0.0175058
0.0181019
0.0187084
0.0193554
0.0200099
0.0206266
0.0212163
0.0218396
0.022506
0.0231592
0.0237707
0.0243754
0.0250203
0.0257043
0.0263929
0.0270747
0.027784
0.0285285
0.0292941
0.030065
0.0308486
0.0316591
0.0324881
0.0333039
0.0340875
0.0348818
0.0357213
0.0366202
0.0375509
0.0384954
0.0394359
0.0403846
0.0413284
0.0422917
0.0432913
0.0442974
0.045322
0.0463831
0.0474698
0.0485539
0.0496844
0.0508236
0.0519875
0.0531676
0.0543869
0.0556223
0.0568957
0.0581871
0.0595134
0.0608616
0.0622394
0.0636465
0.0650434
0.0664967
0.0679601
0.0694901
0.0710159
0.0725613
0.0741336
0.0757193
0.0773689
0.0790351
0.0807223
0.0824546
0.0841919
0.0859787
0.0877694
0.0895859
0.0913065
0.0928561
0.00541564
0.00604559
0.00639907
0.00655707
0.00657175
0.00655135
0.0068119
0.00717275
0.00722177
0.00705551
0.00712738
0.00767863
0.00838925
0.00879776
0.00901408
0.00945298
0.0101208
0.0107245
0.0111331
0.0114976
0.0120023
0.0126047
0.0131523
0.0136334
0.0141357
0.0146863
0.0152424
0.0157861
0.0163406
0.0169262
0.0175232
0.0181146
0.0187173
0.0193635
0.020018
0.0206326
0.0212182
0.0218395
0.0225084
0.0231649
0.0237751
0.0243773
0.0250244
0.0257134
0.026403
0.0270813
0.0277885
0.0285349
0.0293013
0.0300692
0.0308503
0.0316605
0.0324885
0.0333027
0.0340884
0.0348882
0.0357305
0.036627
0.0375538
0.0384962
0.039436
0.0403846
0.0413301
0.0422944
0.0432936
0.0442999
0.0453254
0.046386
0.047472
0.0485566
0.049687
0.0508259
0.05199
0.0531704
0.0543899
0.0556254
0.0568985
0.0581894
0.0595155
0.0608633
0.0622405
0.0636472
0.0650447
0.0664983
0.0679612
0.0694903
0.0710156
0.0725616
0.0741343
0.0757202
0.0773697
0.0790352
0.0807227
0.0824547
0.0841925
0.0859797
0.0877704
0.08959
0.0913121
0.0928619
0.00540626
0.00603174
0.00641882
0.00665689
0.00677202
0.00673926
0.00696733
0.00738967
0.00745906
0.00723965
0.00726131
0.00776098
0.00845852
0.00889646
0.00909618
0.00949231
0.0101671
0.0107967
0.0112001
0.0115443
0.0120383
0.0126422
0.013193
0.0136677
0.0141609
0.0147111
0.0152705
0.0158131
0.0163638
0.0169468
0.0175412
0.0181281
0.0187269
0.0193721
0.0200267
0.0206392
0.0212206
0.0218397
0.0225111
0.0231711
0.02378
0.0243794
0.0250285
0.0257226
0.0264135
0.0270881
0.027793
0.0285414
0.0293088
0.0300736
0.030852
0.0316622
0.0324893
0.0333018
0.0340895
0.0348946
0.0357395
0.0366338
0.0375569
0.0384972
0.0394362
0.0403847
0.0413318
0.0422973
0.0432959
0.0443024
0.0453289
0.046389
0.0474744
0.0485594
0.0496898
0.0508283
0.0519927
0.0531734
0.0543931
0.0556286
0.0569014
0.0581918
0.0595176
0.0608652
0.0622417
0.063648
0.065046
0.0665
0.0679624
0.0694905
0.0710153
0.0725619
0.0741349
0.0757212
0.0773706
0.0790353
0.0807233
0.0824549
0.0841932
0.0859807
0.0877715
0.0895942
0.0913179
0.0928678
0.00543215
0.00605208
0.00644082
0.00671369
0.00695559
0.00696913
0.00712014
0.00756741
0.00770633
0.00744294
0.00739327
0.00785358
0.0085352
0.00899408
0.00918796
0.00953643
0.0102065
0.0108677
0.0112722
0.0115941
0.0120768
0.012682
0.0132355
0.0137053
0.0141879
0.0147354
0.0152994
0.015842
0.0163882
0.0169681
0.0175598
0.0181424
0.0187375
0.0193813
0.0200359
0.0206465
0.0212235
0.0218401
0.0225142
0.0231778
0.0237854
0.0243817
0.0250327
0.025732
0.0264243
0.0270952
0.0277976
0.0285481
0.0293166
0.0300782
0.0308538
0.031664
0.0324904
0.0333012
0.0340908
0.0349009
0.0357483
0.0366405
0.03756
0.0384985
0.0394366
0.040385
0.0413336
0.0423002
0.0432983
0.0443051
0.0453325
0.0463921
0.0474768
0.0485624
0.0496928
0.0508309
0.0519955
0.0531764
0.0543964
0.0556318
0.0569044
0.0581942
0.0595198
0.0608671
0.062243
0.0636489
0.0650473
0.0665017
0.0679636
0.0694907
0.0710151
0.0725622
0.0741355
0.0757222
0.0773715
0.0790355
0.0807238
0.0824552
0.0841938
0.0859819
0.0877726
0.0895985
0.0913242
0.092874
0.00547973
0.00611412
0.00648428
0.00674098
0.00709484
0.00722654
0.00730232
0.00770456
0.00793774
0.00767582
0.00753236
0.00794634
0.00862042
0.00909352
0.00928755
0.00958849
0.0102394
0.0109347
0.0113504
0.0116476
0.0121165
0.0127249
0.0132804
0.0137454
0.0142179
0.0147597
0.0153279
0.0158728
0.0164144
0.0169901
0.0175789
0.0181575
0.018749
0.0193911
0.0200456
0.0206547
0.0212272
0.0218408
0.0225176
0.023185
0.0237914
0.0243843
0.0250369
0.0257415
0.0264354
0.0271026
0.0278024
0.0285548
0.0293246
0.030083
0.0308556
0.031666
0.032492
0.033301
0.0340922
0.0349071
0.0357569
0.0366471
0.0375633
0.0384999
0.0394372
0.0403854
0.0413355
0.0423032
0.0433008
0.0443078
0.0453362
0.0463953
0.0474793
0.0485655
0.0496958
0.0508335
0.0519984
0.0531796
0.0543997
0.0556351
0.0569074
0.0581968
0.0595221
0.060869
0.0622443
0.0636498
0.0650487
0.0665035
0.0679648
0.069491
0.0710149
0.0725626
0.0741361
0.0757232
0.0773725
0.0790357
0.0807244
0.0824556
0.0841944
0.0859833
0.0877739
0.089603
0.0913308
0.0928803
0.00552709
0.00621647
0.00656541
0.00676115
0.00717584
0.00747875
0.00753679
0.00782659
0.00812656
0.00792968
0.00769655
0.00803488
0.00870796
0.00919757
0.00939454
0.00965116
0.0102677
0.0109943
0.0114346
0.011707
0.0121555
0.0127698
0.0133294
0.0137878
0.0142506
0.0147853
0.0153555
0.0159047
0.0164428
0.017013
0.0175986
0.0181734
0.0187613
0.0194019
0.0200559
0.0206634
0.0212318
0.021842
0.0225211
0.0231928
0.023798
0.0243872
0.0250411
0.0257511
0.0264469
0.0271103
0.0278073
0.0285617
0.029333
0.0300881
0.0308576
0.0316681
0.032494
0.0333013
0.0340938
0.0349132
0.0357654
0.0366537
0.0375667
0.0385015
0.039438
0.040386
0.0413376
0.0423063
0.0433033
0.0443106
0.0453401
0.0463987
0.0474819
0.0485687
0.049699
0.0508362
0.0520014
0.0531829
0.0544032
0.0556386
0.0569106
0.0581994
0.0595244
0.0608711
0.0622458
0.0636508
0.0650501
0.0665052
0.067966
0.0694914
0.0710148
0.072563
0.0741367
0.0757242
0.0773735
0.0790358
0.080725
0.082456
0.084195
0.0859848
0.0877753
0.0896076
0.0913377
0.0928869
0.00555092
0.00634595
0.00669382
0.00679874
0.00720424
0.00769121
0.0078208
0.00797014
0.00826234
0.00817662
0.00789983
0.00812967
0.00878861
0.00930444
0.00950973
0.00972726
0.0102956
0.0110426
0.0115223
0.0117758
0.0121936
0.0128139
0.013384
0.0138339
0.0142849
0.0148131
0.015383
0.0159363
0.0164735
0.0170377
0.0176188
0.01819
0.0187744
0.0194134
0.020067
0.0206729
0.0212372
0.0218439
0.0225248
0.0232011
0.0238054
0.0243905
0.0250454
0.0257609
0.0264586
0.0271183
0.0278122
0.0285686
0.0293416
0.0300935
0.0308596
0.0316704
0.0324964
0.0333019
0.0340956
0.0349193
0.0357738
0.0366603
0.0375702
0.0385033
0.039439
0.0403868
0.0413397
0.0423095
0.043306
0.0443136
0.045344
0.0464022
0.0474846
0.048572
0.0497024
0.0508391
0.0520045
0.0531863
0.0544069
0.0556421
0.0569139
0.0582021
0.0595269
0.0608732
0.0622473
0.0636519
0.0650515
0.066507
0.0679673
0.0694918
0.0710147
0.0725634
0.0741374
0.0757253
0.0773746
0.079036
0.0807256
0.0824566
0.0841956
0.0859864
0.0877768
0.0896122
0.091345
0.0928938
0.00553218
0.00648222
0.00686988
0.0068772
0.00720176
0.00783697
0.00812514
0.00816874
0.00836511
0.00838378
0.00813632
0.00825086
0.00885972
0.00940657
0.00963204
0.00981957
0.0103292
0.0110776
0.0116078
0.0118571
0.0122335
0.0128532
0.0134429
0.0138864
0.0143202
0.0148422
0.015412
0.0159673
0.0165053
0.0170648
0.0176399
0.0182071
0.0187884
0.0194256
0.0200789
0.0206832
0.0212433
0.0218464
0.022529
0.0232097
0.0238135
0.0243943
0.0250496
0.0257707
0.0264708
0.0271266
0.0278173
0.0285757
0.0293506
0.0300992
0.0308617
0.0316729
0.0324993
0.033303
0.0340975
0.0349254
0.0357819
0.0366668
0.0375739
0.0385054
0.0394401
0.0403877
0.041342
0.0423128
0.0433087
0.0443166
0.0453481
0.0464058
0.0474874
0.0485755
0.0497058
0.0508421
0.0520077
0.0531899
0.0544106
0.0556457
0.0569172
0.0582049
0.0595294
0.0608754
0.062249
0.0636531
0.065053
0.0665089
0.0679685
0.0694922
0.0710147
0.0725638
0.074138
0.0757263
0.0773757
0.0790363
0.0807262
0.0824573
0.0841962
0.0859882
0.0877785
0.089617
0.0913527
0.0929009
0.00545897
0.00660109
0.00708372
0.00701405
0.007198
0.00790606
0.00841037
0.00843497
0.00847374
0.00853118
0.00837702
0.00841573
0.00893405
0.00949496
0.00975522
0.00992886
0.0103766
0.0111015
0.0116833
0.011951
0.0122813
0.0128854
0.0135019
0.0139483
0.0143589
0.0148706
0.015443
0.0159989
0.0165368
0.0170941
0.0176628
0.0182246
0.0188031
0.0194386
0.0200915
0.0206946
0.0212503
0.0218495
0.0225336
0.0232188
0.0238222
0.0243985
0.0250539
0.0257807
0.0264834
0.0271353
0.0278224
0.0285829
0.0293599
0.0301052
0.0308639
0.0316756
0.0325026
0.0333045
0.0340997
0.0349314
0.03579
0.0366732
0.0375777
0.0385077
0.0394415
0.0403889
0.0413445
0.0423162
0.0433115
0.0443196
0.0453523
0.0464095
0.0474903
0.0485791
0.0497095
0.0508452
0.052011
0.0531935
0.0544145
0.0556495
0.0569207
0.0582078
0.059532
0.0608777
0.0622507
0.0636543
0.0650545
0.0665107
0.0679698
0.0694927
0.0710148
0.0725643
0.0741386
0.0757274
0.0773769
0.0790365
0.0807269
0.0824582
0.0841968
0.0859902
0.0877805
0.0896219
0.0913607
0.0929084
0.00532911
0.00667633
0.00731675
0.00721653
0.00722514
0.00790964
0.00863806
0.00875126
0.00863024
0.00863117
0.00858465
0.00862112
0.00903388
0.00956901
0.00986839
0.0100506
0.0104458
0.0111226
0.0117412
0.0120521
0.012344
0.0129121
0.013555
0.0140194
0.014405
0.0148971
0.0154742
0.0160334
0.016568
0.017124
0.0176883
0.0182432
0.0188182
0.0194523
0.0201047
0.020707
0.0212584
0.021853
0.0225386
0.0232287
0.0238317
0.0244033
0.0250583
0.0257906
0.0264965
0.0271445
0.0278274
0.02859
0.0293696
0.0301116
0.0308662
0.0316785
0.0325064
0.0333065
0.034102
0.0349374
0.0357979
0.0366796
0.0375816
0.0385102
0.0394432
0.0403902
0.0413471
0.0423197
0.0433143
0.0443228
0.0453567
0.0464134
0.0474933
0.0485829
0.0497133
0.0508484
0.0520145
0.0531973
0.0544185
0.0556533
0.0569242
0.0582108
0.0595346
0.06088
0.0622525
0.0636557
0.0650561
0.0665126
0.0679712
0.0694933
0.0710149
0.0725648
0.0741393
0.0757286
0.0773782
0.0790368
0.0807276
0.0824592
0.0841974
0.0859922
0.0877827
0.0896268
0.091369
0.0929161
0.00515696
0.00668426
0.00754401
0.00747987
0.00731249
0.00787723
0.00878091
0.00907897
0.00886111
0.00872149
0.0087313
0.00883753
0.00917886
0.00964469
0.00996183
0.0101734
0.0105404
0.0111539
0.011779
0.0121491
0.0124262
0.0129404
0.0135964
0.0140952
0.0144633
0.0149239
0.0155024
0.0160711
0.0166011
0.017153
0.017716
0.0182643
0.0188337
0.0194665
0.0201188
0.0207203
0.021268
0.0218573
0.0225437
0.0232393
0.0238421
0.0244084
0.0250627
0.0258006
0.0265101
0.0271543
0.0278326
0.028597
0.0293798
0.0301186
0.0308686
0.0316815
0.0325108
0.0333089
0.0341046
0.0349433
0.0358057
0.036686
0.0375857
0.0385129
0.0394451
0.0403917
0.0413498
0.0423234
0.0433173
0.0443261
0.0453612
0.0464174
0.0474965
0.0485868
0.0497173
0.0508518
0.0520181
0.0532013
0.0544227
0.0556572
0.0569279
0.0582139
0.0595374
0.0608825
0.0622545
0.0636571
0.0650577
0.0665146
0.0679725
0.0694939
0.0710151
0.0725653
0.0741399
0.0757298
0.0773795
0.0790372
0.0807282
0.0824603
0.084198
0.0859944
0.0877851
0.0896319
0.0913776
0.0929242
0.0049764
0.00661361
0.00773462
0.00778685
0.00747871
0.00784657
0.00883243
0.00937434
0.00916306
0.00884682
0.00882163
0.00902533
0.00936727
0.00974724
0.0100372
0.0102817
0.0106536
0.0112096
0.0118044
0.0122292
0.0125253
0.0129807
0.0136248
0.0141681
0.0145356
0.0149562
0.0155254
0.0161099
0.016639
0.0171812
0.0177434
0.0182886
0.0188504
0.0194804
0.0201336
0.0207348
0.0212788
0.0218625
0.0225489
0.0232505
0.0238538
0.0244141
0.0250669
0.0258107
0.026524
0.0271647
0.0278379
0.0286037
0.0293902
0.0301261
0.0308713
0.0316846
0.0325156
0.033312
0.0341073
0.0349492
0.0358134
0.0366924
0.0375899
0.0385159
0.0394473
0.0403935
0.0413526
0.0423272
0.0433205
0.0443294
0.0453658
0.0464216
0.0474997
0.0485908
0.0497214
0.0508553
0.0520218
0.0532053
0.054427
0.0556613
0.0569316
0.0582172
0.0595403
0.060885
0.0622565
0.0636586
0.0650594
0.0665166
0.0679739
0.0694947
0.0710154
0.0725659
0.0741406
0.075731
0.0773808
0.0790376
0.0807289
0.0824617
0.0841987
0.0859967
0.0877877
0.089637
0.0913864
0.0929326
0.00482693
0.0064753
0.00785759
0.00810961
0.00772756
0.00785668
0.00881057
0.00959819
0.00950604
0.0090433
0.00889066
0.00915188
0.00956859
0.00989849
0.0101144
0.0103628
0.0107689
0.0112981
0.0118343
0.0122835
0.012629
0.0130427
0.0136459
0.0142294
0.0146193
0.015
0.0155442
0.0161452
0.0166824
0.0172117
0.0177687
0.0183153
0.0188704
0.0194942
0.0201482
0.0207505
0.021291
0.0218687
0.0225543
0.023262
0.0238668
0.0244206
0.025071
0.0258206
0.0265386
0.027176
0.0278434
0.0286102
0.0294009
0.0301343
0.0308741
0.0316877
0.0325209
0.0333156
0.0341103
0.0349551
0.0358211
0.0366988
0.0375942
0.0385191
0.0394498
0.0403955
0.0413556
0.042331
0.0433237
0.0443329
0.0453706
0.0464259
0.047503
0.048595
0.0497257
0.050859
0.0520256
0.0532095
0.0544315
0.0556654
0.0569354
0.0582205
0.0595432
0.0608877
0.0622587
0.0636602
0.0650611
0.0665186
0.0679753
0.0694955
0.0710159
0.0725665
0.0741413
0.0757323
0.0773822
0.0790381
0.0807297
0.0824632
0.0841995
0.0859991
0.0877908
0.0896422
0.0913955
0.0929413
0.00473841
0.00630192
0.00789418
0.00841309
0.00804773
0.0079396
0.0087516
0.00972645
0.00984761
0.00932084
0.00898274
0.00921599
0.00974125
0.0100971
0.0102228
0.0104195
0.0108644
0.011413
0.0118891
0.0123161
0.0127199
0.0131288
0.0136719
0.0142732
0.0147067
0.0150599
0.0155635
0.0161738
0.0167291
0.017248
0.0177924
0.0183413
0.0188946
0.0195095
0.0201618
0.0207672
0.0213052
0.0218759
0.02256
0.0232739
0.0238811
0.0244282
0.0250747
0.0258301
0.0265537
0.027188
0.0278492
0.0286166
0.0294117
0.030143
0.0308774
0.031691
0.0325266
0.0333199
0.0341135
0.0349608
0.0358286
0.0367054
0.0375986
0.0385224
0.0394524
0.0403979
0.0413589
0.0423351
0.0433271
0.0443365
0.0453755
0.0464305
0.0475065
0.0485993
0.0497303
0.0508628
0.0520296
0.0532138
0.0544362
0.0556697
0.0569393
0.0582239
0.0595463
0.0608904
0.062261
0.0636619
0.0650628
0.0665206
0.0679768
0.0694963
0.0710163
0.0725671
0.074142
0.0757336
0.0773836
0.0790387
0.0807304
0.0824648
0.0842004
0.0860016
0.0877943
0.0896475
0.0914048
0.0929504
0.00472232
0.00613264
0.00784843
0.00866103
0.00841292
0.00811337
0.0086988
0.00975839
0.0101422
0.00966065
0.00913832
0.00924889
0.0098498
0.0103112
0.0103882
0.0104762
0.0109223
0.0115332
0.011984
0.0123462
0.0127827
0.0132289
0.0137167
0.0143015
0.0147878
0.0151364
0.0155896
0.0161951
0.0167748
0.0172913
0.0178173
0.0183643
0.0189217
0.0195286
0.0201744
0.0207835
0.0213217
0.0218845
0.0225657
0.0232861
0.0238966
0.0244373
0.0250786
0.025839
0.0265693
0.0272012
0.0278552
0.0286228
0.0294228
0.0301522
0.0308809
0.0316946
0.0325328
0.0333247
0.0341171
0.0349666
0.0358361
0.0367119
0.0376033
0.0385261
0.0394554
0.0404004
0.0413622
0.0423393
0.0433305
0.0443402
0.0453807
0.0464352
0.0475101
0.0486037
0.049735
0.0508669
0.0520337
0.0532182
0.054441
0.055674
0.0569433
0.0582274
0.0595495
0.0608933
0.0622634
0.0636637
0.0650647
0.0665227
0.0679783
0.0694973
0.0710169
0.0725678
0.0741427
0.0757351
0.077385
0.0790394
0.0807312
0.0824666
0.0842015
0.0860041
0.0877983
0.089653
0.0914142
0.0929599
0.00477537
0.00599906
0.00774639
0.00882671
0.00878564
0.00837843
0.00869575
0.00971964
0.010353
0.0100254
0.0093768
0.0092928
0.00988838
0.0104968
0.0106101
0.0105675
0.0109436
0.0116296
0.0121158
0.0123991
0.0128155
0.0133227
0.0137891
0.0143255
0.0148527
0.0152249
0.0156285
0.0162114
0.0168159
0.0173405
0.0178471
0.0183846
0.0189486
0.0195527
0.020188
0.020798
0.0213399
0.0218954
0.0225713
0.0232985
0.0239134
0.0244477
0.0250827
0.0258471
0.0265851
0.0272156
0.0278617
0.0286287
0.0294342
0.0301621
0.0308847
0.0316982
0.0325394
0.0333301
0.034121
0.0349723
0.0358435
0.0367186
0.0376081
0.03853
0.0394587
0.0404032
0.0413658
0.0423436
0.0433341
0.0443439
0.045386
0.0464401
0.0475139
0.0486083
0.0497399
0.050871
0.052038
0.0532228
0.054446
0.0556785
0.0569474
0.0582311
0.0595528
0.0608963
0.0622659
0.0636656
0.0650666
0.0665249
0.0679799
0.0694984
0.0710176
0.0725685
0.0741434
0.0757366
0.0773864
0.0790402
0.080732
0.0824686
0.0842028
0.0860066
0.0878025
0.0896587
0.0914237
0.0929697
0.0048904
0.005917
0.00762232
0.00890395
0.00912456
0.00871487
0.00877464
0.00965259
0.0104644
0.0103702
0.00969056
0.00938927
0.00988458
0.0106162
0.010856
0.0107246
0.0109561
0.0116772
0.0122607
0.0124971
0.0128363
0.0133894
0.013883
0.0143614
0.0148977
0.0153159
0.0156848
0.0162265
0.0168502
0.0173928
0.0178832
0.0184044
0.018973
0.0195808
0.0202052
0.0208108
0.0213582
0.0219091
0.0225776
0.0233105
0.0239316
0.0244598
0.025087
0.0258545
0.0266009
0.0272311
0.0278687
0.0286342
0.0294458
0.0301728
0.0308886
0.0317019
0.0325467
0.0333362
0.0341251
0.0349779
0.0358508
0.0367253
0.0376131
0.0385341
0.0394622
0.0404062
0.0413695
0.0423482
0.0433379
0.0443477
0.0453913
0.0464452
0.0475177
0.0486129
0.049745
0.0508754
0.0520424
0.0532275
0.0544511
0.0556831
0.0569515
0.0582349
0.0595562
0.0608994
0.0622685
0.0636676
0.0650685
0.066527
0.0679816
0.0694996
0.0710184
0.0725693
0.0741442
0.0757383
0.0773877
0.0790411
0.080733
0.0824706
0.0842043
0.0860092
0.0878072
0.0896646
0.0914333
0.0929798
0.00506219
0.00589088
0.00750516
0.00890945
0.00939643
0.00908606
0.00894589
0.00960396
0.0104879
0.0106512
0.0100485
0.00956333
0.00987832
0.0106587
0.0110805
0.0109522
0.0109997
0.0116727
0.0123848
0.0126439
0.0128738
0.0134208
0.0139791
0.0144232
0.0149304
0.0153979
0.0157591
0.0162464
0.0168761
0.0174463
0.0179258
0.0184257
0.0189948
0.0196102
0.0202274
0.0208239
0.0213749
0.0219251
0.0225854
0.0233217
0.0239509
0.0244741
0.0250918
0.0258613
0.0266167
0.0272478
0.0278764
0.0286395
0.0294576
0.0301843
0.0308929
0.0317054
0.0325545
0.0333431
0.0341294
0.0349835
0.0358583
0.0367321
0.0376182
0.0385386
0.0394662
0.0404094
0.0413733
0.0423529
0.043342
0.0443516
0.0453969
0.0464506
0.0475218
0.0486177
0.0497503
0.05088
0.0520469
0.0532324
0.0544565
0.0556878
0.0569557
0.0582387
0.0595597
0.0609026
0.0622713
0.0636697
0.0650705
0.0665292
0.0679833
0.0695008
0.0710192
0.0725701
0.074145
0.07574
0.0773891
0.0790421
0.0807341
0.0824728
0.0842061
0.0860119
0.0878122
0.0896708
0.0914429
0.0929902
0.005283
0.0059228
0.00741261
0.00887149
0.00958781
0.00945154
0.0091991
0.00961295
0.0104591
0.0108423
0.0104087
0.00981674
0.00991002
0.0106458
0.0112416
0.0112185
0.0111112
0.0116428
0.0124546
0.0128163
0.0129553
0.0134298
0.0140535
0.0145107
0.0149658
0.0154619
0.0158459
0.0162783
0.0168932
0.0174984
0.0179759
0.0184493
0.0190141
0.0196393
0.0202539
0.0208396
0.0213899
0.0219416
0.0225959
0.0233329
0.0239705
0.0244904
0.0250972
0.0258673
0.0266327
0.0272655
0.0278847
0.0286444
0.0294694
0.030197
0.0308977
0.0317087
0.0325627
0.0333511
0.0341341
0.0349887
0.0358657
0.0367391
0.0376234
0.0385433
0.0394705
0.0404129
0.0413773
0.0423579
0.0433462
0.0443556
0.0454025
0.0464561
0.047526
0.0486226
0.0497558
0.0508848
0.0520515
0.0532373
0.0544621
0.0556926
0.05696
0.0582427
0.0595634
0.0609059
0.0622742
0.0636719
0.0650727
0.0665315
0.0679851
0.0695023
0.0710201
0.072571
0.0741458
0.075742
0.0773905
0.0790432
0.0807353
0.0824749
0.0842082
0.0860146
0.0878175
0.0896772
0.0914525
0.0930008
0.00553576
0.00601508
0.00735414
0.00881487
0.00970487
0.00977709
0.00950731
0.00969912
0.0104203
0.0109447
0.010728
0.0101275
0.0100088
0.0106153
0.011324
0.0114781
0.0113036
0.011631
0.0124597
0.0129782
0.0130923
0.0134447
0.014092
0.0146083
0.0150202
0.0155088
0.0159341
0.0163283
0.0169036
0.017544
0.0180354
0.0184767
0.0190304
0.0196681
0.0202838
0.020859
0.0214045
0.021957
0.022608
0.0233452
0.0239904
0.0245088
0.0251036
0.0258723
0.0266487
0.0272845
0.0278937
0.0286489
0.0294811
0.0302106
0.0309033
0.0317114
0.0325708
0.0333602
0.0341394
0.0349938
0.0358732
0.0367465
0.0376288
0.0385482
0.0394751
0.0404167
0.0413813
0.042363
0.0433508
0.0443597
0.0454083
0.0464618
0.0475303
0.0486276
0.0497615
0.0508899
0.0520563
0.0532425
0.0544678
0.0556975
0.0569644
0.0582468
0.0595672
0.0609094
0.0622772
0.0636742
0.0650748
0.0665338
0.0679869
0.0695038
0.071021
0.072572
0.0741466
0.075744
0.0773919
0.0790443
0.0807368
0.0824771
0.0842106
0.0860174
0.0878232
0.089684
0.091462
0.0930117
0.00579683
0.00616691
0.00733882
0.00875752
0.00976417
0.0100414
0.00983661
0.00986109
0.0104092
0.0109832
0.0109761
0.0104586
0.0101815
0.0106058
0.011341
0.0116868
0.0115517
0.0116788
0.0124221
0.0130919
0.0132678
0.0134958
0.0141008
0.0146932
0.0150998
0.0155504
0.0160126
0.0163979
0.0169151
0.0175765
0.0181033
0.0185127
0.0190418
0.0196952
0.0203178
0.020882
0.0214203
0.0219712
0.0226201
0.0233589
0.0240112
0.0245286
0.0251113
0.0258768
0.0266645
0.0273049
0.0279035
0.0286529
0.0294927
0.0302254
0.0309098
0.0317141
0.032579
0.0333702
0.0341454
0.0349985
0.0358805
0.0367541
0.0376344
0.0385533
0.0394802
0.0404209
0.0413854
0.0423682
0.0433555
0.0443642
0.0454144
0.0464677
0.0475347
0.0486327
0.0497674
0.0508951
0.0520612
0.0532477
0.0544737
0.0557026
0.0569688
0.0582511
0.0595712
0.060913
0.0622804
0.0636766
0.0650771
0.0665362
0.0679888
0.0695055
0.071022
0.0725731
0.0741474
0.0757462
0.0773933
0.0790454
0.0807386
0.0824793
0.0842132
0.0860204
0.0878289
0.0896912
0.0914716
0.0930227
0.0060416
0.0063673
0.00737641
0.00871366
0.00978483
0.0102381
0.0101541
0.0100836
0.0104491
0.0109921
0.0111478
0.0107715
0.0104137
0.0106456
0.0113245
0.0118221
0.011812
0.0118057
0.0123832
0.013139
0.013447
0.0135996
0.0141037
0.0147471
0.0151942
0.0156013
0.0160753
0.0164804
0.0169386
0.0175921
0.0181726
0.0185645
0.019049
0.0197154
0.0203566
0.0209097
0.0214374
0.0219858
0.0226312
0.0233733
0.0240343
0.0245496
0.0251194
0.0258809
0.0266801
0.027327
0.0279145
0.028656
0.029504
0.0302415
0.0309172
0.0317164
0.032587
0.033381
0.0341522
0.0350034
0.0358875
0.0367619
0.0376404
0.0385585
0.0394854
0.0404254
0.0413898
0.0423736
0.0433604
0.0443685
0.0454205
0.0464739
0.0475392
0.0486379
0.0497736
0.0509006
0.0520662
0.053253
0.0544798
0.0557077
0.0569734
0.0582555
0.0595753
0.0609166
0.0622836
0.0636791
0.0650793
0.0665387
0.0679908
0.0695075
0.071023
0.0725743
0.0741484
0.0757485
0.0773949
0.0790466
0.0807407
0.0824815
0.0842162
0.0860236
0.0878348
0.0896988
0.0914812
0.0930338
0.00625207
0.00659411
0.00747091
0.0086979
0.00978638
0.0103731
0.0104325
0.0103405
0.0105465
0.0110027
0.0112576
0.0110397
0.0106789
0.0107464
0.0113098
0.0118896
0.0120419
0.0119971
0.0123856
0.0131337
0.0135935
0.0137487
0.0141301
0.0147703
0.0152853
0.0156713
0.016127
0.0165638
0.0169819
0.0175951
0.0182313
0.0186359
0.0190602
0.0197224
0.0203976
0.0209455
0.0214557
0.0220004
0.0226414
0.0233864
0.0240602
0.0245736
0.0251275
0.0258838
0.0266952
0.0273508
0.0279271
0.0286581
0.0295143
0.0302592
0.030926
0.0317185
0.0325949
0.0333925
0.0341596
0.0350082
0.0358944
0.0367698
0.0376466
0.0385642
0.0394909
0.0404302
0.0413944
0.0423792
0.0433655
0.0443731
0.0454269
0.0464804
0.0475438
0.0486431
0.0497801
0.0509065
0.0520714
0.0532584
0.0544861
0.0557129
0.056978
0.05826
0.0595795
0.0609205
0.0622871
0.0636817
0.0650817
0.0665413
0.0679928
0.0695095
0.0710239
0.0725757
0.0741494
0.0757508
0.0773966
0.0790477
0.0807432
0.0824837
0.0842193
0.0860272
0.0878408
0.0897067
0.0914908
0.093045
0.00642215
0.00682365
0.00761541
0.00872335
0.00978977
0.0104639
0.0106575
0.0106028
0.0106946
0.0110366
0.0113266
0.0112516
0.0109473
0.0109015
0.0113255
0.0119143
0.0122144
0.0122165
0.012451
0.0131094
0.0136839
0.0139136
0.014198
0.0147786
0.0153555
0.0157579
0.0161792
0.0166388
0.0170454
0.0175979
0.0182687
0.0187218
0.0190886
0.0197149
0.020432
0.020993
0.0214784
0.0220136
0.0226512
0.0233975
0.0240871
0.0246022
0.0251366
0.0258849
0.0267101
0.0273764
0.0279418
0.0286593
0.029523
0.0302781
0.0309365
0.0317201
0.0326025
0.033405
0.0341674
0.0350131
0.0359016
0.0367779
0.037653
0.0385703
0.0394967
0.0404351
0.0413991
0.0423852
0.0433709
0.0443775
0.0454334
0.0464873
0.0475487
0.0486481
0.0497866
0.0509125
0.0520768
0.0532639
0.0544927
0.0557183
0.0569828
0.0582646
0.0595838
0.0609244
0.0622906
0.0636846
0.065084
0.066544
0.0679948
0.0695119
0.071025
0.0725771
0.0741507
0.0757531
0.0773985
0.0790487
0.0807459
0.0824859
0.0842226
0.0860312
0.0878469
0.0897148
0.0915006
0.0930562
0.00655249
0.00703676
0.00779178
0.00879295
0.00981032
0.0105313
0.0108313
0.0108457
0.0108779
0.0111057
0.0113769
0.0114081
0.0111924
0.0110899
0.0113839
0.0119262
0.0123294
0.0124294
0.0125766
0.0131045
0.0137242
0.0140629
0.0143075
0.0147949
0.0153983
0.015848
0.016242
0.0167034
0.0171215
0.0176139
0.0182823
0.0188063
0.0191442
0.0197018
0.0204483
0.0210488
0.0215125
0.0220255
0.0226592
0.0234076
0.0241136
0.0246352
0.0251483
0.0258828
0.0267232
0.0274047
0.0279591
0.0286601
0.0295298
0.0302981
0.0309495
0.0317215
0.0326094
0.0334183
0.0341758
0.0350178
0.0359088
0.0367863
0.0376594
0.0385766
0.0395031
0.0404402
0.0414037
0.0423916
0.0433769
0.044382
0.0454398
0.0464944
0.0475538
0.0486532
0.0497934
0.0509189
0.0520821
0.0532694
0.0544993
0.0557238
0.0569877
0.0582695
0.0595884
0.0609285
0.0622941
0.0636875
0.0650864
0.0665469
0.0679969
0.0695144
0.071026
0.0725785
0.0741522
0.0757553
0.0774006
0.0790498
0.080749
0.0824883
0.084226
0.0860356
0.087853
0.0897231
0.0915104
0.0930674
0.00664668
0.00722212
0.00798004
0.00889874
0.009853
0.010591
0.0109667
0.0110552
0.0110762
0.0112144
0.0114334
0.0115245
0.0114012
0.011289
0.0114788
0.0119459
0.0123988
0.0126085
0.0127381
0.0131418
0.0137391
0.0141746
0.0144402
0.0148381
0.0154214
0.0159265
0.0163163
0.0167619
0.0171991
0.0176497
0.0182818
0.0188734
0.0192263
0.0197007
0.0204411
0.0211012
0.0215634
0.0220409
0.0226621
0.0234158
0.02414
0.0246722
0.0251651
0.0258784
0.0267326
0.0274354
0.0279799
0.02866
0.029534
0.0303185
0.0309649
0.0317234
0.0326155
0.0334324
0.0341852
0.0350223
0.0359178
0.0367956
0.0376661
0.0385826
0.0395099
0.0404457
0.0414082
0.042398
0.0433833
0.0443866
0.0454463
0.0465018
0.0475591
0.0486582
0.0498003
0.0509257
0.0520878
0.0532751
0.0545061
0.0557292
0.0569925
0.0582744
0.059593
0.0609328
0.0622978
0.0636907
0.0650887
0.0665499
0.0679991
0.0695171
0.0710271
0.0725799
0.074154
0.0757573
0.0774029
0.0790509
0.0807524
0.082491
0.0842293
0.0860406
0.0878591
0.0897316
0.0915204
0.0930787
0.00671069
0.00737603
0.00816588
0.00903143
0.00991769
0.0106496
0.011075
0.0112263
0.0112649
0.0113503
0.0115104
0.0116197
0.0115744
0.0114842
0.0116007
0.0119852
0.0124413
0.0127427
0.0129066
0.0132225
0.0137564
0.0142471
0.0145714
0.0149151
0.0154423
0.0159867
0.0163976
0.016822
0.0172726
0.0177039
0.0182811
0.0189134
0.0193192
0.0197272
0.020419
0.0211356
0.0216293
0.0220695
0.0226597
0.0234181
0.0241659
0.0247123
0.0251871
0.0258734
0.0267368
0.0274675
0.0280064
0.0286601
0.0295351
0.030339
0.0309828
0.0317261
0.0326205
0.0334467
0.0341957
0.0350264
0.0359257
0.0368059
0.0376736
0.0385885
0.0395167
0.0404519
0.0414129
0.0424046
0.0433903
0.0443912
0.0454525
0.0465094
0.0475649
0.0486633
0.0498074
0.0509326
0.0520934
0.0532808
0.0545132
0.0557351
0.0569975
0.0582795
0.0595975
0.0609371
0.0623014
0.0636941
0.0650912
0.0665531
0.0680015
0.0695198
0.0710285
0.0725813
0.0741562
0.0757593
0.0774054
0.0790522
0.0807557
0.0824939
0.0842325
0.086046
0.0878655
0.08974
0.0915306
0.0930899
0.00675317
0.00750077
0.00834238
0.00918647
0.0100093
0.0107155
0.0111687
0.011366
0.0114295
0.0114917
0.0116049
0.0117074
0.011717
0.0116667
0.0117411
0.0120493
0.0124782
0.0128382
0.0130613
0.0133337
0.0137956
0.0142961
0.0146806
0.015015
0.0154753
0.0160277
0.0164759
0.0168867
0.0173412
0.0177711
0.018293
0.0189296
0.0194035
0.0197843
0.0203998
0.0211419
0.0216961
0.0221196
0.0226596
0.0234099
0.0241897
0.024758
0.0252147
0.0258686
0.026735
0.0274982
0.0280395
0.0286619
0.0295315
0.030359
0.0310038
0.0317295
0.0326247
0.0334615
0.0342074
0.0350305
0.0359318
0.0368165
0.0376824
0.0385944
0.0395231
0.0404583
0.0414176
0.0424112
0.0433978
0.0443963
0.0454588
0.046517
0.0475706
0.0486682
0.0498149
0.05094
0.052099
0.0532864
0.0545202
0.0557409
0.0570026
0.058285
0.0596024
0.060942
0.0623052
0.0636976
0.0650934
0.0665562
0.0680039
0.0695225
0.07103
0.0725825
0.0741589
0.0757611
0.0774081
0.0790538
0.0807592
0.0824972
0.0842358
0.0860517
0.0878721
0.0897484
0.0915409
0.0931012
0.0067845
0.00759631
0.00849762
0.00935091
0.0101275
0.0107955
0.0112578
0.0114872
0.011572
0.0116248
0.0117075
0.0117932
0.0118334
0.0118263
0.0118863
0.0121327
0.0125201
0.0129059
0.0131886
0.013456
0.0138592
0.0143402
0.0147637
0.0151201
0.0155298
0.0160584
0.0165431
0.0169543
0.0174042
0.0178433
0.0183224
0.0189352
0.0194677
0.0198623
0.0204027
0.0211276
0.0217462
0.0221886
0.0226735
0.0233896
0.024203
0.0248101
0.0252511
0.0258643
0.0267275
0.0275257
0.0280788
0.0286681
0.0295234
0.030377
0.0310284
0.0317338
0.0326274
0.0334766
0.0342203
0.0350347
0.0359371
0.0368268
0.0376922
0.038601
0.0395293
0.0404649
0.0414227
0.042418
0.0434056
0.0444015
0.0454652
0.046525
0.0475767
0.048673
0.0498225
0.0509478
0.0521046
0.0532922
0.0545275
0.0557469
0.0570074
0.0582904
0.0596068
0.0609467
0.062309
0.0637016
0.0650962
0.0665595
0.0680068
0.0695252
0.0710318
0.0725837
0.0741618
0.0757628
0.0774107
0.0790558
0.0807625
0.0825008
0.0842391
0.0860579
0.0878789
0.0897566
0.0915512
0.0931125
0.00681918
0.00766809
0.0086209
0.00950351
0.0102599
0.0108892
0.0113448
0.0115938
0.0116961
0.0117441
0.0118079
0.0118784
0.0119313
0.0119609
0.0120268
0.0122318
0.0125746
0.0129613
0.0132896
0.0135756
0.0139415
0.0143923
0.0148299
0.015216
0.0156038
0.0160915
0.016597
0.0170229
0.0174633
0.017914
0.0183667
0.0189392
0.0195082
0.0199426
0.0204344
0.0211112
0.0217704
0.0222627
0.0227131
0.0233676
0.0241973
0.0248637
0.0253015
0.0258617
0.0267119
0.0275495
0.0281235
0.0286802
0.0295117
0.030391
0.0310565
0.0317403
0.0326279
0.0334919
0.0342351
0.0350392
0.0359417
0.0368366
0.0377026
0.0386081
0.0395356
0.0404713
0.0414277
0.0424252
0.043414
0.0444066
0.0454713
0.0465332
0.047583
0.0486779
0.0498306
0.0509562
0.05211
0.0532977
0.0545347
0.0557532
0.0570126
0.0582963
0.0596116
0.0609516
0.0623128
0.0637051
0.0650987
0.0665625
0.06801
0.0695278
0.0710338
0.0725851
0.0741651
0.0757648
0.0774132
0.0790584
0.0807657
0.0825046
0.0842425
0.086064
0.0878861
0.0897648
0.0915616
0.0931238
0.0068716
0.00773491
0.00872208
0.00963674
0.010397
0.0109976
0.0114352
0.01169
0.0118051
0.0118504
0.0118997
0.0119607
0.0120165
0.0120706
0.0121513
0.0123351
0.0126403
0.0130127
0.0133697
0.0136836
0.0140338
0.0144561
0.0148907
0.0152978
0.0156853
0.0161343
0.0166384
0.0170878
0.0175217
0.0179802
0.0184237
0.0189512
0.019531
0.0200116
0.0204859
0.0211082
0.0217726
0.0223225
0.0227757
0.0233603
0.0241709
0.0249069
0.0253706
0.025868
0.0266847
0.0275663
0.0281742
0.0286987
0.029498
0.0304007
0.0310873
0.0317499
0.0326259
0.033506
0.0342522
0.0350442
0.0359454
0.0368462
0.0377136
0.0386159
0.0395426
0.0404778
0.0414321
0.0424323
0.0434232
0.044412
0.0454771
0.0465417
0.0475894
0.048682
0.0498384
0.0509651
0.0521157
0.0533038
0.0545422
0.0557599
0.0570179
0.0583022
0.0596165
0.0609567
0.062317
0.0637091
0.0651018
0.0665656
0.0680134
0.0695301
0.0710359
0.0725864
0.0741683
0.0757667
0.0774156
0.0790614
0.0807689
0.0825087
0.0842463
0.0860703
0.0878935
0.0897729
0.0915718
0.0931351
0.00694261
0.00780596
0.0088105
0.00974735
0.0105231
0.0111117
0.0115297
0.0117798
0.0119003
0.0119454
0.0119815
0.0120357
0.012092
0.0121596
0.0122552
0.0124309
0.0127116
0.0130637
0.0134338
0.0137748
0.0141247
0.0145273
0.0149522
0.0153703
0.0157664
0.0161902
0.0166753
0.0171439
0.0175798
0.0180385
0.0184858
0.0189754
0.0195448
0.0200652
0.0205448
0.0211262
0.0217702
0.022358
0.0228449
0.02338
0.0241346
0.0249243
0.0254521
0.0258953
0.0266473
0.0275698
0.0282318
0.028726
0.0294818
0.030405
0.0311198
0.0317633
0.0326219
0.0335183
0.034272
0.0350506
0.035948
0.0368552
0.0377251
0.0386237
0.03955
0.040485
0.0414363
0.0424394
0.0434335
0.0444177
0.045482
0.0465506
0.0475966
0.0486865
0.0498464
0.0509744
0.0521208
0.0533091
0.0545491
0.0557664
0.0570231
0.0583081
0.0596213
0.0609616
0.0623213
0.0637128
0.0651052
0.0665688
0.0680175
0.0695328
0.0710383
0.0725883
0.0741718
0.075769
0.0774178
0.0790649
0.080772
0.0825126
0.0842502
0.0860765
0.0879013
0.089781
0.091582
0.0931462
0.00702944
0.00788434
0.00889333
0.00983947
0.0106277
0.0112177
0.011622
0.0118625
0.0119803
0.0120255
0.0120511
0.0120977
0.0121569
0.0122337
0.0123425
0.012516
0.0127833
0.0131185
0.0134892
0.0138512
0.0142072
0.0145992
0.0150135
0.0154347
0.0158404
0.0162525
0.0167145
0.0171911
0.0176383
0.0180934
0.0185473
0.0190139
0.0195584
0.0201044
0.0206005
0.0211581
0.0217762
0.022376
0.0229037
0.0234257
0.0241092
0.0249108
0.0255276
0.0259525
0.0266097
0.0275498
0.028292
0.0287676
0.0294637
0.0304022
0.0311544
0.0317809
0.0326157
0.0335277
0.034294
0.0350593
0.0359496
0.0368637
0.0377372
0.0386314
0.0395576
0.0404929
0.0414396
0.0424456
0.0434447
0.0444244
0.0454866
0.0465597
0.0476041
0.0486905
0.0498542
0.0509844
0.0521267
0.0533152
0.0545564
0.0557732
0.0570288
0.0583141
0.0596264
0.0609666
0.0623257
0.0637164
0.0651084
0.0665715
0.0680211
0.0695352
0.0710405
0.0725904
0.0741752
0.0757716
0.0774202
0.0790691
0.0807756
0.0825167
0.0842548
0.0860828
0.0879091
0.0897891
0.0915919
0.0931574
0.00713154
0.00797234
0.00897585
0.00992027
0.0107107
0.0113047
0.0117027
0.011933
0.012043
0.0120855
0.0121055
0.0121443
0.0122076
0.0122936
0.0124143
0.0125898
0.0128494
0.0131763
0.0135428
0.0139188
0.0142834
0.0146702
0.015077
0.0154947
0.015906
0.0163127
0.0167542
0.0172275
0.0176877
0.0181431
0.0186012
0.0190613
0.0195798
0.0201346
0.0206512
0.0211969
0.0217939
0.02239
0.0229443
0.0234807
0.0241104
0.0248808
0.0255777
0.0260372
0.026592
0.0275018
0.0283418
0.0288292
0.0294482
0.0303882
0.0311907
0.0318048
0.0326071
0.0335331
0.0343179
0.035071
0.0359498
0.0368704
0.0377496
0.0386393
0.0395652
0.0405025
0.0414433
0.042451
0.0434566
0.0444314
0.0454895
0.0465683
0.0476125
0.0486947
0.0498617
0.0509942
0.0521323
0.0533209
0.0545635
0.0557798
0.0570347
0.0583199
0.0596316
0.0609714
0.0623303
0.0637203
0.0651123
0.0665748
0.0680252
0.0695377
0.0710425
0.0725926
0.0741781
0.0757737
0.0774222
0.079073
0.0807786
0.0825203
0.0842593
0.0860891
0.0879169
0.089797
0.0916014
0.0931682
0.0072524
0.00807248
0.00906234
0.00999583
0.0107773
0.0113672
0.0117593
0.0119803
0.0120816
0.0121198
0.0121384
0.0121725
0.0122396
0.0123367
0.0124705
0.0126539
0.012909
0.0132321
0.0135951
0.0139773
0.0143509
0.0147351
0.0151391
0.0155523
0.0159656
0.0163718
0.016798
0.0172624
0.0177283
0.0181876
0.0186472
0.0191082
0.0196082
0.0201562
0.0206916
0.0212361
0.0218173
0.0224073
0.0229732
0.0235286
0.0241343
0.0248555
0.0255923
0.0261281
0.0266142
0.0274385
0.0283647
0.0289116
0.0294476
0.0303597
0.0312245
0.0318388
0.0325974
0.0335331
0.0343432
0.0350871
0.035951
0.0368758
0.037762
0.0386473
0.0395723
0.040513
0.041447
0.042455
0.0434689
0.0444399
0.0454927
0.0465775
0.0476221
0.0486996
0.0498694
0.0510044
0.0521389
0.053327
0.0545706
0.0557866
0.0570411
0.0583261
0.0596376
0.0609766
0.062335
0.063724
0.0651162
0.0665783
0.0680295
0.0695411
0.0710454
0.0725963
0.0741819
0.075777
0.0774253
0.0790781
0.0807827
0.0825244
0.0842647
0.0860954
0.0879245
0.0898054
0.091611
0.0931788
0.00739454
0.0081861
0.00915294
0.0100671
0.0108294
0.011403
0.0117819
0.0119906
0.0120814
0.012114
0.0121333
0.0121693
0.0122434
0.012357
0.0125102
0.0127106
0.0129693
0.01329
0.0136514
0.0140334
0.0144143
0.0147984
0.0151994
0.0156081
0.0160172
0.016425
0.0168412
0.0172958
0.0177624
0.0182261
0.0186916
0.0191567
0.0196463
0.0201794
0.0207229
0.0212735
0.0218426
0.0224264
0.0229979
0.023563
0.0241653
0.0248462
0.0255784
0.0261947
0.0266733
0.0273799
0.0283406
0.0289967
0.029473
0.0303163
0.0312452
0.0318837
0.0325885
0.0335239
0.034367
0.0351071
0.0359507
0.0368769
0.0377734
0.0386558
0.0395791
0.0405246
0.0414519
0.0424577
0.0434809
0.0444491
0.0454936
0.0465844
0.0476314
0.0487034
0.0498755
0.0510132
0.0521452
0.0533327
0.054577
0.0557926
0.0570469
0.0583311
0.0596425
0.060981
0.062339
0.0637276
0.0651198
0.0665813
0.0680324
0.0695429
0.0710467
0.0725985
0.0741843
0.0757787
0.0774273
0.0790819
0.0807858
0.0825275
0.0842697
0.0861018
0.087932
0.0898128
0.0916198
0.093189
0.00756581
0.00832245
0.00925224
0.0101329
0.0108637
0.0114076
0.0117621
0.0119524
0.0120295
0.0120555
0.0120766
0.0121215
0.0122101
0.0123472
0.0125288
0.0127541
0.0130259
0.0133468
0.0137053
0.0140828
0.0144685
0.014859
0.0152577
0.0156627
0.0160648
0.0164731
0.0168847
0.0173275
0.0177923
0.0182577
0.0187322
0.0192057
0.0196908
0.0202108
0.0207516
0.0213101
0.021875
0.0224526
0.0230288
0.0235956
0.0241985
0.0248612
0.025565
0.026235
0.0267615
0.0273647
0.0282832
0.0290667
0.0295417
0.0302765
0.0312455
0.0319414
0.032591
0.0335065
0.0343891
0.0351338
0.035956
0.0368776
0.0377829
0.0386643
0.0395856
0.0405367
0.0414581
0.0424597
0.0434925
0.0444603
0.0454967
0.0465926
0.0476432
0.0487098
0.0498828
0.051023
0.0521532
0.0533396
0.0545841
0.0557998
0.0570544
0.058338
0.0596494
0.0609869
0.0623438
0.0637321
0.0651246
0.0665861
0.0680374
0.0695472
0.0710504
0.0726031
0.0741885
0.0757821
0.0774311
0.0790874
0.0807902
0.0825315
0.0842754
0.0861083
0.0879392
0.0898212
0.0916289
0.0931988
0.00778252
0.00850039
0.00937751
0.0102017
0.0108773
0.0113713
0.0116832
0.0118435
0.0119038
0.0119251
0.011953
0.0120152
0.0121281
0.0122977
0.0125197
0.0127801
0.0130718
0.0133947
0.0137463
0.0141154
0.0144994
0.0148981
0.0152973
0.0156995
0.0160977
0.0165057
0.0169192
0.017352
0.0178143
0.0182818
0.0187624
0.0192472
0.0197288
0.0202387
0.0207708
0.0213299
0.0218988
0.0224714
0.0230522
0.0236205
0.0242181
0.0248782
0.0255545
0.0262377
0.0268352
0.0273882
0.0282059
0.0290824
0.0296319
0.0302538
0.0312111
0.0319936
0.0326086
0.0334782
0.0344001
0.0351653
0.0359627
0.036877
0.0377915
0.0386717
0.0395919
0.0405496
0.0414653
0.0424604
0.0435026
0.0444688
0.0454981
0.0465978
0.0476536
0.0487148
0.0498877
0.0510309
0.0521611
0.0533457
0.0545894
0.0558054
0.0570597
0.0583426
0.0596544
0.0609911
0.0623468
0.0637358
0.065128
0.0665887
0.0680394
0.0695487
0.071052
0.0726059
0.0741911
0.075784
0.0774339
0.0790914
0.0807935
0.0825346
0.0842807
0.0861147
0.0879459
0.0898282
0.0916371
0.0932082
0.00804975
0.00873546
0.00955338
0.0103021
0.0108992
0.0113226
0.0115761
0.0116972
0.0117444
0.0117736
0.0118244
0.01192
0.0120711
0.0122768
0.012534
0.0128233
0.0131299
0.0134529
0.0137942
0.0141532
0.0145289
0.0149271
0.0153281
0.0157293
0.0161297
0.0165364
0.0169535
0.017381
0.0178382
0.0183109
0.0187933
0.0192895
0.0197725
0.0202763
0.0208027
0.0213538
0.0219276
0.0224994
0.0230806
0.0236547
0.0242429
0.0248975
0.0255623
0.0262328
0.0268864
0.0274527
0.0281601
0.0290538
0.0297262
0.0302816
0.0311637
0.0320299
0.0326539
0.0334545
0.0343976
0.0352023
0.035977
0.0368751
0.0377997
0.0386776
0.0395961
0.0405638
0.0414753
0.0424606
0.043512
0.0444866
0.0455021
0.046604
0.0476663
0.0487218
0.0498921
0.0510389
0.0521705
0.0533521
0.0545944
0.0558131
0.0570673
0.0583493
0.0596616
0.0609968
0.0623506
0.0637407
0.0651336
0.0665936
0.0680442
0.069553
0.0710559
0.0726099
0.0741944
0.0757868
0.0774377
0.0790965
0.0807975
0.0825384
0.0842863
0.086121
0.0879527
0.089836
0.0916455
0.0932169
0.00813832
0.00864855
0.00929296
0.00989789
0.0103922
0.0107625
0.0110225
0.0112066
0.0113518
0.0114904
0.0116463
0.0118314
0.0120489
0.012296
0.0125744
0.0128726
0.0131805
0.013499
0.0138295
0.014179
0.0145449
0.0149318
0.0153316
0.015737
0.0161472
0.0165587
0.0169788
0.0174089
0.0178598
0.0183359
0.0188178
0.0193165
0.019804
0.0203032
0.0208275
0.0213691
0.0219428
0.0225205
0.023101
0.0236841
0.0242688
0.0249102
0.0255755
0.0262333
0.0269079
0.0275208
0.0281552
0.0289964
0.0297785
0.0303432
0.0311187
0.032027
0.0327089
0.0334428
0.0343753
0.0352343
0.0359978
0.0368715
0.0378073
0.0386842
0.0395972
0.0405772
0.0414881
0.0424591
0.0435172
0.0444982
0.0455041
0.0466068
0.0476797
0.0487307
0.0498952
0.0510477
0.0521834
0.0533595
0.0545979
0.0558202
0.0570741
0.0583542
0.0596675
0.0610016
0.0623538
0.0637451
0.0651378
0.0665964
0.0680464
0.0695553
0.0710594
0.0726142
0.074198
0.0757901
0.0774422
0.0791013
0.0808011
0.0825419
0.0842918
0.0861272
0.0879583
0.0898424
0.0916527
0.0932253
0.0100599
0.00993943
0.00970901
0.00954904
0.00952917
0.00966336
0.0099243
0.010267
0.0106455
0.0110268
0.0113971
0.0117412
0.0120594
0.0123551
0.0126429
0.0129332
0.0132321
0.0135424
0.0138635
0.0142054
0.0145611
0.0149312
0.0153227
0.0157333
0.0161531
0.0165715
0.0169928
0.0174275
0.017877
0.0183545
0.0188408
0.0193392
0.0198353
0.0203332
0.0208544
0.0213891
0.0219537
0.0225393
0.0231189
0.0237069
0.0242947
0.0249154
0.0255772
0.0262328
0.0269072
0.0275633
0.0281804
0.0289444
0.0297818
0.0304167
0.0311082
0.0319984
0.03276
0.0334589
0.0343458
0.0352538
0.0360278
0.0368697
0.037811
0.0386933
0.0395966
0.0405871
0.041506
0.0424607
0.04352
0.044513
0.0455095
0.0466068
0.0476916
0.0487392
0.0498927
0.0510512
0.0521952
0.0533643
0.0545976
0.0558265
0.0570817
0.0583594
0.0596728
0.0610052
0.0623563
0.0637493
0.0651428
0.0666001
0.0680501
0.0695584
0.0710623
0.0726167
0.0741995
0.0757916
0.0774452
0.0791054
0.0808041
0.082545
0.0842968
0.0861328
0.0879646
0.0898489
0.0916601
0.0932329
0.0097619
0.00944989
0.00906749
0.00881234
0.008757
0.00891252
0.00925102
0.00970364
0.0102026
0.0106931
0.0111574
0.0115805
0.0119627
0.0123083
0.0126273
0.0129381
0.0132482
0.0135651
0.0138873
0.0142278
0.0145796
0.014943
0.0153284
0.0157384
0.0161613
0.0165832
0.0170082
0.0174452
0.017896
0.0183703
0.0188594
0.0193582
0.0198596
0.0203628
0.0208778
0.0214128
0.0219691
0.0225591
0.023145
0.0237334
0.0243322
0.0249352
0.0255862
0.0262501
0.0269201
0.0276005
0.0282303
0.0289326
0.029762
0.0304734
0.0311342
0.031963
0.0327855
0.033495
0.0343202
0.0352519
0.036061
0.0368753
0.0378089
0.0387059
0.0395962
0.0405896
0.0415256
0.0424635
0.0435147
0.0445263
0.0455171
0.0466063
0.0477068
0.0487555
0.0498937
0.0510588
0.0522154
0.0533755
0.0545991
0.0558342
0.0570917
0.0583669
0.05968
0.06101
0.0623608
0.0637557
0.0651481
0.0666029
0.0680528
0.0695625
0.0710672
0.0726225
0.0742046
0.0757964
0.077451
0.0791107
0.0808083
0.0825489
0.0843021
0.0861387
0.0879688
0.0898551
0.0916663
0.09324
0.0105
0.0102829
0.0099302
0.00962382
0.00944596
0.00941675
0.00953754
0.00977912
0.0101102
0.0104921
0.0108991
0.0113136
0.0117188
0.0121104
0.0124815
0.0128448
0.0131976
0.0135476
0.0138931
0.0142444
0.0146033
0.014968
0.0153488
0.0157436
0.0161549
0.0165717
0.0170014
0.0174428
0.0178955
0.0183722
0.0188635
0.0193686
0.0198716
0.0203804
0.0208908
0.0214251
0.02198
0.0225627
0.0231568
0.023742
0.0243471
0.0249437
0.025574
0.026248
0.0269159
0.0276026
0.0282596
0.0289334
0.0297277
0.0304891
0.0311707
0.0319418
0.0327822
0.0335377
0.0343143
0.035231
0.0360905
0.0368916
0.0378006
0.0387199
0.0395993
0.040584
0.0415492
0.042474
0.0435062
0.0445416
0.045526
0.0465982
0.0477181
0.0487681
0.0498843
0.0510563
0.0522299
0.0533812
0.0545944
0.0558365
0.0570987
0.0583724
0.0596839
0.0610102
0.0623618
0.0637605
0.0651527
0.0666051
0.0680553
0.0695655
0.0710695
0.072624
0.0742051
0.0757973
0.0774535
0.0791137
0.0808103
0.0825514
0.0843063
0.0861432
0.0879736
0.0898592
0.0916722
0.0932462
0.00844129
0.00872235
0.00911034
0.0094563
0.00972042
0.00990598
0.0100484
0.0101857
0.0103521
0.01057
0.0108444
0.0111791
0.0115553
0.0119588
0.0123629
0.0127621
0.0131509
0.0135297
0.013902
0.0142684
0.0146404
0.0150111
0.0153869
0.0157645
0.0161569
0.0165695
0.0170008
0.0174495
0.0179032
0.0183833
0.018875
0.0193805
0.0198849
0.0203931
0.020908
0.0214412
0.0220032
0.02258
0.023174
0.0237661
0.0243664
0.0249707
0.0255859
0.0262587
0.0269348
0.0276087
0.0282919
0.0289622
0.029714
0.0304905
0.0312014
0.0319469
0.0327661
0.033564
0.034334
0.0351999
0.0361026
0.0369218
0.0377857
0.0387316
0.0396111
0.0405617
0.041568
0.0424926
0.0434885
0.0445529
0.0455442
0.0465891
0.0477314
0.0487955
0.0498832
0.0510581
0.0522544
0.0533963
0.0545957
0.0558424
0.0571085
0.0583817
0.0596926
0.0610137
0.0623651
0.0637673
0.0651582
0.0666074
0.0680575
0.0695701
0.071075
0.0726301
0.0742106
0.0758027
0.0774599
0.0791191
0.0808146
0.0825553
0.0843109
0.0861483
0.0879769
0.089864
0.0916764
0.0932524
0.010624
0.0102654
0.00974792
0.0092853
0.00897812
0.00885842
0.00892621
0.00916093
0.00952177
0.00996618
0.0104477
0.0109395
0.0114184
0.0118774
0.0123131
0.0127269
0.0131272
0.0135147
0.0138964
0.0142688
0.0146426
0.0150142
0.0153813
0.0157487
0.0161291
0.0165454
0.0169836
0.0174405
0.0179028
0.0183862
0.0188823
0.0193829
0.0198885
0.0203947
0.0209129
0.0214482
0.0220105
0.0225897
0.0231742
0.0237747
0.0243702
0.0249746
0.0255921
0.0262521
0.0269403
0.0276025
0.0282947
0.0289861
0.0297066
0.0304828
0.0312157
0.0319609
0.0327606
0.0335676
0.0343665
0.0351868
0.0360907
0.0369566
0.0377765
0.0387266
0.0396335
0.0405406
0.0415721
0.0425214
0.0434746
0.0445525
0.045566
0.0465788
0.0477279
0.0488158
0.0498799
0.0510457
0.0522654
0.0534063
0.0545919
0.0558426
0.0571131
0.0583858
0.0596977
0.0610152
0.0623652
0.0637712
0.0651631
0.06661
0.0680594
0.0695727
0.0710772
0.0726317
0.0742116
0.0758034
0.0774619
0.0791213
0.0808161
0.0825569
0.0843135
0.0861513
0.0879802
0.0898667
0.0916797
0.0932497
0.00987818
0.00939952
0.00881127
0.00833676
0.00806993
0.00803778
0.00822913
0.00860553
0.00910709
0.00967485
0.0102576
0.0108249
0.0113601
0.0118551
0.0123099
0.0127281
0.0131242
0.0135071
0.0138869
0.0142622
0.014635
0.0150058
0.0153688
0.0157314
0.0161078
0.0165258
0.016971
0.0174316
0.0179003
0.018384
0.01888
0.0193775
0.0198808
0.0203887
0.0209079
0.0214476
0.0220085
0.0225914
0.0231745
0.0237761
0.0243751
0.0249757
0.0256013
0.0262567
0.0269461
0.02761
0.0282948
0.0289993
0.0297112
0.0304765
0.0312186
0.0319662
0.0327614
0.0335617
0.0343786
0.0351937
0.0360745
0.0369729
0.0377945
0.0387191
0.0396512
0.0405447
0.0415605
0.0425398
0.0434776
0.044546
0.0455827
0.0465879
0.0477287
0.0488344
0.0498959
0.0510491
0.0522773
0.0534228
0.0545997
0.0558481
0.0571212
0.0583925
0.0597046
0.0610211
0.0623685
0.063775
0.0651671
0.0666129
0.0680619
0.069577
0.0710824
0.0726378
0.0742182
0.0758092
0.077468
0.0791266
0.0808209
0.0825605
0.0843169
0.0861552
0.0879823
0.0898705
0.091681
0.0932584
)
;

boundaryField
{
    zeroGradientPlanes
    {
        type            zeroGradient;
    }
    inlet
    {
        type            zeroGradient;
    }
    plate
    {
        type            zeroGradient;
    }
    frontAndBack
    {
        type            empty;
    }
}


// ************************************************************************* //
