/*--------------------------------*- C++ -*----------------------------------*\
| =========                 |                                                 |
| \\      /  F ield         | OpenFOAM: The Open Source CFD Toolbox           |
|  \\    /   O peration     | Version:  v1812                                 |
|   \\  /    A nd           | Web:      www.OpenFOAM.com                      |
|    \\/     M anipulation  |                                                 |
\*---------------------------------------------------------------------------*/
FoamFile
{
    version     2.0;
    format      ascii;
    class       volScalarField;
    location    "7.2";
    object      p;
}
// * * * * * * * * * * * * * * * * * * * * * * * * * * * * * * * * * * * * * //

dimensions      [0 2 -2 0 0 0 0];


internalField   nonuniform List<scalar> 
9600
(
-5.6878e-10
-0.000108763
0.00072521
0.00346392
0.00381307
0.00315781
0.00452957
0.00748559
0.00796097
0.00949008
0.00852321
0.0103056
0.0110497
0.0114944
0.0116315
0.0126498
0.0142203
0.0162737
0.0175228
0.0206723
-3.37444e-07
-0.000130053
0.000735646
0.00350111
0.00377987
0.00312517
0.00453058
0.00748998
0.00796996
0.00948614
0.00851833
0.0103022
0.0110576
0.0114996
0.0116322
0.0126458
0.0142237
0.0162304
0.0175458
0.0203788
-2.41955e-06
-0.000152328
0.000750488
0.00353307
0.00372087
0.00309283
0.00453999
0.00750309
0.00797882
0.00946694
0.00852818
0.0102962
0.0110698
0.0115046
0.0116335
0.0126379
0.0142258
0.016177
0.0175447
0.0200245
-4.22463e-06
-0.000166268
0.000772702
0.00354991
0.00366022
0.00308553
0.0045553
0.00752601
0.00799342
0.00943099
0.0085322
0.0102846
0.0110815
0.0115107
0.0116328
0.0126282
0.0142231
0.0161202
0.0175156
0.0196834
-4.45549e-06
-0.000167066
0.000803594
0.00354818
0.00360994
0.00310453
0.00457631
0.00756022
0.00801805
0.00937887
0.0085398
0.0102675
0.0110938
0.0115167
0.0116301
0.0126157
0.0142166
0.0160578
0.0174631
0.0193546
-2.23455e-06
-0.000150857
0.000843481
0.00352771
0.00357905
0.00314772
0.00460422
0.00760484
0.00805412
0.00931575
0.00855131
0.0102475
0.0111072
0.0115206
0.0116263
0.0125998
0.0142067
0.0159907
0.0173892
0.0190333
2.92576e-06
-0.000117071
0.000889794
0.00349268
0.00357575
0.00321135
0.00463984
0.007657
0.00810068
0.00924886
0.00856719
0.0102267
0.0111212
0.0115223
0.0116222
0.0125807
0.0141935
0.01592
0.0172935
0.018717
1.08822e-05
-6.76973e-05
0.000939486
0.00344961
0.0036014
0.0032884
0.00468187
0.00771262
0.0081558
0.00918353
0.00858719
0.0102063
0.0111359
0.0115226
0.0116173
0.0125595
0.0141763
0.0158455
0.0171763
0.018405
2.10936e-05
-5.12177e-06
0.000991088
0.00340472
0.00364867
0.00337079
0.00472654
0.00776737
0.00821717
0.00912208
0.00861062
0.0101868
0.0111511
0.0115217
0.0116112
0.0125375
0.0141536
0.0157671
0.0170403
0.0180964
3.30112e-05
6.90069e-05
0.001045
0.00336261
0.00370655
0.00345211
0.00476872
0.00781761
0.00828226
0.0090649
0.00863658
0.0101685
0.0111663
0.01152
0.0116037
0.0125156
0.0141244
0.0156856
0.0168887
0.0177896
4.63534e-05
0.000153569
0.00110204
0.0033263
0.00376732
0.00352879
0.00480401
0.00786085
0.00834871
0.00901152
0.00866384
0.0101513
0.0111813
0.0115182
0.011595
0.012495
0.0140892
0.0156016
0.0167244
0.0174838
6.12169e-05
0.000247253
0.00116231
0.00329735
0.00382846
0.00360003
0.00482978
0.00789588
0.00841466
0.00896131
0.00869116
0.0101354
0.0111959
0.0115171
0.0115852
0.0124764
0.0140487
0.0155149
0.0165508
0.0171799
7.79625e-05
0.000348181
0.00122521
0.0032761
0.00389029
0.00366659
0.00484661
0.00792272
0.00847904
0.00891371
0.00871754
0.0101214
0.0112097
0.0115177
0.0115745
0.0124604
0.0140043
0.0154248
0.0163712
0.0168787
9.70027e-05
0.000454199
0.00129009
0.00326203
0.00395373
0.00372992
0.00485636
0.00794223
0.00854156
0.00886845
0.00874222
0.0101098
0.0112225
0.0115205
0.0115627
0.0124465
0.0139572
0.0153299
0.0161879
0.0165812
0.000118694
0.000563402
0.00135667
0.00325403
0.00401907
0.00379133
0.00486166
0.0079556
0.00860238
0.00882549
0.00876456
0.0101007
0.011234
0.0115256
0.0115494
0.0124335
0.0139084
0.0152289
0.0160024
0.0162887
0.000143273
0.000674365
0.0014251
0.00325088
0.00408584
0.00385151
0.00486512
0.00796424
0.00866177
0.00878507
0.00878403
0.0100945
0.0112438
0.0115328
0.0115344
0.0124198
0.0138587
0.0151204
0.0158153
0.0160032
0.000170905
0.00078616
0.00149579
0.00325159
0.00415327
0.0039108
0.00486891
0.00796945
0.0087199
0.00874753
0.00880024
0.0100915
0.0112517
0.0115413
0.0115179
0.0124031
0.0138079
0.0150043
0.0156266
0.0157263
0.000201689
0.000898218
0.00156911
0.0032555
0.00422057
0.00396933
0.00487457
0.00797238
0.00877677
0.00871327
0.00881291
0.0100917
0.0112576
0.0115501
0.0115002
0.012382
0.0137558
0.014881
0.0154355
0.0154584
0.000235855
0.00101013
0.00164544
0.00326235
0.00428782
0.00402705
0.004883
0.00797404
0.00883224
0.00868268
0.00882185
0.0100953
0.0112615
0.0115582
0.0114819
0.0123554
0.013702
0.0147521
0.0152408
0.0151996
0.00027362
0.00112155
0.0017251
0.00327219
0.00435449
0.00408406
0.0048947
0.00797512
0.00888607
0.0086561
0.00882704
0.0101031
0.0112641
0.0115645
0.011463
0.0123224
0.0136457
0.0146192
0.0150418
0.0149495
0.000315211
0.00123216
0.00180834
0.00328523
0.00442038
0.00414056
0.00490981
0.00797615
0.00893799
0.00863369
0.00882854
0.0101202
0.0112661
0.0115683
0.0114436
0.0122827
0.0135859
0.0144837
0.014839
0.0147083
0.000360876
0.0013417
0.00189536
0.00330182
0.00448539
0.00419673
0.00492833
0.00797769
0.00898788
0.0086155
0.0088263
0.0101331
0.0112686
0.0115694
0.0114235
0.0122362
0.013522
0.0143467
0.0146321
0.0144759
0.000410887
0.00144992
0.00198626
0.00332238
0.00454932
0.00425278
0.00495012
0.00798013
0.00903579
0.0086016
0.00882052
0.0101443
0.0112717
0.0115674
0.0114024
0.0121829
0.0134531
0.0142095
0.0144206
0.0142505
0.000465538
0.00155659
0.00208101
0.00334732
0.00461197
0.00430901
0.00497503
0.00798369
0.00908174
0.00859188
0.00881177
0.0101547
0.0112757
0.011562
0.0113804
0.0121229
0.013378
0.0140743
0.014205
0.0140276
0.00052514
0.00166154
0.00217944
0.00337705
0.00467319
0.00436567
0.00500284
0.00798841
0.0091259
0.00858594
0.0088005
0.0101651
0.0112805
0.0115531
0.0113572
0.0120567
0.0132954
0.0139426
0.0139887
0.0138008
0.000589985
0.00176466
0.00228129
0.00341196
0.00473291
0.00442298
0.00503342
0.00799418
0.00916856
0.00858357
0.00878687
0.0101752
0.0112861
0.0115404
0.0113325
0.0119847
0.0132039
0.0138153
0.0137777
0.0135662
0.000660333
0.00186589
0.00238625
0.00345245
0.00479115
0.00448112
0.0050667
0.00800078
0.00921003
0.00858478
0.00877108
0.0101844
0.0112925
0.0115236
0.0113059
0.0119086
0.0131017
0.01369
0.0135781
0.0133273
0.000736455
0.00196527
0.0024939
0.00349894
0.0048479
0.00454029
0.00510248
0.00800785
0.00925056
0.0085897
0.00875332
0.0101923
0.0112999
0.0115024
0.0112765
0.011831
0.0129893
0.0135611
0.0133913
0.0130931
0.000818612
0.00206287
0.00260367
0.00355185
0.00490329
0.0046006
0.00514046
0.00801513
0.00929016
0.00859839
0.00873372
0.0101981
0.011309
0.0114774
0.0112426
0.0117537
0.0128704
0.0134258
0.0132129
0.0128706
0.000906975
0.0021589
0.00271504
0.00361144
0.00495764
0.00466202
0.00517655
0.00802253
0.00932885
0.00861073
0.00871219
0.0102008
0.0113198
0.0114496
0.0112028
0.0116757
0.0127488
0.0132863
0.013038
0.0126594
0.00100169
0.00225375
0.00282753
0.0036778
0.00501137
0.00472446
0.00522119
0.00803006
0.00936657
0.00862683
0.00868901
0.0101997
0.011332
0.0114197
0.011157
0.0115961
0.0126249
0.013146
0.0128669
0.012455
0.00110285
0.00234782
0.00294072
0.00375089
0.00506505
0.00478763
0.00526941
0.00803787
0.00940305
0.00864683
0.00866458
0.0101938
0.0113444
0.011388
0.0111052
0.0115157
0.0124985
0.0130042
0.0127032
0.012257
0.00121046
0.00244158
0.00305428
0.00383052
0.00511937
0.00485128
0.00532046
0.00804631
0.00943849
0.00867054
0.00863897
0.0101826
0.0113566
0.0113551
0.0110469
0.0114358
0.012372
0.012858
0.0125469
0.0120704
0.00132449
0.00253558
0.00316806
0.00391628
0.00517503
0.00491534
0.00537387
0.00805568
0.00947339
0.00869762
0.00861216
0.0101657
0.011368
0.0113216
0.0109807
0.0113561
0.0122508
0.0127072
0.0123928
0.0118996
0.0014449
0.00263038
0.00328207
0.0040076
0.0052327
0.0049802
0.00542895
0.00806581
0.0095081
0.00872799
0.0085838
0.0101424
0.0113784
0.011288
0.010905
0.0112741
0.0121389
0.0125571
0.0122355
0.0117427
0.00157171
0.00272645
0.00339639
0.00410383
0.00529294
0.00504641
0.00548499
0.00807645
0.00954305
0.00876199
0.00855368
0.0101116
0.0113878
0.0112558
0.0108198
0.011186
0.012037
0.0124153
0.0120737
0.0115927
0.00170482
0.00282412
0.00351144
0.00420443
0.00535596
0.00511468
0.00554134
0.00808711
0.00957865
0.00880027
0.00852189
0.0100718
0.0113955
0.0112281
0.0107258
0.0110884
0.0119431
0.0122873
0.0119104
0.0114423
0.00184417
0.00292355
0.00362784
0.00430913
0.00542147
0.00518617
0.00559775
0.00809658
0.00961509
0.00884411
0.00848863
0.0100205
0.0114007
0.0112081
0.0106252
0.0109774
0.011854
0.0121774
0.0117516
0.0112853
0.00198983
0.00302475
0.0037463
0.00441794
0.00548901
0.00526236
0.00565434
0.00810318
0.00965205
0.008895
0.00845509
0.00995558
0.0114009
0.0111988
0.0105221
0.0108485
0.0117642
0.0120897
0.0116065
0.0111181
0.00214178
0.00313134
0.00386744
0.00453113
0.00555792
0.00534448
0.00571155
0.00810529
0.00968808
0.00895401
0.00842385
0.00987506
0.0113911
0.0112033
0.0104244
0.0106994
0.0116645
0.0120248
0.0114889
0.0109438
0.00230013
0.00323566
0.00399119
0.0046496
0.00562721
0.0054327
0.00577102
0.00810222
0.00972139
0.00902171
0.0083983
0.00977862
0.0113659
0.0112217
0.0103412
0.0105325
0.0115434
0.0119745
0.0114112
0.0107778
0.00246509
0.00334093
0.00411702
0.00477455
0.00569636
0.00552643
0.00583481
0.00809383
0.00974994
0.00909764
0.00838203
0.00966854
0.0113193
0.0112492
0.0102814
0.0103567
0.011393
0.0119242
0.0113766
0.0106444
0.00263676
0.00344791
0.00424395
0.00490702
0.00576579
0.00562392
0.00590514
0.00808086
0.00977072
0.00917987
0.00837868
0.00954897
0.0112462
0.0112785
0.0102505
0.0101824
0.0112124
0.0118607
0.0113759
0.0105632
0.00281532
0.00355736
0.00437032
0.00504804
0.0058369
0.00572211
0.00598382
0.00806551
0.00978041
0.0092654
0.00839102
0.00942503
0.011145
0.0113022
0.0102495
0.0100195
0.0110046
0.0117757
0.011395
0.0105399
0.00300075
0.00367009
0.00449411
0.00519806
0.00591265
0.0058176
0.00607047
0.00805063
0.00977681
0.00935083
0.00842066
0.00930266
0.0110189
0.0113129
0.0102758
0.00987917
0.0107743
0.0116632
0.0114225
0.0105663
0.00319269
0.00378735
0.00461352
0.00535619
0.00599689
0.00590843
0.00616326
0.00803938
0.00975982
0.00943164
0.00846754
0.00918808
0.0108707
0.0113039
0.0103219
0.00977209
0.0105322
0.0115153
0.0114482
0.0106297
0.0033907
0.00391067
0.00472739
0.00552021
0.00609341
0.00599423
0.00625874
0.00803499
0.00973162
0.00950271
0.0085292
0.00908687
0.0107067
0.0112733
0.0103784
0.0097029
0.0102949
0.0113277
0.0114583
0.0107197
0.00359422
0.00404159
0.00483531
0.0056866
0.00620568
0.00607582
0.00635156
0.00803979
0.00969709
0.00956128
0.00860114
0.00900207
0.0105359
0.0112225
0.010438
0.00966859
0.0100777
0.0111059
0.0114364
0.0108256
0.00380248
0.0041816
0.00493776
0.00585089
0.00633565
0.00615609
0.00643572
0.008053
0.00966379
0.00960777
0.00867729
0.00893442
0.0103652
0.0111541
0.0104988
0.00966487
0.00988825
0.0108617
0.0113709
0.0109334
0.00401448
0.00433196
0.00503632
0.00600819
0.0064829
0.00624147
0.00650713
0.00807021
0.009638
0.00964558
0.00875332
0.00888328
0.0101964
0.0110687
0.0105581
0.00969065
0.00973182
0.0106078
0.0112578
0.0110267
0.00422899
0.00449392
0.00513365
0.00615369
0.00664521
0.00633985
0.00656489
0.00808274
0.0096216
0.00968317
0.0088288
0.00884645
0.0100354
0.0109663
0.0106089
0.00974337
0.00961574
0.0103582
0.0110997
0.0110885
0.00444475
0.00466822
0.00523344
0.0062836
0.00681796
0.00645847
0.00661157
0.0080809
0.00961161
0.00972841
0.00890672
0.00882231
0.0098879
0.0108493
0.0106458
0.00981569
0.00954482
0.0101295
0.0109048
0.011104
0.00466082
0.00485479
0.00533958
0.0063957
0.00699408
0.00660215
0.00665432
0.00805835
0.00960022
0.00978497
0.0089938
0.00881134
0.00974373
0.0107188
0.0106672
0.00989982
0.00951652
0.00993619
0.0106897
0.0110652
0.00487624
0.00505338
0.00545625
0.00648908
0.00716451
0.00677238
0.00670401
0.00801301
0.00957612
0.00985321
0.00909751
0.00881651
0.00959998
0.0105735
0.0106709
0.00999147
0.0095245
0.00978537
0.0104749
0.0109756
0.0050901
0.00526207
0.00558852
0.00656621
0.00731872
0.00696652
0.00677383
0.00794727
0.00952741
0.00992823
0.00922258
0.00884372
0.00947088
0.0104143
0.0106506
0.0100858
0.00956535
0.00967781
0.0102768
0.0108495
0.00530346
0.0054771
0.00573633
0.0066316
0.0074492
0.00717777
0.00687731
0.00787227
0.00944579
0.00999689
0.0093697
0.00889848
0.00936355
0.0102483
0.0106001
0.0101729
0.009636
0.00961398
0.0101061
0.0107061
0.00551705
0.00569903
0.00589985
0.0066874
0.0075504
0.00739298
0.00702183
0.00781015
0.00933148
0.0100412
0.00953415
0.00898671
0.00928366
0.0100845
0.0105205
0.01024
0.00972831
0.00959503
0.00996923
0.0105621
0.00572996
0.00593049
0.00607943
0.00673705
0.00762031
0.00759952
0.00720573
0.00778135
0.00919443
0.0100455
0.00970122
0.00911045
0.00923861
0.00992939
0.0104182
0.0102787
0.00982887
0.00961919
0.00987128
0.010427
0.00594184
0.00615179
0.00627388
0.00680152
0.00766713
0.00778589
0.00741771
0.00779531
0.00905199
0.0100042
0.00985097
0.00926543
0.00923647
0.00979065
0.0102995
0.0102883
0.00992326
0.00967806
0.00981848
0.0103084
0.0061513
0.00636717
0.00648155
0.00688652
0.00769707
0.00794263
0.0076406
0.00785386
0.00892543
0.00992261
0.00996725
0.00943954
0.00928009
0.00968148
0.0101723
0.0102687
0.0100017
0.00975803
0.0098139
0.0102188
0.0063589
0.00657655
0.00669585
0.00699192
0.0077201
0.00806845
0.00786125
0.00795482
0.00883146
0.00981497
0.01004
0.0096161
0.00936542
0.00961661
0.0100498
0.0102222
0.0100582
0.00984322
0.00984951
0.0101717
0.006566
0.00677923
0.00690756
0.00711734
0.00774842
0.00816641
0.00806782
0.00808898
0.00877868
0.00969975
0.0100675
0.00977911
0.00948363
0.00959991
0.00995134
0.0101609
0.0100907
0.00992139
0.00990771
0.0101677
0.00677162
0.00697423
0.00711508
0.0072614
0.00778778
0.00824052
0.00825214
0.00824407
0.00877012
0.00959596
0.010057
0.00991495
0.00962144
0.00962464
0.00988719
0.0100995
0.0101034
0.00998786
0.0099723
0.010195
0.00697554
0.00716478
0.00731365
0.00741718
0.00784208
0.00829934
0.00841141
0.00840871
0.00880341
0.00951665
0.0100231
0.0100182
0.00976409
0.00970059
0.0098624
0.0100503
0.0101046
0.0100449
0.010038
0.0102398
0.00717673
0.00734854
0.00750301
0.00758006
0.00791339
0.00835111
0.00854535
0.00857219
0.00887148
0.00946962
0.00998151
0.0100932
0.00993601
0.00981505
0.00988044
0.010021
0.0101004
0.010093
0.0101062
0.0102943
0.00737367
0.00752907
0.00768255
0.00774509
0.00800147
0.00840129
0.00865508
0.00872625
0.00896475
0.0094575
0.00994582
0.0101402
0.0100614
0.00993812
0.00993625
0.0100206
0.0100997
0.0101325
0.0101738
0.0103566
0.00756541
0.00770145
0.00785163
0.00790776
0.00810403
0.00845725
0.00874683
0.00886676
0.00907347
0.00947818
0.0099254
0.0101715
0.0101681
0.0100596
0.0100191
0.0100574
0.0101171
0.0101699
0.0102396
0.0104274
0.00775102
0.0078722
0.00801072
0.00806185
0.00821468
0.00852014
0.00882509
0.00899191
0.00919058
0.00952691
0.00992611
0.010199
0.0102613
0.0101811
0.0101212
0.0101273
0.0101621
0.0102141
0.0103038
0.010502
0.00792778
0.00803646
0.00816142
0.00820899
0.0083312
0.00859106
0.00889408
0.00910027
0.00930804
0.00959722
0.00995034
0.0102311
0.0103352
0.0103046
0.010241
0.0102232
0.0102394
0.0102791
0.0103746
0.0105815
0.00809366
0.00818706
0.00830335
0.00834899
0.00844987
0.00866998
0.00895965
0.00919381
0.00941962
0.00968218
0.00999647
0.0102772
0.0104367
0.0104417
0.0103863
0.0103508
0.0103515
0.0103777
0.0104662
0.0106743
0.00824992
0.008338
0.00843593
0.00847224
0.00856017
0.00875245
0.00902626
0.00927556
0.00952091
0.00977751
0.0100639
0.0103274
0.0104541
0.0105282
0.0105321
0.0104944
0.0104814
0.0104942
0.0105706
0.0107767
0.00839246
0.00847491
0.00855781
0.00858384
0.00866214
0.00883629
0.00909693
0.00935222
0.00960731
0.00986961
0.0101651
0.0104596
0.010709
0.010824
0.0108451
0.0108148
0.0107617
0.0107214
0.0107442
0.0109065
0.00851745
0.00859757
0.00867492
0.00868957
0.00875364
0.00890269
0.00914778
0.00942363
0.00968461
0.00991337
0.0101531
0.0104483
0.0106705
0.0108281
0.010955
0.0110468
0.0110994
0.0111215
0.0111681
0.0112932
0.00862722
0.00871217
0.00878489
0.00878941
0.00885693
0.00898496
0.00919109
0.00946041
0.0098119
0.0101618
0.0104978
0.0108313
0.0111091
0.011286
0.0113556
0.0113523
0.0113293
0.0113589
0.0113703
0.0114303
0.00870571
0.00876639
0.00881875
0.00883824
0.00892681
0.00907783
0.00927053
0.00942507
0.00955353
0.00972967
0.0100816
0.010555
0.0110853
0.0115396
0.0119388
0.0122462
0.012513
0.0127348
0.0130381
0.0133228
0.00883426
0.00891875
0.00897862
0.00894141
0.00897651
0.00905686
0.0092352
0.00952378
0.00993289
0.0103616
0.0107544
0.0110675
0.0113211
0.0115458
0.0116976
0.0119087
0.0121807
0.0125158
0.0128157
0.0130498
0.00869357
0.00875571
0.00892358
0.00906905
0.00920845
0.00935234
0.00954534
0.00976727
0.0100056
0.0102251
0.0104957
0.0108173
0.0111604
0.0115444
0.0119745
0.01244
0.012894
0.0133035
0.0136601
0.0138987
0.00895025
0.00905747
0.00916713
0.00919001
0.00929028
0.00943834
0.00964706
0.00987334
0.0101458
0.0104711
0.0108231
0.0111661
0.0114331
0.0116241
0.011751
0.0117769
0.0117722
0.0117247
0.011648
0.0115799
0.00876162
0.00885021
0.00907906
0.00927865
0.00944797
0.00959768
0.00978861
0.00998128
0.0101911
0.010432
0.0106931
0.0109953
0.0113382
0.0116871
0.012073
0.0124822
0.0128867
0.0132771
0.0136111
0.0138197
0.00892746
0.00904068
0.00928183
0.00943721
0.00958646
0.00971795
0.00989735
0.0100842
0.0102904
0.0105587
0.0108605
0.0111589
0.0114522
0.0116918
0.011896
0.0121005
0.0123304
0.0125983
0.0128473
0.0129864
0.0235884
0.0183194
0.011122
0.00610164
0.0051932
0.00655202
0.00807439
0.00914171
0.00983258
0.0104119
0.0110427
0.0116482
0.0120545
0.0123164
0.0126554
0.0131018
0.0135128
0.0138421
0.0141787
0.0146273
0.0151709
0.0156629
0.016018
0.0163345
0.0167622
0.0172896
0.0177604
0.0181332
0.0185453
0.0190461
0.019506
0.0199033
0.0203559
0.0208924
0.0214639
0.0220508
0.0226508
0.0232296
0.0237804
0.0243278
0.0248661
0.0253863
0.0259049
0.026417
0.0269352
0.0275064
0.0281245
0.0287412
0.029341
0.0299783
0.0306497
0.0313096
0.0319525
0.0326579
0.0334161
0.0341388
0.0348183
0.035489
0.036166
0.0368782
0.0376582
0.0384792
0.0393265
0.040169
0.041023
0.0418642
0.0426763
0.0434983
0.0443923
0.0452866
0.0461976
0.0471436
0.0481013
0.0490498
0.0500253
0.0510431
0.052081
0.0531459
0.0542124
0.0553204
0.056421
0.0575847
0.0587667
0.0599623
0.0611799
0.0624286
0.0637226
0.0650132
0.0663178
0.0676311
0.0689448
0.070354
0.0717395
0.073165
0.0745852
0.0759972
0.0774059
0.0787404
0.0799603
0.0810389
0.0229604
0.0181947
0.0112133
0.0062498
0.00528039
0.00659293
0.00810047
0.00916068
0.00984629
0.0104219
0.0110508
0.0116555
0.012061
0.0123219
0.01266
0.0131061
0.0135169
0.0138456
0.0141816
0.0146298
0.0151733
0.0156653
0.0160202
0.0163363
0.0167636
0.0172911
0.0177618
0.0181344
0.0185463
0.0190472
0.0195071
0.0199043
0.0203567
0.0208932
0.0214647
0.0220516
0.0226516
0.0232304
0.0237811
0.0243285
0.0248668
0.025387
0.0259056
0.0264176
0.0269358
0.0275069
0.0281251
0.0287418
0.0293415
0.0299787
0.0306502
0.0313101
0.0319529
0.0326583
0.0334165
0.0341392
0.0348187
0.0354894
0.0361664
0.0368785
0.0376585
0.0384795
0.0393267
0.0401692
0.0410232
0.0418645
0.0426765
0.0434985
0.0443925
0.0452868
0.0461978
0.0471438
0.0481015
0.04905
0.0500255
0.0510433
0.0520811
0.053146
0.0542126
0.0553206
0.0564211
0.0575848
0.0587668
0.0599625
0.06118
0.0624287
0.0637227
0.0650133
0.0663179
0.0676312
0.0689449
0.0703541
0.0717396
0.0731651
0.0745853
0.0759973
0.0774059
0.0787405
0.0799603
0.0810389
0.0223505
0.0180529
0.0113794
0.00651437
0.00542991
0.00664581
0.00812451
0.00917986
0.00986352
0.0104362
0.0110616
0.0116638
0.0120678
0.0123276
0.0126649
0.0131105
0.0135207
0.013849
0.0141846
0.0146324
0.0151757
0.0156676
0.0160223
0.016338
0.0167651
0.0172925
0.0177632
0.0181356
0.0185473
0.0190482
0.0195081
0.0199051
0.0203574
0.0208939
0.0214654
0.0220523
0.0226523
0.0232311
0.0237818
0.0243291
0.0248674
0.0253876
0.0259061
0.0264182
0.0269363
0.0275074
0.0281255
0.0287423
0.029342
0.0299791
0.0306506
0.0313105
0.0319532
0.0326586
0.0334168
0.0341396
0.034819
0.0354897
0.0361667
0.0368787
0.0376587
0.0384797
0.039327
0.0401694
0.0410234
0.0418647
0.0426767
0.0434987
0.0443927
0.045287
0.0461979
0.0471439
0.0481017
0.0490501
0.0500256
0.0510434
0.0520813
0.0531462
0.0542127
0.0553207
0.0564212
0.0575849
0.0587669
0.0599626
0.0611801
0.0624288
0.0637228
0.0650134
0.066318
0.0676313
0.068945
0.0703542
0.0717397
0.0731652
0.0745853
0.0759973
0.077406
0.0787405
0.0799604
0.0810389
0.021771
0.0179111
0.0115912
0.00685149
0.00563835
0.00672204
0.00815848
0.00920745
0.00988974
0.0104584
0.0110773
0.011674
0.012076
0.0123356
0.0126723
0.0131163
0.0135254
0.0138534
0.0141889
0.0146362
0.0151786
0.0156702
0.0160249
0.0163406
0.0167673
0.0172944
0.0177648
0.018137
0.0185485
0.0190494
0.0195092
0.0199059
0.0203581
0.0208946
0.0214662
0.022053
0.022653
0.0232318
0.0237824
0.0243298
0.0248681
0.0253882
0.0259067
0.0264187
0.0269368
0.0275079
0.028126
0.0287428
0.0293424
0.0299796
0.030651
0.0313109
0.0319536
0.0326589
0.0334172
0.03414
0.0348194
0.03549
0.0361669
0.036879
0.0376589
0.03848
0.0393272
0.0401697
0.0410237
0.041865
0.0426769
0.0434989
0.0443929
0.0452872
0.0461981
0.0471441
0.0481018
0.0490503
0.0500257
0.0510435
0.0520814
0.0531463
0.0542128
0.0553208
0.0564213
0.057585
0.058767
0.0599627
0.0611802
0.0624289
0.0637229
0.0650135
0.0663181
0.0676314
0.0689451
0.0703543
0.0717398
0.0731653
0.0745854
0.0759974
0.0774061
0.0787406
0.0799605
0.081039
0.0212029
0.0177601
0.0118169
0.007213
0.00587262
0.0068109
0.00819802
0.00924163
0.00992462
0.0104892
0.011099
0.011687
0.0120858
0.0123466
0.0126835
0.0131249
0.0135316
0.0138595
0.0141956
0.0146418
0.0151823
0.015673
0.0160284
0.0163448
0.0167711
0.017297
0.0177669
0.0181391
0.0185506
0.0190512
0.0195106
0.0199069
0.020359
0.0208955
0.021467
0.0220539
0.0226538
0.0232325
0.0237832
0.0243306
0.0248688
0.0253888
0.0259072
0.0264193
0.0269373
0.0275084
0.0281266
0.0287433
0.0293429
0.0299801
0.0306515
0.0313114
0.031954
0.0326593
0.0334176
0.0341404
0.0348198
0.0354904
0.0361672
0.0368792
0.0376592
0.0384802
0.0393275
0.04017
0.041024
0.0418653
0.0426772
0.043499
0.0443931
0.0452874
0.0461983
0.0471443
0.048102
0.0490504
0.0500259
0.0510437
0.0520815
0.0531465
0.054213
0.055321
0.0564214
0.0575851
0.0587672
0.0599628
0.0611803
0.062429
0.063723
0.0650136
0.0663182
0.0676315
0.0689451
0.0703544
0.0717399
0.0731653
0.0745856
0.0759975
0.0774063
0.0787408
0.0799608
0.0810391
0.0206436
0.0175933
0.0120368
0.00757901
0.00612007
0.00690623
0.00823832
0.00927817
0.0099646
0.0105256
0.0111246
0.0117014
0.0120966
0.0123601
0.0126981
0.0131364
0.0135399
0.0138679
0.0142051
0.0146499
0.0151868
0.0156757
0.0160326
0.016351
0.0167768
0.0173007
0.0177698
0.0181423
0.0185539
0.0190538
0.0195124
0.0199083
0.0203601
0.0208964
0.021468
0.0220548
0.0226546
0.0232332
0.0237839
0.0243315
0.0248698
0.0253895
0.0259078
0.0264199
0.026938
0.027509
0.0281271
0.0287439
0.0293435
0.0299807
0.0306521
0.0313119
0.0319545
0.0326597
0.0334181
0.0341409
0.0348203
0.0354908
0.0361675
0.0368795
0.0376595
0.0384806
0.0393279
0.0401703
0.0410243
0.0418656
0.0426775
0.0434992
0.0443933
0.0452876
0.0461985
0.0471445
0.0481022
0.0490506
0.050026
0.0510438
0.0520817
0.0531466
0.0542131
0.0553211
0.0564216
0.0575852
0.0587673
0.0599629
0.0611804
0.0624291
0.0637231
0.0650137
0.0663183
0.0676317
0.0689452
0.0703545
0.07174
0.0731655
0.0745857
0.0759976
0.0774065
0.0787411
0.0799613
0.0810393
0.0200973
0.0174081
0.0122416
0.00794416
0.00638016
0.00700915
0.00827927
0.00931579
0.010008
0.0105659
0.0111527
0.0117167
0.0121078
0.0123748
0.012715
0.0131501
0.0135502
0.0138786
0.0142175
0.0146604
0.0151923
0.0156783
0.0160374
0.016359
0.0167843
0.0173054
0.0177732
0.0181468
0.0185587
0.0190576
0.0195151
0.0199106
0.0203619
0.0208977
0.0214691
0.0220559
0.0226554
0.0232337
0.0237847
0.0243327
0.024871
0.0253904
0.0259084
0.0264206
0.0269388
0.0275097
0.0281276
0.0287444
0.0293442
0.0299813
0.0306526
0.0313124
0.0319551
0.0326603
0.0334186
0.0341415
0.0348209
0.0354913
0.0361679
0.0368797
0.0376598
0.038481
0.0393283
0.0401707
0.0410247
0.0418661
0.0426778
0.0434995
0.0443936
0.0452879
0.0461987
0.0471447
0.0481024
0.0490508
0.0500262
0.051044
0.0520818
0.0531468
0.0542132
0.0553212
0.0564217
0.0575854
0.0587675
0.0599631
0.0611806
0.0624292
0.0637233
0.0650139
0.0663184
0.0676318
0.0689453
0.0703546
0.0717401
0.0731656
0.0745858
0.0759978
0.0774067
0.0787415
0.079962
0.0810396
0.019568
0.0172033
0.012427
0.00830745
0.0066554
0.0071231
0.00832204
0.00935397
0.0100539
0.0106093
0.0111831
0.0117332
0.0121195
0.0123904
0.012733
0.0131651
0.0135618
0.0138911
0.0142321
0.0146728
0.0151986
0.015681
0.0160425
0.016368
0.0167931
0.0173107
0.0177772
0.0181522
0.0185649
0.0190624
0.0195188
0.0199138
0.0203645
0.0208996
0.0214706
0.022057
0.022656
0.0232339
0.0237851
0.0243338
0.0248724
0.0253915
0.0259092
0.0264215
0.0269399
0.0275107
0.0281282
0.0287451
0.0293451
0.0299821
0.0306532
0.0313129
0.0319557
0.032661
0.0334192
0.0341421
0.0348216
0.0354919
0.0361683
0.03688
0.0376602
0.0384814
0.0393287
0.0401711
0.0410252
0.0418665
0.0426782
0.0434999
0.0443939
0.0452882
0.046199
0.047145
0.0481027
0.0490511
0.0500264
0.0510442
0.0520821
0.053147
0.0542134
0.0553214
0.0564218
0.0575855
0.0587676
0.0599632
0.0611807
0.0624293
0.0637234
0.065014
0.0663185
0.0676319
0.0689454
0.0703547
0.0717403
0.0731657
0.074586
0.075998
0.077407
0.078742
0.0799629
0.08104
0.0190583
0.0169812
0.0125922
0.0086685
0.00694694
0.00725023
0.00836724
0.00939188
0.0101018
0.0106558
0.011216
0.011751
0.0121319
0.0124064
0.0127518
0.0131809
0.0135742
0.0139046
0.0142481
0.0146867
0.0152058
0.0156841
0.0160479
0.0163778
0.0168025
0.0173164
0.0177814
0.0181584
0.0185719
0.019068
0.0195233
0.0199182
0.0203682
0.0209022
0.0214726
0.0220585
0.0226565
0.0232338
0.0237852
0.0243347
0.0248738
0.0253927
0.0259101
0.0264227
0.0269415
0.027512
0.028129
0.0287458
0.0293462
0.0299831
0.0306537
0.0313135
0.0319565
0.0326616
0.0334198
0.0341428
0.0348225
0.0354926
0.0361688
0.0368804
0.0376606
0.0384818
0.0393291
0.0401716
0.0410257
0.0418671
0.0426788
0.0435003
0.0443943
0.0452887
0.0461995
0.0471455
0.0481031
0.0490514
0.0500267
0.0510445
0.0520823
0.0531472
0.0542136
0.0553216
0.056422
0.0575856
0.0587678
0.0599633
0.0611808
0.0624295
0.0637236
0.0650142
0.0663187
0.067632
0.0689455
0.0703548
0.0717404
0.0731658
0.0745863
0.0759982
0.0774074
0.0787428
0.0799641
0.0810406
0.018571
0.0167478
0.0127377
0.00902473
0.00725303
0.00739142
0.00841526
0.00942872
0.0101508
0.0107053
0.0112515
0.0117703
0.012145
0.0124232
0.0127713
0.0131974
0.0135872
0.0139189
0.0142651
0.0147017
0.0152139
0.0156876
0.0160536
0.0163879
0.0168125
0.0173223
0.0177859
0.0181649
0.0185794
0.019074
0.0195282
0.0199232
0.0203728
0.0209056
0.0214752
0.0220603
0.0226572
0.0232336
0.0237849
0.0243352
0.024875
0.0253939
0.0259112
0.0264242
0.0269435
0.0275137
0.0281299
0.0287466
0.0293475
0.0299843
0.0306544
0.031314
0.0319573
0.0326623
0.0334201
0.0341434
0.0348234
0.0354936
0.0361695
0.036881
0.0376611
0.0384823
0.0393295
0.0401719
0.0410262
0.0418677
0.0426794
0.0435008
0.0443948
0.0452892
0.0462
0.047146
0.0481035
0.0490518
0.0500271
0.0510449
0.0520826
0.0531475
0.0542138
0.0553218
0.0564222
0.0575858
0.058768
0.0599635
0.061181
0.0624296
0.0637238
0.0650144
0.0663188
0.0676322
0.0689457
0.070355
0.0717406
0.073166
0.0745866
0.0759984
0.0774078
0.0787438
0.0799657
0.0810414
0.0181093
0.0165095
0.012863
0.00937142
0.00757038
0.00754737
0.00846697
0.0094639
0.0102001
0.0107575
0.0112896
0.0117912
0.0121591
0.0124408
0.0127919
0.0132147
0.0136007
0.0139336
0.0142829
0.0147176
0.0152228
0.0156916
0.0160596
0.0163984
0.0168228
0.0173286
0.0177905
0.0181717
0.0185872
0.0190802
0.0195334
0.0199288
0.0203781
0.0209097
0.0214783
0.0220625
0.022658
0.0232332
0.0237844
0.0243353
0.0248758
0.0253948
0.0259122
0.026426
0.0269461
0.0275159
0.0281312
0.0287477
0.029349
0.0299858
0.0306552
0.0313147
0.0319582
0.0326629
0.0334202
0.0341437
0.0348242
0.0354945
0.0361705
0.0368819
0.0376619
0.0384829
0.0393298
0.0401722
0.0410266
0.0418682
0.04268
0.0435015
0.0443954
0.0452898
0.0462007
0.0471466
0.0481041
0.0490524
0.0500276
0.0510453
0.0520831
0.0531479
0.0542142
0.0553221
0.0564225
0.057586
0.0587682
0.0599636
0.0611812
0.0624298
0.063724
0.0650146
0.066319
0.0676323
0.0689458
0.0703552
0.0717408
0.0731662
0.0745869
0.0759987
0.0774083
0.0787452
0.0799676
0.0810423
0.0176747
0.0162706
0.0129672
0.00970393
0.00789551
0.00771868
0.00852352
0.00949704
0.0102486
0.0108117
0.0113305
0.0118141
0.0121744
0.0124596
0.0128136
0.0132329
0.0136147
0.0139487
0.0143014
0.0147344
0.0152324
0.015696
0.0160659
0.0164093
0.0168336
0.0173352
0.0177954
0.0181788
0.0185953
0.0190866
0.0195386
0.0199346
0.0203838
0.0209143
0.0214818
0.022065
0.022659
0.0232329
0.0237837
0.024335
0.0248761
0.0253954
0.0259131
0.0264279
0.026949
0.0275185
0.0281327
0.028749
0.0293507
0.0299874
0.0306562
0.0313155
0.0319594
0.0326636
0.0334201
0.0341436
0.0348246
0.0354953
0.0361714
0.0368831
0.0376631
0.0384838
0.0393302
0.0401723
0.0410268
0.0418686
0.0426805
0.0435021
0.044396
0.0452905
0.0462015
0.0471473
0.0481047
0.049053
0.0500282
0.051046
0.0520837
0.0531485
0.0542146
0.0553225
0.0564228
0.0575863
0.0587684
0.0599638
0.0611813
0.0624299
0.0637242
0.0650148
0.0663192
0.0676325
0.0689459
0.0703553
0.071741
0.0731663
0.0745873
0.075999
0.077409
0.0787468
0.07997
0.0810435
0.0172659
0.0160342
0.0130508
0.0100186
0.0082245
0.00790541
0.00858645
0.00952825
0.0102955
0.0108676
0.0113741
0.011839
0.0121911
0.0124795
0.0128365
0.013252
0.0136293
0.0139643
0.0143205
0.014752
0.0152427
0.0157008
0.0160726
0.0164206
0.0168449
0.0173421
0.0178006
0.0181861
0.0186038
0.0190931
0.0195439
0.0199405
0.0203899
0.0209194
0.0214858
0.0220678
0.0226602
0.0232326
0.0237829
0.0243346
0.0248763
0.0253958
0.0259138
0.0264298
0.0269521
0.0275214
0.0281346
0.0287505
0.0293527
0.0299892
0.0306572
0.0313165
0.0319608
0.0326644
0.0334199
0.0341432
0.0348246
0.0354956
0.0361721
0.0368844
0.0376648
0.0384852
0.0393309
0.0401724
0.0410267
0.0418686
0.0426809
0.0435027
0.0443966
0.0452912
0.0462023
0.047148
0.0481053
0.0490538
0.0500291
0.0510468
0.0520844
0.0531492
0.0542152
0.0553231
0.0564233
0.0575867
0.0587687
0.059964
0.0611815
0.06243
0.0637244
0.0650151
0.0663193
0.0676327
0.0689461
0.0703555
0.0717412
0.0731665
0.0745878
0.0759994
0.0774097
0.0787488
0.0799729
0.0810448
0.0168802
0.015803
0.0131157
0.0103122
0.00855306
0.00810748
0.00865797
0.0095583
0.0103401
0.0109245
0.0114205
0.0118664
0.0122094
0.0125007
0.0128606
0.0132722
0.0136445
0.0139804
0.0143403
0.0147704
0.0152538
0.0157062
0.0160797
0.0164325
0.0168568
0.0173495
0.017806
0.0181938
0.0186126
0.0191
0.0195493
0.0199467
0.0203965
0.0209251
0.0214903
0.0220708
0.0226615
0.0232325
0.0237821
0.024334
0.0248762
0.025396
0.0259144
0.0264318
0.0269554
0.0275246
0.0281366
0.0287521
0.0293548
0.0299911
0.0306584
0.0313177
0.0319623
0.0326654
0.0334195
0.0341424
0.0348242
0.0354955
0.0361725
0.0368855
0.0376666
0.0384871
0.0393319
0.0401725
0.0410264
0.0418683
0.042681
0.0435031
0.0443971
0.0452919
0.0462033
0.0471488
0.048106
0.0490546
0.05003
0.0510477
0.0520853
0.05315
0.054216
0.0553237
0.0564239
0.0575873
0.0587691
0.0599644
0.0611817
0.0624302
0.0637246
0.0650153
0.0663196
0.0676329
0.0689463
0.0703556
0.0717414
0.0731666
0.0745883
0.0759998
0.0774104
0.0787512
0.0799762
0.0810465
0.016515
0.015579
0.0131638
0.0105819
0.00887742
0.00832501
0.00874077
0.00958845
0.0103818
0.0109815
0.0114696
0.0118964
0.0122294
0.0125232
0.0128861
0.0132935
0.0136605
0.0139971
0.0143608
0.0147897
0.0152657
0.0157122
0.0160873
0.0164449
0.0168692
0.0173573
0.0178117
0.0182018
0.0186219
0.0191071
0.0195549
0.0199532
0.0204038
0.0209315
0.0214953
0.0220742
0.0226629
0.0232324
0.0237814
0.0243334
0.0248761
0.0253961
0.025915
0.0264338
0.0269589
0.027528
0.0281388
0.0287539
0.029357
0.0299932
0.0306597
0.0313189
0.0319641
0.0326665
0.0334191
0.0341413
0.0348234
0.0354949
0.0361725
0.0368864
0.0376685
0.0384893
0.0393333
0.0401727
0.0410259
0.0418676
0.0426808
0.0435033
0.0443975
0.0452927
0.0462043
0.0471495
0.0481066
0.0490553
0.050031
0.0510488
0.0520864
0.0531509
0.0542169
0.0553246
0.0564247
0.0575879
0.0587697
0.0599648
0.061182
0.0624303
0.0637248
0.0650156
0.0663199
0.0676332
0.0689465
0.0703557
0.0717416
0.0731667
0.0745888
0.0760002
0.0774113
0.0787539
0.0799799
0.0810483
0.0161676
0.0153626
0.0131974
0.0108272
0.00919472
0.00855767
0.00883747
0.00962052
0.0104204
0.0110382
0.0115213
0.0119292
0.0122513
0.0125471
0.0129127
0.0133159
0.0136773
0.0140144
0.0143821
0.01481
0.0152784
0.0157188
0.0160954
0.0164579
0.0168822
0.0173655
0.0178176
0.0182102
0.0186316
0.0191145
0.0195608
0.0199603
0.0204119
0.0209389
0.0215009
0.0220779
0.0226646
0.0232324
0.0237808
0.0243329
0.024876
0.0253963
0.0259157
0.0264359
0.0269625
0.0275315
0.0281412
0.0287558
0.0293593
0.0299953
0.030661
0.0313203
0.0319659
0.0326677
0.0334186
0.03414
0.0348222
0.0354941
0.0361723
0.0368871
0.0376702
0.0384915
0.0393349
0.040173
0.0410252
0.0418667
0.0426804
0.0435034
0.0443979
0.0452934
0.0462053
0.0471504
0.0481071
0.049056
0.0500319
0.0510499
0.0520875
0.053152
0.0542179
0.0553256
0.0564257
0.0575887
0.0587704
0.0599654
0.0611824
0.0624304
0.0637248
0.0650158
0.0663201
0.0676335
0.0689469
0.0703558
0.0717418
0.0731668
0.0745894
0.0760007
0.0774122
0.078757
0.0799841
0.0810503
0.015836
0.0151531
0.0132195
0.011049
0.00950226
0.00880381
0.00895037
0.00965704
0.0104564
0.0110937
0.0115752
0.0119651
0.0122754
0.0125723
0.0129406
0.0133392
0.0136947
0.0140324
0.0144043
0.0148313
0.015292
0.015726
0.016104
0.0164716
0.0168959
0.0173741
0.0178238
0.0182188
0.0186416
0.0191223
0.0195671
0.0199681
0.0204211
0.0209472
0.0215072
0.022082
0.0226663
0.0232325
0.0237803
0.0243325
0.024876
0.0253966
0.0259165
0.026438
0.0269662
0.0275353
0.0281437
0.0287578
0.0293618
0.0299976
0.0306624
0.0313216
0.0319679
0.032669
0.033418
0.0341384
0.0348206
0.0354931
0.036172
0.0368877
0.0376717
0.0384936
0.0393364
0.0401733
0.0410244
0.0418656
0.0426798
0.0435034
0.0443982
0.0452942
0.0462065
0.0471512
0.0481077
0.0490566
0.0500327
0.0510511
0.0520888
0.0531531
0.0542189
0.0553267
0.0564268
0.0575896
0.0587711
0.0599661
0.061183
0.0624306
0.0637249
0.0650159
0.0663204
0.0676339
0.0689473
0.070356
0.071742
0.0731668
0.0745899
0.0760013
0.0774133
0.0787604
0.0799886
0.0810525
0.0155189
0.0149502
0.0132333
0.0112493
0.00979714
0.0090606
0.00908149
0.00970091
0.0104906
0.0111473
0.0116304
0.0120038
0.0123019
0.0125993
0.0129697
0.0133635
0.013713
0.0140512
0.0144275
0.0148537
0.0153065
0.0157339
0.0161132
0.016486
0.0169104
0.0173832
0.0178302
0.0182276
0.018652
0.0191303
0.0195737
0.0199765
0.0204312
0.0209564
0.0215141
0.0220863
0.0226682
0.0232327
0.0237798
0.0243322
0.0248761
0.025397
0.0259173
0.0264402
0.02697
0.0275392
0.0281464
0.0287599
0.0293643
0.0299999
0.0306638
0.031323
0.03197
0.0326704
0.0334174
0.0341367
0.0348191
0.0354922
0.036172
0.0368884
0.0376732
0.0384955
0.0393379
0.0401736
0.0410235
0.0418644
0.0426792
0.0435035
0.0443987
0.045295
0.0462076
0.0471522
0.0481083
0.0490572
0.0500336
0.0510522
0.0520901
0.0531543
0.05422
0.0553278
0.056428
0.0575906
0.0587719
0.0599669
0.0611837
0.0624309
0.0637249
0.0650159
0.0663206
0.0676344
0.0689479
0.0703562
0.0717422
0.0731668
0.0745904
0.0760019
0.0774144
0.0787641
0.0799936
0.0810549
0.0152157
0.0147536
0.0132411
0.0114299
0.0100767
0.00932443
0.00923206
0.00975498
0.0105241
0.0111982
0.0116861
0.0120451
0.0123311
0.0126283
0.0130002
0.0133889
0.013732
0.0140708
0.0144517
0.0148773
0.015322
0.0157424
0.016123
0.0165011
0.0169256
0.0173929
0.0178368
0.0182368
0.0186627
0.0191387
0.0195807
0.0199857
0.0204423
0.0209665
0.0215215
0.022091
0.0226704
0.023233
0.0237795
0.0243319
0.0248763
0.0253975
0.0259182
0.0264425
0.026974
0.0275434
0.0281492
0.0287621
0.029367
0.0300024
0.0306653
0.0313245
0.0319722
0.032672
0.0334165
0.0341349
0.0348176
0.0354915
0.0361724
0.0368896
0.0376748
0.0384971
0.0393392
0.0401737
0.0410224
0.0418632
0.0426787
0.0435039
0.0443992
0.0452959
0.0462088
0.0471531
0.0481089
0.0490579
0.0500345
0.0510533
0.0520914
0.0531555
0.0542211
0.055329
0.0564293
0.0575917
0.0587728
0.0599677
0.0611845
0.0624313
0.0637249
0.0650158
0.0663208
0.0676348
0.0689486
0.0703565
0.0717425
0.0731668
0.074591
0.0760025
0.0774156
0.078768
0.0799988
0.0810575
0.0149265
0.0145624
0.0132446
0.0115934
0.0103387
0.00959101
0.00940198
0.00982183
0.0105585
0.0112461
0.0117412
0.0120885
0.0123629
0.0126596
0.0130325
0.0134154
0.0137518
0.0140911
0.014477
0.0149021
0.0153386
0.0157516
0.0161334
0.016517
0.0169416
0.0174031
0.0178438
0.0182462
0.0186739
0.0191475
0.0195882
0.0199956
0.0204541
0.0209773
0.0215294
0.022096
0.0226727
0.0232334
0.0237791
0.0243318
0.0248766
0.025398
0.0259191
0.0264448
0.0269782
0.0275478
0.0281522
0.0287644
0.0293698
0.0300049
0.0306669
0.031326
0.0319744
0.0326737
0.0334159
0.0341331
0.0348161
0.0354913
0.0361736
0.0368914
0.0376767
0.0384987
0.0393402
0.0401738
0.0410213
0.0418619
0.0426785
0.0435046
0.0444
0.0452969
0.0462101
0.0471541
0.0481096
0.0490586
0.0500355
0.0510545
0.0520927
0.0531568
0.0542222
0.0553302
0.0564307
0.0575929
0.0587737
0.0599686
0.0611855
0.0624318
0.0637249
0.0650156
0.0663208
0.0676353
0.0689493
0.0703569
0.0717428
0.0731668
0.0745915
0.0760031
0.0774168
0.0787722
0.0800044
0.0810602
0.0146507
0.0143747
0.0132445
0.0117435
0.010582
0.00985564
0.0095898
0.00990376
0.010596
0.0112912
0.0117947
0.0121332
0.0123975
0.0126936
0.0130669
0.0134432
0.0137723
0.0141121
0.0145033
0.0149282
0.0153562
0.0157615
0.0161445
0.0165337
0.0169584
0.0174138
0.017851
0.018256
0.0186855
0.0191568
0.0195961
0.0200059
0.0204666
0.0209886
0.0215377
0.0221013
0.0226753
0.0232339
0.0237789
0.0243317
0.024877
0.0253987
0.02592
0.0264472
0.0269826
0.0275524
0.0281553
0.0287668
0.0293727
0.0300077
0.0306685
0.0313275
0.0319768
0.0326756
0.0334155
0.0341312
0.0348148
0.0354916
0.0361755
0.036894
0.037679
0.0385003
0.0393411
0.0401738
0.0410202
0.0418608
0.0426785
0.0435056
0.0444011
0.0452979
0.0462114
0.047155
0.0481103
0.0490596
0.0500367
0.0510558
0.052094
0.053158
0.0542234
0.0553315
0.0564321
0.0575942
0.0587746
0.0599695
0.0611865
0.0624324
0.063725
0.0650153
0.0663209
0.0676357
0.0689501
0.0703573
0.0717431
0.0731668
0.074592
0.0760039
0.0774182
0.0787765
0.0800103
0.0810632
0.0143898
0.0141881
0.0132395
0.0118839
0.0108071
0.0101137
0.00979297
0.0100028
0.0106392
0.0113342
0.011846
0.0121783
0.0124346
0.0127305
0.0131037
0.0134725
0.0137937
0.0141339
0.0145306
0.0149555
0.015375
0.0157723
0.0161561
0.0165511
0.0169761
0.0174251
0.0178586
0.0182662
0.0186977
0.0191665
0.0196044
0.0200168
0.0204796
0.0210003
0.0215463
0.022107
0.0226781
0.0232346
0.0237788
0.0243318
0.0248776
0.0253994
0.0259209
0.0264496
0.0269871
0.0275573
0.0281585
0.0287692
0.0293757
0.0300105
0.0306703
0.0313291
0.0319793
0.0326776
0.0334164
0.0341294
0.0348136
0.0354923
0.036178
0.0368974
0.0376818
0.0385019
0.039342
0.0401737
0.0410192
0.0418597
0.0426787
0.043507
0.0444023
0.0452991
0.0462126
0.047156
0.048111
0.0490607
0.0500382
0.0510572
0.0520953
0.0531592
0.0542246
0.0553328
0.0564336
0.0575956
0.0587756
0.0599705
0.0611875
0.0624331
0.0637251
0.0650151
0.0663209
0.0676361
0.0689509
0.0703578
0.0717434
0.0731668
0.0745926
0.0760047
0.0774196
0.078781
0.0800165
0.0810663
0.0141469
0.0140028
0.0132263
0.0120169
0.0110163
0.0103616
0.010008
0.0101208
0.0106906
0.0113763
0.0118946
0.0122228
0.0124735
0.0127703
0.0131431
0.0135037
0.0138161
0.0141565
0.014559
0.014984
0.0153948
0.0157839
0.0161685
0.0165694
0.0169945
0.017437
0.0178666
0.0182769
0.0187105
0.0191768
0.0196132
0.0200281
0.0204931
0.0210124
0.0215553
0.022113
0.0226811
0.0232354
0.0237787
0.024332
0.0248784
0.0254002
0.0259218
0.0264521
0.0269918
0.0275623
0.0281619
0.0287718
0.0293789
0.0300136
0.0306722
0.0313307
0.0319818
0.0326796
0.0334161
0.0341276
0.0348126
0.0354935
0.0361811
0.0369014
0.037685
0.0385037
0.0393427
0.0401736
0.0410181
0.0418587
0.0426792
0.0435086
0.0444038
0.0453003
0.046214
0.047157
0.0481118
0.0490619
0.0500398
0.0510588
0.0520967
0.0531605
0.0542258
0.0553341
0.0564351
0.057597
0.0587765
0.0599714
0.0611887
0.0624339
0.0637252
0.0650148
0.0663209
0.0676365
0.0689518
0.0703584
0.0717438
0.0731668
0.0745932
0.0760056
0.0774212
0.0787857
0.080023
0.0810697
0.0139248
0.0138237
0.0132015
0.0121418
0.011213
0.0105968
0.0102301
0.0102582
0.0107528
0.0114189
0.0119406
0.0122661
0.0125135
0.0128128
0.0131853
0.013537
0.0138398
0.0141799
0.0145883
0.0150138
0.0154157
0.0157962
0.0161817
0.0165884
0.0170138
0.0174496
0.0178751
0.0182881
0.018724
0.0191877
0.0196224
0.0200398
0.0205069
0.0210248
0.0215646
0.0221193
0.0226844
0.0232363
0.0237788
0.0243324
0.0248794
0.0254012
0.0259228
0.0264546
0.0269967
0.0275674
0.0281654
0.0287744
0.0293822
0.0300168
0.0306742
0.0313324
0.0319844
0.0326818
0.0334158
0.0341259
0.0348118
0.0354949
0.0361847
0.0369059
0.0376885
0.0385056
0.0393434
0.0401735
0.0410172
0.0418578
0.0426797
0.0435105
0.0444053
0.0453015
0.0462153
0.047158
0.0481126
0.0490632
0.0500417
0.0510605
0.0520981
0.0531617
0.0542272
0.0553355
0.0564367
0.0575986
0.0587776
0.0599724
0.0611899
0.0624347
0.0637255
0.0650146
0.0663209
0.0676369
0.0689528
0.0703591
0.0717442
0.0731669
0.0745939
0.0760066
0.0774229
0.0787906
0.0800298
0.0810734
0.0137203
0.0136585
0.0131653
0.0122551
0.0114008
0.0108188
0.0104534
0.0104142
0.0108284
0.0114637
0.0119844
0.0123076
0.0125536
0.0128576
0.0132307
0.0135728
0.013865
0.0142042
0.0146186
0.0150448
0.0154378
0.0158093
0.0161955
0.0166085
0.0170341
0.0174628
0.017884
0.0182999
0.0187382
0.0191992
0.019632
0.0200518
0.020521
0.0210374
0.0215741
0.0221259
0.0226881
0.0232375
0.023779
0.0243329
0.0248805
0.0254023
0.0259238
0.0264572
0.0270016
0.0275728
0.028169
0.0287771
0.0293857
0.0300203
0.0306763
0.0313341
0.031987
0.032684
0.0334156
0.0341242
0.0348111
0.0354965
0.0361885
0.0369107
0.0376922
0.0385077
0.0393442
0.0401733
0.0410162
0.0418569
0.0426803
0.0435124
0.044407
0.0453028
0.0462167
0.047159
0.0481134
0.0490647
0.0500437
0.0510623
0.0520995
0.0531631
0.0542285
0.0553369
0.0564384
0.0576003
0.0587787
0.0599734
0.0611912
0.0624357
0.0637258
0.0650145
0.0663209
0.0676374
0.0689538
0.0703597
0.0717447
0.073167
0.0745946
0.0760077
0.0774247
0.0787958
0.0800369
0.0810773
0.0135243
0.0135126
0.0131238
0.0123532
0.0115816
0.0110292
0.010672
0.0105863
0.0109204
0.011513
0.0120268
0.0123472
0.012593
0.0129041
0.013279
0.0136112
0.0138919
0.0142296
0.0146499
0.015077
0.0154609
0.0158232
0.0162101
0.0166295
0.0170553
0.0174767
0.0178933
0.0183123
0.0187532
0.0192114
0.0196421
0.0200643
0.0205355
0.0210504
0.0215841
0.0221329
0.022692
0.0232388
0.0237793
0.0243336
0.0248819
0.0254035
0.0259248
0.0264598
0.0270067
0.0275783
0.0281727
0.0287798
0.0293893
0.0300239
0.0306785
0.0313358
0.0319898
0.0326864
0.0334154
0.0341226
0.0348105
0.0354982
0.0361924
0.0369157
0.0376961
0.0385098
0.0393449
0.0401732
0.0410153
0.041856
0.042681
0.0435144
0.0444087
0.0453041
0.0462182
0.0471601
0.0481143
0.0490662
0.0500458
0.0510643
0.0521011
0.0531644
0.05423
0.0553384
0.0564402
0.0576021
0.0587799
0.0599745
0.0611925
0.0624367
0.0637261
0.0650144
0.066321
0.0676378
0.0689549
0.0703604
0.0717452
0.0731671
0.0745953
0.0760089
0.0774267
0.0788011
0.0800443
0.0810815
0.0133261
0.0133837
0.0130856
0.012435
0.0117535
0.0112315
0.0108827
0.0107694
0.0110307
0.0115694
0.0120685
0.0123851
0.0126314
0.0129512
0.0133299
0.0136524
0.0139207
0.0142563
0.0146823
0.0151103
0.0154852
0.015838
0.0162254
0.0166514
0.0170776
0.0174914
0.0179032
0.0183253
0.018769
0.0192243
0.0196527
0.020077
0.0205503
0.0210636
0.0215943
0.0221403
0.0226962
0.0232403
0.0237798
0.0243345
0.0248836
0.025405
0.025926
0.0264625
0.027012
0.0275839
0.0281765
0.0287826
0.029393
0.0300277
0.0306808
0.0313376
0.0319926
0.0326888
0.0334153
0.034121
0.03481
0.0355001
0.0361965
0.0369207
0.0377002
0.038512
0.0393457
0.040173
0.0410145
0.0418551
0.0426817
0.0435165
0.0444104
0.0453054
0.0462197
0.0471612
0.0481153
0.0490678
0.050048
0.0510663
0.0521027
0.0531659
0.0542315
0.05534
0.0564421
0.0576039
0.0587811
0.0599756
0.0611939
0.0624377
0.0637264
0.0650143
0.0663211
0.0676384
0.068956
0.0703611
0.0717458
0.0731673
0.0745961
0.0760103
0.0774289
0.0788067
0.080052
0.081086
0.0131202
0.0132634
0.013058
0.0125033
0.0119117
0.0114293
0.0110864
0.0109572
0.0111593
0.0116363
0.0121105
0.0124217
0.0126686
0.0129981
0.0133828
0.0136965
0.0139518
0.0142845
0.0147161
0.0151449
0.0155104
0.0158535
0.0162413
0.0166743
0.0171011
0.0175069
0.0179134
0.0183389
0.0187856
0.0192379
0.0196637
0.0200902
0.0205654
0.0210771
0.0216048
0.0221481
0.0227008
0.0232421
0.0237804
0.0243357
0.0248855
0.0254067
0.0259272
0.0264653
0.0270175
0.0275898
0.0281805
0.0287856
0.0293969
0.0300317
0.0306832
0.0313394
0.0319954
0.0326913
0.0334153
0.0341195
0.0348096
0.035502
0.0362007
0.0369259
0.0377042
0.0385142
0.0393465
0.0401729
0.0410136
0.0418543
0.0426824
0.0435186
0.0444122
0.0453068
0.0462214
0.0471624
0.0481163
0.0490695
0.0500503
0.0510684
0.0521044
0.0531674
0.0542331
0.0553416
0.0564441
0.0576059
0.0587824
0.0599768
0.0611953
0.0624388
0.0637268
0.0650143
0.0663212
0.0676389
0.0689572
0.0703618
0.0717464
0.0731675
0.0745969
0.0760118
0.0774312
0.0788125
0.0800601
0.0810907
0.0129102
0.0131419
0.0130422
0.0125654
0.0120511
0.0116223
0.0112869
0.011144
0.0113031
0.0117175
0.0121546
0.0124569
0.0127048
0.0130443
0.0134371
0.0137433
0.0139853
0.0143144
0.0147513
0.015181
0.0155369
0.0158697
0.016258
0.0166981
0.0171258
0.0175234
0.0179243
0.018353
0.0188031
0.0192523
0.0196752
0.0201037
0.0205809
0.0210909
0.0216157
0.0221563
0.0227058
0.0232441
0.0237813
0.0243371
0.0248876
0.0254086
0.0259285
0.0264681
0.0270231
0.0275959
0.0281845
0.0287886
0.0294009
0.0300359
0.0306858
0.0313413
0.0319984
0.0326939
0.0334153
0.0341181
0.0348093
0.035504
0.0362048
0.036931
0.0377084
0.0385166
0.0393474
0.0401728
0.0410129
0.0418535
0.0426831
0.0435207
0.044414
0.0453082
0.046223
0.0471637
0.0481174
0.0490713
0.0500527
0.0510705
0.0521061
0.0531689
0.0542347
0.0553433
0.0564462
0.0576079
0.0587838
0.0599781
0.0611968
0.0624399
0.0637272
0.0650143
0.0663213
0.0676395
0.0689584
0.0703626
0.071747
0.0731677
0.0745978
0.0760135
0.0774337
0.0788185
0.0800686
0.0810959
0.0127036
0.0130145
0.0130333
0.012631
0.0121721
0.011804
0.0114876
0.0113288
0.0114563
0.0118152
0.0122043
0.0124905
0.0127402
0.0130897
0.0134918
0.0137926
0.0140212
0.0143462
0.0147881
0.0152188
0.0155647
0.0158868
0.0162753
0.0167228
0.0171517
0.0175409
0.0179357
0.0183677
0.0188215
0.0192675
0.0196872
0.0201176
0.0205967
0.0211051
0.021627
0.0221649
0.0227111
0.0232464
0.0237825
0.0243387
0.0248901
0.0254107
0.0259299
0.0264709
0.0270288
0.0276022
0.0281888
0.0287916
0.0294051
0.0300403
0.0306885
0.0313432
0.0320014
0.0326967
0.0334154
0.0341167
0.0348091
0.035506
0.0362091
0.0369361
0.0377126
0.038519
0.0393483
0.0401728
0.0410121
0.0418527
0.0426838
0.0435228
0.0444158
0.0453096
0.0462248
0.047165
0.0481185
0.0490731
0.0500551
0.0510728
0.052108
0.0531706
0.0542364
0.055345
0.0564483
0.05761
0.0587853
0.0599794
0.0611984
0.062441
0.0637277
0.0650144
0.0663215
0.0676401
0.0689597
0.0703633
0.0717477
0.0731681
0.0745987
0.0760153
0.0774364
0.0788247
0.0800774
0.0811013
0.0125036
0.0128821
0.013024
0.0127064
0.0122816
0.011966
0.0116879
0.0115158
0.0116128
0.0119276
0.0122643
0.0125234
0.0127743
0.0131349
0.0135464
0.0138435
0.0140593
0.0143798
0.0148269
0.0152583
0.0155941
0.0159047
0.0162931
0.0167485
0.0171787
0.0175594
0.0179478
0.018383
0.0188407
0.0192835
0.0196998
0.0201319
0.0206129
0.0211197
0.0216386
0.0221739
0.0227168
0.023249
0.0237838
0.0243407
0.0248929
0.0254131
0.0259314
0.0264739
0.0270348
0.0276087
0.0281931
0.0287948
0.0294095
0.0300449
0.0306913
0.0313452
0.0320044
0.0326996
0.0334156
0.0341155
0.0348091
0.0355082
0.0362133
0.0369413
0.0377168
0.0385215
0.0393493
0.0401728
0.0410115
0.041852
0.0426846
0.0435249
0.0444176
0.0453111
0.0462266
0.0471665
0.0481197
0.049075
0.0500576
0.0510751
0.0521099
0.0531723
0.0542382
0.0553469
0.0564505
0.0576122
0.0587868
0.0599807
0.0612
0.0624422
0.0637282
0.0650145
0.0663217
0.0676407
0.068961
0.0703641
0.0717484
0.0731684
0.0745997
0.0760174
0.0774392
0.0788312
0.0800867
0.0811072
0.0123086
0.0127484
0.0130084
0.0127896
0.0123911
0.0121059
0.0118804
0.01171
0.0117709
0.0120495
0.0123379
0.0125587
0.0128062
0.0131799
0.0136009
0.0138953
0.0140993
0.0144151
0.0148677
0.0153
0.0156252
0.0159237
0.0163114
0.0167749
0.0172071
0.0175791
0.0179607
0.0183991
0.0188608
0.0193005
0.0197129
0.0201465
0.0206295
0.0211346
0.0216506
0.0221833
0.022723
0.0232519
0.0237855
0.0243429
0.024896
0.0254157
0.025933
0.0264769
0.0270409
0.0276155
0.0281976
0.028798
0.0294141
0.0300498
0.0306943
0.0313472
0.0320076
0.0327026
0.0334158
0.0341143
0.0348091
0.0355104
0.0362176
0.0369464
0.0377211
0.038524
0.0393503
0.0401729
0.0410109
0.0418513
0.0426853
0.0435271
0.0444195
0.0453127
0.0462285
0.047168
0.0481209
0.0490769
0.0500601
0.0510774
0.0521119
0.0531741
0.0542401
0.0553488
0.0564528
0.0576145
0.0587884
0.0599821
0.0612016
0.0624434
0.0637287
0.0650147
0.0663219
0.0676413
0.0689624
0.0703649
0.0717491
0.0731689
0.0746007
0.0760195
0.0774423
0.0788378
0.0800963
0.0811134
0.0121178
0.0126153
0.0129839
0.0128716
0.0125093
0.0122308
0.0120544
0.011911
0.0119358
0.0121747
0.0124242
0.0126015
0.012836
0.0132241
0.0136559
0.0139475
0.0141407
0.0144519
0.0149105
0.0153443
0.0156583
0.015944
0.0163303
0.016802
0.0172368
0.0175999
0.0179742
0.0184158
0.0188819
0.0193184
0.0197267
0.0201616
0.0206465
0.0211499
0.0216629
0.0221932
0.0227296
0.0232552
0.0237874
0.0243455
0.0248995
0.0254187
0.0259348
0.02648
0.0270472
0.0276225
0.0282023
0.0288014
0.0294188
0.0300549
0.0306974
0.0313492
0.0320108
0.0327057
0.0334162
0.0341132
0.0348094
0.0355128
0.0362218
0.0369515
0.0377254
0.0385266
0.0393514
0.040173
0.0410104
0.0418507
0.0426862
0.0435293
0.0444214
0.0453142
0.0462305
0.0471695
0.0481222
0.0490789
0.0500628
0.0510799
0.0521139
0.053176
0.0542421
0.0553508
0.0564551
0.0576168
0.05879
0.0599836
0.0612033
0.0624446
0.0637292
0.0650149
0.0663222
0.067642
0.0689638
0.0703658
0.0717499
0.0731694
0.0746018
0.0760219
0.0774455
0.0788447
0.0801064
0.08112
0.0119351
0.0124828
0.012952
0.0129431
0.0126357
0.0123537
0.0122042
0.0121094
0.0121141
0.0123016
0.0125179
0.0126559
0.0128662
0.0132661
0.0137119
0.0140002
0.0141828
0.0144897
0.0149549
0.0153915
0.0156938
0.0159657
0.0163502
0.0168297
0.0172675
0.017622
0.0179885
0.0184332
0.018904
0.0193372
0.019741
0.0201771
0.020664
0.0211656
0.0216757
0.0222035
0.0227366
0.0232588
0.0237897
0.0243484
0.0249034
0.025422
0.0259368
0.0264831
0.0270537
0.0276298
0.0282071
0.0288048
0.0294236
0.0300603
0.0307007
0.0313513
0.0320142
0.032709
0.0334167
0.0341123
0.0348097
0.0355152
0.0362261
0.0369566
0.0377297
0.0385293
0.0393526
0.0401732
0.04101
0.0418502
0.042687
0.0435316
0.0444233
0.0453158
0.0462326
0.0471712
0.0481236
0.049081
0.0500655
0.0510824
0.0521161
0.053178
0.0542441
0.0553528
0.0564575
0.0576192
0.0587918
0.0599852
0.061205
0.0624459
0.0637298
0.0650151
0.0663225
0.0676426
0.0689653
0.0703667
0.0717508
0.0731701
0.0746029
0.0760245
0.077449
0.0788518
0.0801169
0.0811271
0.0117663
0.0123518
0.0129156
0.013
0.0127602
0.0124865
0.012336
0.0122913
0.0123067
0.0124374
0.0126124
0.012721
0.012902
0.0133054
0.0137682
0.0140541
0.0142251
0.0145281
0.0150002
0.0154415
0.0157324
0.0159887
0.016371
0.0168584
0.0172992
0.0176453
0.0180035
0.0184513
0.0189273
0.0193571
0.0197559
0.020193
0.0206818
0.0211818
0.0216889
0.0222143
0.0227441
0.0232629
0.0237923
0.0243517
0.0249076
0.0254256
0.0259388
0.0264864
0.0270604
0.0276374
0.0282121
0.0288083
0.0294287
0.0300659
0.0307042
0.0313535
0.0320176
0.0327124
0.0334173
0.0341115
0.0348103
0.0355177
0.0362304
0.0369617
0.0377341
0.0385321
0.0393539
0.0401736
0.0410097
0.0418497
0.0426879
0.0435339
0.0444252
0.0453175
0.0462348
0.047173
0.0481251
0.0490832
0.0500682
0.051085
0.0521184
0.05318
0.0542462
0.055355
0.05646
0.0576217
0.0587935
0.0599868
0.0612068
0.0624472
0.0637304
0.0650154
0.0663228
0.0676433
0.0689668
0.0703676
0.0717516
0.0731708
0.0746041
0.0760273
0.0774527
0.0788591
0.0801278
0.0811347
0.0116158
0.0122254
0.0128766
0.0130443
0.012871
0.0126315
0.0124653
0.0124466
0.0125029
0.0125915
0.0127068
0.0127906
0.0129475
0.0133446
0.0138234
0.0141096
0.0142673
0.0145666
0.0150462
0.0154936
0.0157748
0.0160136
0.0163923
0.0168884
0.0173321
0.0176696
0.0180194
0.01847
0.0189518
0.0193783
0.0197714
0.0202092
0.0207001
0.0211984
0.0217026
0.0222256
0.0227521
0.0232673
0.0237953
0.0243554
0.0249123
0.0254297
0.0259412
0.0264896
0.0270673
0.0276453
0.0282173
0.0288118
0.0294339
0.0300718
0.0307078
0.0313557
0.0320211
0.032716
0.033418
0.0341108
0.034811
0.0355203
0.0362347
0.0369667
0.0377385
0.0385349
0.0393552
0.040174
0.0410095
0.0418493
0.0426888
0.0435362
0.0444271
0.0453192
0.0462371
0.0471748
0.0481266
0.0490854
0.0500711
0.0510877
0.0521207
0.0531822
0.0542484
0.0553572
0.0564626
0.0576243
0.0587954
0.0599885
0.0612087
0.0624485
0.0637311
0.0650158
0.0663232
0.0676441
0.0689684
0.0703686
0.0717525
0.0731717
0.0746053
0.0760303
0.0774567
0.0788666
0.0801392
0.0811427
0.0114841
0.0121098
0.012836
0.0130807
0.0129609
0.0127784
0.0126083
0.0125791
0.0126848
0.0127674
0.0128106
0.0128577
0.0130011
0.0133884
0.0138774
0.0141662
0.0143097
0.0146046
0.0150928
0.0155471
0.0158208
0.0160415
0.016414
0.0169195
0.017367
0.0176946
0.0180357
0.0184894
0.0189774
0.0194008
0.0197876
0.0202258
0.0207189
0.0212155
0.0217167
0.0222374
0.0227606
0.0232723
0.0237987
0.0243595
0.0249175
0.0254341
0.0259437
0.026493
0.0270743
0.0276535
0.0282227
0.0288154
0.0294393
0.0300779
0.0307116
0.0313579
0.0320247
0.0327198
0.0334189
0.0341103
0.0348118
0.0355231
0.036239
0.0369717
0.0377429
0.0385378
0.0393567
0.0401745
0.0410094
0.041849
0.0426898
0.0435386
0.0444291
0.0453209
0.0462395
0.0471767
0.0481282
0.0490877
0.050074
0.0510904
0.0521231
0.0531844
0.0542507
0.0553595
0.0564652
0.057627
0.0587973
0.0599902
0.0612106
0.0624499
0.0637318
0.0650162
0.0663236
0.0676448
0.0689701
0.0703697
0.0717535
0.0731726
0.0746067
0.0760335
0.077461
0.0788743
0.080151
0.0811512
0.0113663
0.012012
0.0127962
0.0131136
0.0130296
0.012911
0.0127724
0.0127068
0.0128366
0.0129541
0.0129369
0.0129219
0.0130554
0.0134399
0.0139327
0.0142237
0.0143525
0.0146413
0.0151401
0.015602
0.0158693
0.0160729
0.0164365
0.016951
0.0174042
0.0177212
0.0180519
0.0185093
0.0190044
0.0194248
0.0198046
0.0202425
0.0207381
0.0212333
0.0217313
0.0222497
0.0227698
0.0232777
0.0238024
0.024364
0.0249231
0.025439
0.0259465
0.0264964
0.0270815
0.027662
0.0282284
0.0288191
0.0294448
0.0300844
0.0307156
0.0313602
0.0320284
0.0327238
0.0334199
0.0341099
0.0348129
0.035526
0.0362433
0.0369767
0.0377473
0.0385408
0.0393582
0.0401751
0.0410094
0.0418488
0.0426908
0.0435411
0.0444311
0.0453227
0.0462419
0.0471787
0.0481299
0.0490902
0.050077
0.0510933
0.0521257
0.0531867
0.0542532
0.0553619
0.0564679
0.0576298
0.0587993
0.0599921
0.0612126
0.0624514
0.0637325
0.0650167
0.066324
0.0676456
0.0689718
0.0703708
0.0717545
0.0731738
0.0746081
0.076037
0.0774655
0.0788822
0.0801632
0.0811603
0.0112508
0.0119355
0.0127629
0.0131468
0.0130836
0.0130154
0.0129496
0.0128514
0.0129569
0.0131297
0.0130932
0.0129949
0.0131026
0.013496
0.0139936
0.014283
0.0143953
0.0146756
0.0151875
0.0156592
0.0159196
0.0161075
0.0164611
0.0169823
0.0174436
0.0177502
0.0180679
0.0185291
0.0190329
0.0194504
0.0198226
0.0202594
0.0207576
0.0212518
0.0217464
0.0222624
0.0227795
0.0232837
0.0238066
0.0243689
0.0249293
0.0254444
0.0259495
0.0264999
0.0270889
0.0276709
0.0282343
0.0288229
0.0294505
0.0300911
0.0307199
0.0313626
0.0320322
0.0327279
0.0334212
0.0341097
0.0348142
0.035529
0.0362476
0.0369816
0.0377517
0.0385439
0.0393598
0.0401759
0.0410096
0.0418487
0.0426919
0.0435436
0.0444331
0.0453245
0.0462445
0.0471809
0.0481317
0.0490926
0.0500801
0.0510962
0.0521283
0.0531892
0.0542557
0.0553644
0.0564707
0.0576327
0.0588013
0.059994
0.0612147
0.0624529
0.0637333
0.0650173
0.0663245
0.0676464
0.0689736
0.070372
0.0717555
0.0731751
0.0746096
0.0760407
0.0774704
0.0788903
0.0801758
0.0811699
0.0111226
0.0118753
0.0127445
0.0131853
0.013133
0.0130852
0.0131189
0.0130287
0.0130645
0.0132721
0.0132695
0.0130939
0.0131424
0.0135479
0.0140619
0.014348
0.0144393
0.0147059
0.0152331
0.0157198
0.0159723
0.0161439
0.0164884
0.0170143
0.0174842
0.0177826
0.0180845
0.0185477
0.0190625
0.0194781
0.0198415
0.0202767
0.0207773
0.0212708
0.0217623
0.0222756
0.0227898
0.0232904
0.0238112
0.0243741
0.024936
0.0254504
0.0259529
0.0265035
0.0270964
0.0276801
0.0282405
0.0288268
0.0294563
0.0300982
0.0307244
0.031365
0.0320361
0.0327323
0.0334226
0.0341097
0.0348156
0.0355321
0.036252
0.0369865
0.0377562
0.0385471
0.0393615
0.0401767
0.0410099
0.0418487
0.0426931
0.0435461
0.0444352
0.0453264
0.0462472
0.0471831
0.0481335
0.0490952
0.0500833
0.0510992
0.0521311
0.0531917
0.0542583
0.055367
0.0564736
0.0576357
0.0588035
0.059996
0.0612168
0.0624544
0.0637342
0.065018
0.0663251
0.0676472
0.0689755
0.0703733
0.0717566
0.0731766
0.0746112
0.0760445
0.0774757
0.0788986
0.0801889
0.0811801
0.0109698
0.0118156
0.0127457
0.0132357
0.0131891
0.0131239
0.0132566
0.0132367
0.0131869
0.0133723
0.0134416
0.0132305
0.0131884
0.0135868
0.0141321
0.0144229
0.0144881
0.0147316
0.0152736
0.0157842
0.0160293
0.0161806
0.0165172
0.0170482
0.0175258
0.0178179
0.0181029
0.018565
0.0190924
0.0195083
0.0198619
0.0202942
0.0207973
0.0212903
0.0217788
0.0222894
0.0228007
0.0232977
0.0238164
0.0243797
0.0249431
0.025457
0.0259567
0.0265072
0.0271041
0.0276896
0.0282469
0.0288308
0.0294622
0.0301055
0.0307291
0.0313674
0.03204
0.032737
0.0334242
0.0341098
0.0348172
0.0355354
0.0362563
0.0369913
0.0377606
0.0385503
0.0393634
0.0401777
0.0410104
0.0418487
0.0426943
0.0435488
0.0444373
0.0453283
0.04625
0.0471854
0.0481355
0.0490979
0.0500865
0.0511024
0.0521339
0.0531943
0.054261
0.0553697
0.0564766
0.0576388
0.0588056
0.0599981
0.061219
0.062456
0.0637352
0.0650187
0.0663257
0.0676481
0.0689774
0.0703747
0.0717577
0.0731782
0.074613
0.0760486
0.0774814
0.0789072
0.0802023
0.081191
0.010793
0.011735
0.0127619
0.0133038
0.013263
0.0131463
0.0133442
0.0134532
0.0133498
0.0134463
0.0135815
0.0133976
0.0132604
0.0136129
0.0141937
0.0145072
0.0145482
0.0147555
0.0153048
0.01585
0.016094
0.0162178
0.0165451
0.017085
0.0175694
0.0178551
0.0181239
0.0185817
0.0191214
0.0195407
0.0198841
0.0203119
0.0208175
0.0213102
0.0217958
0.022304
0.0228121
0.0233056
0.0238223
0.0243858
0.0249506
0.0254642
0.025961
0.026511
0.0271119
0.0276995
0.0282537
0.0288349
0.0294684
0.0301132
0.0307341
0.0313699
0.0320441
0.0327418
0.0334261
0.0341101
0.0348191
0.0355389
0.0362607
0.0369962
0.0377651
0.0385536
0.0393653
0.0401789
0.041011
0.0418489
0.0426956
0.0435515
0.0444394
0.0453303
0.0462529
0.0471878
0.0481376
0.0491007
0.0500899
0.0511056
0.0521369
0.0531971
0.0542638
0.0553725
0.0564796
0.0576419
0.0588079
0.0600002
0.0612212
0.0624576
0.0637362
0.0650195
0.0663263
0.067649
0.0689794
0.0703762
0.0717588
0.07318
0.0746149
0.076053
0.0774874
0.0789159
0.0802161
0.0812024
0.0106107
0.0116138
0.0127768
0.0133926
0.0133636
0.0131738
0.0133763
0.0136461
0.0135629
0.0135259
0.013672
0.0135699
0.0133733
0.0136412
0.0142375
0.0145926
0.0146239
0.0147846
0.0153242
0.0159111
0.0161688
0.016259
0.016569
0.0171231
0.0176175
0.0178941
0.0181465
0.0185992
0.0191494
0.0195741
0.0199089
0.0203302
0.0208377
0.0213307
0.0218134
0.0223191
0.0228244
0.0233141
0.0238287
0.0243926
0.0249586
0.0254719
0.0259657
0.026515
0.0271198
0.0277099
0.0282607
0.028839
0.0294746
0.0301212
0.0307394
0.0313725
0.0320482
0.0327469
0.0334282
0.0341107
0.0348211
0.0355425
0.0362651
0.0370009
0.0377697
0.038557
0.0393673
0.0401802
0.0410118
0.0418492
0.0426969
0.0435543
0.0444415
0.0453323
0.0462559
0.0471903
0.0481397
0.0491035
0.0500933
0.0511089
0.05214
0.0532
0.0542667
0.0553754
0.0564828
0.0576452
0.0588103
0.0600024
0.0612236
0.0624593
0.0637373
0.0650204
0.066327
0.06765
0.0689814
0.0703777
0.07176
0.0731821
0.074617
0.0760575
0.0774939
0.0789249
0.0802302
0.0812144
0.0104519
0.0114477
0.0127666
0.0134981
0.0134944
0.0132275
0.013367
0.0137834
0.0138107
0.0136451
0.0137221
0.0137157
0.0135227
0.0136925
0.0142658
0.0146667
0.0147122
0.0148285
0.0153354
0.0159597
0.0162521
0.0163102
0.0165878
0.0171583
0.0176717
0.017937
0.0181693
0.0186176
0.0191775
0.0196078
0.0199356
0.0203498
0.020858
0.0213518
0.0218314
0.0223348
0.0228376
0.0233233
0.0238355
0.0243998
0.0249673
0.0254802
0.0259708
0.0265191
0.0271279
0.0277206
0.0282682
0.0288431
0.0294809
0.0301296
0.030745
0.031375
0.0320524
0.0327523
0.0334306
0.0341114
0.0348233
0.0355462
0.0362694
0.0370057
0.0377742
0.0385605
0.0393695
0.0401817
0.0410128
0.0418496
0.0426984
0.0435572
0.0444438
0.0453344
0.046259
0.0471929
0.048142
0.0491065
0.0500969
0.0511124
0.0521432
0.053203
0.0542697
0.0553784
0.056486
0.0576486
0.0588127
0.0600048
0.061226
0.062461
0.0637385
0.0650214
0.0663278
0.067651
0.0689835
0.0703794
0.0717612
0.0731843
0.0746193
0.0760621
0.0775009
0.0789341
0.0802446
0.0812271
0.0103405
0.0112543
0.0127076
0.0136062
0.013655
0.0133221
0.0133445
0.0138448
0.014057
0.013828
0.0137636
0.0138111
0.0136838
0.0137826
0.0142953
0.0147213
0.0148009
0.014893
0.0153493
0.0159897
0.0163362
0.0163775
0.0166049
0.0171848
0.0177311
0.0179877
0.0181918
0.0186352
0.0192072
0.0196418
0.0199631
0.020371
0.020879
0.0213732
0.0218501
0.0223507
0.0228514
0.0233336
0.0238429
0.0244074
0.0249766
0.0254893
0.0259764
0.0265232
0.027136
0.0277318
0.0282762
0.0288474
0.0294872
0.0301384
0.0307511
0.0313777
0.0320566
0.032758
0.0334334
0.0341124
0.0348257
0.0355502
0.0362738
0.0370103
0.0377789
0.0385641
0.0393717
0.0401833
0.041014
0.0418501
0.0427
0.0435602
0.044446
0.0453365
0.0462623
0.0471957
0.0481443
0.0491095
0.0501005
0.051116
0.0521465
0.0532061
0.0542729
0.0553816
0.0564893
0.0576521
0.0588152
0.0600072
0.0612285
0.0624628
0.0637397
0.0650225
0.0663286
0.0676521
0.0689857
0.0703813
0.0717624
0.0731868
0.0746218
0.076067
0.0775083
0.0789436
0.0802593
0.0812404
0.010288
0.0110649
0.012588
0.0136934
0.0138413
0.0134635
0.0133392
0.0138332
0.0142602
0.0140724
0.013835
0.0138577
0.0138246
0.0139067
0.0143471
0.0147623
0.0148754
0.0149724
0.0153797
0.0160043
0.0164087
0.0164621
0.016629
0.0171986
0.0177902
0.01805
0.0182166
0.018649
0.0192383
0.0196784
0.0199903
0.0203928
0.0209013
0.0213952
0.0218692
0.0223671
0.0228658
0.0233449
0.0238512
0.0244153
0.0249864
0.0254993
0.0259826
0.0265274
0.0271443
0.0277435
0.0282847
0.0288518
0.0294934
0.0301475
0.0307577
0.0313804
0.0320607
0.032764
0.0334365
0.0341136
0.0348283
0.0355543
0.0362783
0.037015
0.0377835
0.0385678
0.0393741
0.0401851
0.0410153
0.0418508
0.0427017
0.0435633
0.0444483
0.0453387
0.0462656
0.0471986
0.0481469
0.0491127
0.0501042
0.0511197
0.0521499
0.0532093
0.0542761
0.0553848
0.0564928
0.0576557
0.0588178
0.0600097
0.0612311
0.0624647
0.0637411
0.0650238
0.0663295
0.0676533
0.0689879
0.0703832
0.0717638
0.0731894
0.0746247
0.0760721
0.0775162
0.0789534
0.0802743
0.0812544
0.0102919
0.0109095
0.0124181
0.0137302
0.0140399
0.0136519
0.0133773
0.013776
0.0143843
0.0143465
0.0139712
0.013883
0.0139191
0.0140409
0.0144344
0.0148095
0.0149277
0.0150497
0.0154352
0.0160179
0.0164589
0.0165556
0.0166706
0.0172013
0.0178406
0.0181249
0.0182489
0.0186575
0.0192682
0.0197197
0.0200183
0.0204133
0.0209249
0.0214188
0.0218888
0.0223838
0.0228807
0.0233571
0.0238606
0.0244238
0.0249965
0.0255102
0.0259895
0.0265316
0.0271525
0.0277557
0.0282939
0.0288564
0.0294995
0.0301567
0.0307649
0.0313834
0.0320649
0.0327702
0.03344
0.034115
0.0348311
0.0355587
0.0362828
0.0370196
0.0377882
0.0385715
0.0393767
0.0401871
0.0410168
0.0418516
0.0427035
0.0435665
0.0444507
0.0453409
0.0462691
0.0472016
0.0481495
0.0491159
0.0501081
0.0511235
0.0521535
0.0532127
0.0542795
0.0553882
0.0564963
0.0576593
0.0588204
0.0600123
0.0612337
0.0624666
0.0637426
0.0650251
0.0663305
0.0676546
0.0689902
0.0703853
0.0717652
0.0731923
0.0746278
0.0760772
0.0775245
0.0789636
0.0802894
0.081269
0.0103446
0.0108078
0.0122278
0.0136948
0.0142253
0.0138819
0.0134751
0.0137112
0.0144143
0.0146047
0.0141838
0.0139248
0.013965
0.0141548
0.0145488
0.0148848
0.0149687
0.0151056
0.0155081
0.01605
0.0164878
0.0166415
0.0167354
0.0172029
0.0178738
0.0182078
0.0182955
0.0186618
0.0192925
0.019766
0.0200501
0.0204313
0.0209483
0.021445
0.0219093
0.0224005
0.0228959
0.0233699
0.023871
0.024433
0.0250069
0.0255219
0.0259974
0.0265358
0.0271605
0.0277684
0.0283038
0.0288613
0.0295055
0.0301662
0.0307724
0.0313865
0.032069
0.0327766
0.0334439
0.0341167
0.034834
0.0355632
0.0362874
0.0370241
0.037793
0.0385754
0.0393793
0.0401893
0.0410185
0.0418526
0.0427054
0.0435698
0.0444531
0.0453432
0.0462727
0.0472047
0.0481523
0.0491192
0.050112
0.0511275
0.0521572
0.0532161
0.054283
0.0553917
0.0565
0.0576631
0.0588232
0.060015
0.0612365
0.0624686
0.0637441
0.0650265
0.0663315
0.067656
0.0689926
0.0703876
0.0717667
0.0731953
0.0746313
0.0760826
0.0775334
0.0789741
0.0803047
0.0812841
0.0104377
0.0107646
0.0120501
0.0135902
0.0143644
0.0141374
0.0136383
0.0136762
0.0143662
0.0148001
0.0144523
0.0140214
0.0139847
0.0142249
0.0146644
0.014999
0.0150237
0.015131
0.015575
0.0161135
0.0165134
0.0167043
0.0168163
0.0172176
0.0178876
0.0182884
0.0183612
0.0186678
0.0193073
0.0198149
0.0200887
0.0204479
0.0209688
0.0214737
0.0219324
0.022417
0.0229111
0.0233834
0.0238823
0.024443
0.0250178
0.0255343
0.0260062
0.0265403
0.0271682
0.0277814
0.0283145
0.0288664
0.0295114
0.030176
0.0307805
0.0313898
0.0320732
0.0327833
0.0334482
0.0341187
0.034837
0.035568
0.036292
0.0370287
0.0377978
0.0385794
0.0393822
0.0401917
0.0410204
0.0418536
0.0427075
0.0435733
0.0444556
0.0453456
0.0462763
0.0472079
0.0481553
0.0491227
0.050116
0.0511316
0.052161
0.0532198
0.0542866
0.0553953
0.0565038
0.057667
0.058826
0.0600178
0.0612393
0.0624706
0.0637458
0.0650281
0.0663325
0.0676576
0.068995
0.0703899
0.0717684
0.0731985
0.0746352
0.0760881
0.0775426
0.078985
0.0803202
0.0812998
0.0105628
0.0107753
0.0119094
0.0134432
0.0144321
0.01439
0.0138611
0.0137008
0.0142781
0.0149012
0.0147343
0.0141945
0.0140117
0.0142494
0.0147518
0.0151386
0.0151185
0.0151408
0.0156098
0.0161993
0.0165606
0.0167422
0.0168942
0.017256
0.0178908
0.0183543
0.018444
0.0186838
0.0193113
0.0198616
0.0201361
0.020466
0.0209846
0.0215027
0.0219594
0.0224345
0.0229255
0.0233974
0.0238945
0.0244538
0.0250295
0.0255475
0.0260158
0.026545
0.0271757
0.0277946
0.0283261
0.028872
0.029517
0.0301859
0.0307891
0.0313933
0.0320773
0.0327904
0.0334531
0.0341209
0.0348402
0.0355729
0.0362968
0.0370333
0.0378026
0.0385834
0.0393851
0.0401943
0.0410226
0.0418549
0.0427097
0.0435769
0.0444582
0.0453481
0.0462801
0.0472113
0.0481584
0.0491263
0.0501202
0.0511359
0.0521649
0.0532235
0.0542904
0.055399
0.0565077
0.0576709
0.0588289
0.0600206
0.0612422
0.0624728
0.0637476
0.0650298
0.0663336
0.0676593
0.0689975
0.0703925
0.0717702
0.0732019
0.0746395
0.0760938
0.0775523
0.0789963
0.0803358
0.0813161
0.0107091
0.0108344
0.011815
0.0132851
0.0144264
0.0146068
0.0141239
0.0137991
0.0141931
0.0149071
0.0149803
0.0144353
0.0140813
0.0142482
0.0147911
0.0152741
0.0152654
0.0151668
0.0155992
0.0162777
0.0166474
0.0167754
0.0169492
0.0173141
0.0179008
0.0183987
0.0185337
0.0187181
0.019308
0.0199003
0.0201915
0.0204896
0.0209961
0.0215294
0.0219903
0.0224547
0.0229391
0.0234113
0.0239079
0.0244652
0.0250419
0.0255619
0.0260264
0.0265499
0.0271829
0.0278081
0.0283386
0.028878
0.0295225
0.0301961
0.0307985
0.0313969
0.0320813
0.0327978
0.0334585
0.0341233
0.0348435
0.035578
0.0363017
0.037038
0.0378076
0.0385876
0.0393882
0.040197
0.0410249
0.0418563
0.0427121
0.0435806
0.044461
0.0453506
0.0462839
0.0472148
0.0481616
0.0491299
0.0501244
0.0511403
0.0521689
0.0532274
0.0542943
0.0554029
0.0565117
0.057675
0.0588319
0.0600236
0.0612452
0.062475
0.0637495
0.0650316
0.0663347
0.0676611
0.069
0.0703951
0.0717723
0.0732054
0.0746442
0.0760997
0.0775623
0.0790081
0.0803515
0.0813328
0.0108609
0.0109385
0.0117684
0.0131382
0.0143655
0.0147642
0.0143975
0.0139693
0.0141505
0.0148469
0.0151495
0.014709
0.0142174
0.01425
0.0147823
0.0153735
0.0154478
0.0152424
0.0155597
0.0163151
0.0167654
0.0168337
0.0169754
0.0173701
0.0179322
0.0184287
0.018616
0.0187735
0.0193062
0.0199262
0.0202512
0.0205218
0.0210052
0.0215517
0.0220236
0.0224793
0.022953
0.0234237
0.0239218
0.0244777
0.0250547
0.0255775
0.0260382
0.0265551
0.0271896
0.0278217
0.028352
0.0288845
0.0295277
0.0302065
0.0308086
0.0314007
0.0320849
0.0328055
0.0334646
0.034126
0.0348468
0.0355834
0.0363067
0.0370427
0.0378126
0.0385919
0.0393914
0.0401999
0.0410275
0.0418579
0.0427145
0.0435844
0.0444639
0.0453533
0.0462878
0.0472184
0.0481652
0.0491337
0.0501288
0.0511448
0.0521731
0.0532314
0.0542983
0.055407
0.0565159
0.0576791
0.058835
0.0600268
0.0612483
0.0624774
0.0637515
0.0650336
0.0663359
0.0676631
0.0690027
0.0703978
0.0717746
0.073209
0.0746493
0.0761058
0.0775727
0.0790204
0.0803673
0.0813499
0.0109972
0.0110806
0.011773
0.0130147
0.0142703
0.0148564
0.0146511
0.0141931
0.0141747
0.0147611
0.0152279
0.0149712
0.0144202
0.0142869
0.0147455
0.0154154
0.0156314
0.015385
0.0155285
0.0162925
0.0168816
0.0169408
0.016994
0.0173997
0.0179823
0.0184626
0.0186806
0.0188416
0.0193166
0.0199395
0.020309
0.0205646
0.0210145
0.0215683
0.022057
0.0225087
0.0229693
0.0234349
0.0239354
0.0244913
0.0250682
0.0255939
0.0260515
0.0265607
0.027196
0.0278355
0.0283665
0.0288916
0.0295325
0.0302169
0.0308197
0.0314049
0.0320882
0.0328134
0.0334717
0.0341292
0.03485
0.0355888
0.0363119
0.0370475
0.0378178
0.0385963
0.0393948
0.040203
0.0410304
0.0418597
0.0427172
0.0435883
0.0444669
0.0453561
0.0462918
0.0472222
0.0481689
0.0491375
0.0501333
0.0511496
0.0521774
0.0532355
0.0543024
0.0554111
0.0565203
0.0576833
0.0588382
0.0600301
0.0612514
0.0624798
0.0637536
0.0650357
0.0663372
0.0676653
0.0690056
0.0704006
0.0717772
0.0732128
0.0746549
0.0761122
0.0775833
0.0790333
0.0803832
0.0813674
0.0110971
0.0112441
0.0118327
0.0129261
0.0141577
0.0148901
0.0148615
0.0144422
0.0142704
0.01469
0.0152303
0.0151814
0.0146644
0.014382
0.0147088
0.0153999
0.0157796
0.0155803
0.0155445
0.0162224
0.0169566
0.0170924
0.0170401
0.0173947
0.0180282
0.0185172
0.018732
0.018907
0.0193451
0.0199472
0.0203579
0.0206179
0.0210286
0.0215785
0.0220884
0.022542
0.0229891
0.0234459
0.0239474
0.0245056
0.0250828
0.0256111
0.0260662
0.0265669
0.0272015
0.0278494
0.0283821
0.0288994
0.029537
0.0302273
0.0308317
0.0314096
0.0320909
0.0328213
0.0334796
0.0341328
0.0348532
0.0355944
0.0363173
0.0370523
0.0378231
0.0386009
0.0393983
0.0402062
0.0410334
0.0418618
0.0427201
0.0435923
0.04447
0.045359
0.0462958
0.0472262
0.0481728
0.0491414
0.0501378
0.0511545
0.0521818
0.0532398
0.0543067
0.0554154
0.0565247
0.0576876
0.0588415
0.0600335
0.0612546
0.0624825
0.0637558
0.065038
0.0663385
0.0676676
0.0690085
0.0704034
0.0717802
0.0732168
0.0746609
0.076119
0.0775941
0.0790466
0.0803993
0.0813852
0.0111476
0.011404
0.0119415
0.0128875
0.014046
0.014877
0.015019
0.0146875
0.0144251
0.0146627
0.0151874
0.015319
0.014913
0.0145383
0.0147028
0.0153474
0.0158677
0.0157932
0.0156318
0.0161428
0.0169621
0.0172528
0.0171429
0.0173763
0.0180423
0.0185927
0.0187906
0.0189572
0.0193853
0.0199604
0.0203937
0.0206761
0.0210526
0.0215835
0.0221158
0.022579
0.0230127
0.0234577
0.0239581
0.0245193
0.0250987
0.0256295
0.0260824
0.0265739
0.0272063
0.0278631
0.028399
0.0289079
0.0295408
0.0302376
0.0308449
0.0314149
0.0320932
0.032829
0.0334883
0.034137
0.0348564
0.0356
0.036323
0.0370573
0.0378284
0.0386056
0.039402
0.0402095
0.0410366
0.0418641
0.0427231
0.0435965
0.0444732
0.045362
0.0462998
0.0472303
0.048177
0.0491453
0.0501424
0.0511596
0.0521863
0.0532442
0.0543111
0.0554199
0.0565294
0.057692
0.0588448
0.060037
0.0612578
0.0624852
0.0637582
0.0650404
0.06634
0.06767
0.0690118
0.0704062
0.0717834
0.0732209
0.0746672
0.0761262
0.0776051
0.0790604
0.0804155
0.0814032
0.011149
0.0115366
0.0120784
0.0129064
0.0139568
0.0148313
0.0151237
0.0149062
0.014615
0.014692
0.0151321
0.0153871
0.0151311
0.0147357
0.0147481
0.0152863
0.0158918
0.0159865
0.0157863
0.0160965
0.0169045
0.0173782
0.017302
0.0173817
0.0180108
0.0186641
0.0188765
0.0189967
0.019422
0.0199877
0.0204208
0.0207301
0.0210891
0.0215867
0.0221349
0.0226193
0.0230415
0.0234708
0.0239684
0.0245318
0.0251147
0.0256494
0.0261002
0.0265819
0.0272103
0.0278764
0.0284174
0.0289173
0.0295439
0.0302476
0.0308592
0.0314212
0.0320951
0.0328366
0.0334979
0.0341419
0.0348595
0.0356056
0.0363288
0.0370625
0.0378337
0.0386106
0.0394058
0.0402129
0.0410401
0.0418667
0.0427264
0.0436008
0.0444767
0.0453651
0.0463038
0.0472347
0.0481815
0.0491493
0.0501471
0.0511648
0.052191
0.0532488
0.0543155
0.0554245
0.0565341
0.0576964
0.0588482
0.0600408
0.0612611
0.0624882
0.0637607
0.0650428
0.0663416
0.0676725
0.0690152
0.070409
0.0717871
0.0732252
0.0746737
0.0761338
0.0776163
0.0790746
0.0804319
0.0814214
0.0111134
0.0116298
0.0122175
0.0129729
0.0139083
0.0147716
0.015182
0.0150869
0.0148148
0.0147752
0.0150937
0.0154042
0.015299
0.0149453
0.0148467
0.0152451
0.0158654
0.0161302
0.0159784
0.0161144
0.0168203
0.0174371
0.0174845
0.0174458
0.0179525
0.0186981
0.0189911
0.0190464
0.0194413
0.0200257
0.0204515
0.0207739
0.0211362
0.0215959
0.0221426
0.0226588
0.0230777
0.0234849
0.0239782
0.0245443
0.0251299
0.0256704
0.0261205
0.0265907
0.0272133
0.0278889
0.0284374
0.0289283
0.0295461
0.0302568
0.0308749
0.0314285
0.0320963
0.0328438
0.0335083
0.0341474
0.0348628
0.0356112
0.0363349
0.0370678
0.0378392
0.0386157
0.0394099
0.0402164
0.0410437
0.0418694
0.0427298
0.0436054
0.0444804
0.0453682
0.0463077
0.0472393
0.0481863
0.0491533
0.0501519
0.0511702
0.0521958
0.0532535
0.0543201
0.0554293
0.056539
0.057701
0.0588517
0.0600447
0.0612643
0.0624913
0.0637634
0.0650454
0.0663434
0.0676752
0.0690189
0.0704118
0.0717911
0.0732299
0.0746805
0.0761419
0.0776275
0.0790892
0.0804485
0.0814397
0.011055
0.0116869
0.0123413
0.0130661
0.0139049
0.0147186
0.0152032
0.0152257
0.0150031
0.0148961
0.015091
0.0153939
0.0154148
0.0151418
0.0149838
0.0152445
0.0158142
0.0162114
0.0161719
0.0161982
0.0167504
0.0174284
0.0176462
0.0175772
0.0179081
0.018675
0.0191092
0.0191297
0.0194438
0.0200571
0.0204949
0.0208077
0.0211847
0.021619
0.0221419
0.0226907
0.0231232
0.0235024
0.023985
0.0245575
0.0251445
0.0256911
0.0261441
0.0266015
0.027215
0.0279005
0.0284587
0.0289412
0.0295475
0.0302648
0.030892
0.0314374
0.032097
0.0328505
0.0335195
0.0341533
0.034866
0.035617
0.0363412
0.0370733
0.0378447
0.0386209
0.0394141
0.0402202
0.0410478
0.0418723
0.0427332
0.04361
0.0444845
0.0453714
0.0463115
0.0472442
0.0481913
0.0491573
0.0501568
0.0511758
0.0522007
0.0532584
0.0543249
0.0554342
0.056544
0.0577056
0.0588552
0.0600488
0.0612677
0.0624945
0.0637662
0.0650479
0.0663455
0.0676779
0.0690229
0.0704147
0.0717954
0.0732349
0.0746874
0.0761506
0.0776391
0.079104
0.0804653
0.0814582
0.0109822
0.0117149
0.0124453
0.0131696
0.0139393
0.0146885
0.0152019
0.0153238
0.0151666
0.0150325
0.0151276
0.0153794
0.0154854
0.0153103
0.0151384
0.0152895
0.0157672
0.0162365
0.0163365
0.0163276
0.0167249
0.0173804
0.0177506
0.0177465
0.0179168
0.0186083
0.0191954
0.0192549
0.0194526
0.0200663
0.02055
0.020842
0.0212238
0.0216567
0.0221421
0.0227081
0.0231756
0.0235302
0.0239874
0.0245691
0.0251607
0.0257096
0.0261694
0.0266156
0.0272153
0.0279103
0.0284816
0.0289565
0.0295484
0.0302709
0.0309099
0.0314482
0.0320973
0.0328566
0.0335318
0.03416
0.034869
0.0356231
0.036348
0.0370788
0.0378501
0.0386264
0.0394185
0.0402239
0.0410522
0.0418756
0.0427367
0.0436148
0.0444888
0.0453747
0.0463152
0.0472493
0.0481967
0.0491614
0.0501617
0.0511815
0.0522056
0.0532635
0.0543296
0.0554394
0.0565492
0.0577104
0.0588589
0.0600531
0.0612711
0.0624979
0.0637694
0.0650504
0.0663478
0.0676806
0.0690271
0.0704177
0.0718
0.0732404
0.0746943
0.0761597
0.0776508
0.0791191
0.0804824
0.0814767
0.0109016
0.0117155
0.0125268
0.013273
0.0139992
0.0146878
0.0151956
0.0153882
0.0153009
0.0151668
0.0151934
0.0153781
0.0155227
0.0154444
0.0152922
0.0153689
0.0157457
0.0162248
0.0164555
0.0164761
0.0167521
0.0173307
0.0177923
0.0179107
0.017993
0.0185356
0.0192216
0.0193999
0.0194942
0.0200512
0.0206027
0.0208894
0.0212503
0.0216995
0.0221533
0.022709
0.0232242
0.0235739
0.0239897
0.0245748
0.0251804
0.0257286
0.0261943
0.0266337
0.0272154
0.0279168
0.0285056
0.0289747
0.0295491
0.0302752
0.0309285
0.0314614
0.0320975
0.0328615
0.0335448
0.0341675
0.0348717
0.035629
0.0363554
0.0370846
0.0378555
0.0386322
0.039423
0.0402277
0.0410569
0.0418792
0.0427401
0.0436196
0.0444936
0.0453781
0.0463188
0.0472547
0.0482025
0.0491655
0.0501668
0.0511875
0.0522106
0.0532687
0.0543345
0.0554447
0.0565543
0.0577152
0.0588626
0.0600575
0.0612745
0.0625014
0.0637728
0.0650528
0.0663506
0.0676835
0.0690315
0.0704209
0.0718046
0.0732464
0.0747014
0.0761693
0.0776628
0.0791342
0.0804996
0.0814953
0.0108278
0.0116937
0.0125819
0.0133681
0.0140734
0.0147133
0.0151979
0.0154296
0.0154066
0.0152888
0.0152732
0.0153965
0.0155417
0.0155433
0.0154344
0.0154676
0.0157567
0.0161993
0.0165245
0.0166178
0.0168189
0.0173057
0.0177939
0.0180353
0.0181184
0.0184978
0.0191901
0.0195286
0.0195825
0.0200294
0.0206348
0.0209534
0.0212742
0.0217367
0.0221812
0.0227029
0.0232574
0.0236312
0.0240002
0.0245699
0.0251991
0.0257518
0.0262183
0.0266547
0.0272179
0.02792
0.0285294
0.0289964
0.0295499
0.0302769
0.0309471
0.0314767
0.0320981
0.0328653
0.0335584
0.0341762
0.0348742
0.0356345
0.0363635
0.0370908
0.0378606
0.038638
0.0394276
0.0402315
0.041062
0.0418832
0.0427437
0.0436244
0.0444987
0.0453816
0.0463223
0.0472605
0.0482084
0.0491694
0.0501719
0.0511937
0.0522157
0.0532742
0.0543394
0.0554502
0.0565596
0.05772
0.0588664
0.0600619
0.0612781
0.0625049
0.0637766
0.065055
0.0663536
0.0676865
0.069036
0.0704245
0.0718094
0.0732529
0.0747085
0.0761791
0.0776753
0.0791494
0.0805169
0.0815139
0.0107785
0.0116634
0.0126119
0.0134471
0.0141524
0.0147572
0.0152147
0.0154595
0.0154865
0.0153936
0.0153537
0.0154302
0.0155559
0.0156105
0.0155578
0.0155742
0.0157969
0.0161822
0.0165538
0.0167356
0.0169081
0.0173117
0.0177842
0.0181097
0.0182562
0.0185174
0.0191311
0.0196101
0.0197054
0.020027
0.0206377
0.021022
0.0213077
0.0217618
0.0222205
0.0227039
0.0232719
0.0236921
0.0240285
0.0245579
0.0252081
0.0257803
0.026244
0.0266747
0.0272226
0.0279211
0.0285517
0.0290224
0.0295523
0.0302761
0.0309656
0.0314945
0.032099
0.0328677
0.0335722
0.0341859
0.0348766
0.0356395
0.0363721
0.0370977
0.0378657
0.0386438
0.0394325
0.0402353
0.0410674
0.0418876
0.0427473
0.0436293
0.0445041
0.0453851
0.0463256
0.0472667
0.0482145
0.0491734
0.050177
0.0511999
0.0522208
0.0532798
0.0543443
0.0554559
0.0565651
0.057725
0.0588706
0.0600665
0.061282
0.0625084
0.0637807
0.0650572
0.0663568
0.0676898
0.0690403
0.0704283
0.0718143
0.0732598
0.0747158
0.0761893
0.0776881
0.0791645
0.0805342
0.0815327
0.0107612
0.0116405
0.0126262
0.013506
0.0142275
0.0148114
0.0152457
0.0154883
0.0155466
0.0154813
0.0154282
0.0154707
0.0155721
0.0156537
0.0156562
0.0156785
0.0158562
0.0161851
0.0165612
0.0168211
0.017005
0.0173431
0.0177828
0.0181477
0.0183733
0.018587
0.0190805
0.0196344
0.0198337
0.0200622
0.0206218
0.0210782
0.0213562
0.0217779
0.0222576
0.0227193
0.0232743
0.0237441
0.0240774
0.0245511
0.0252021
0.0258096
0.0262785
0.0266942
0.0272265
0.0279214
0.0285714
0.0290508
0.0295572
0.0302722
0.0309829
0.0315155
0.032101
0.0328688
0.0335863
0.0341971
0.0348793
0.0356439
0.0363808
0.0371054
0.0378709
0.0386493
0.0394373
0.0402393
0.0410731
0.0418923
0.0427509
0.0436343
0.04451
0.0453886
0.0463288
0.0472735
0.0482209
0.0491773
0.0501821
0.0512065
0.0522259
0.0532856
0.0543492
0.0554616
0.0565706
0.0577297
0.0588749
0.0600709
0.0612861
0.062512
0.0637851
0.0650594
0.0663603
0.0676935
0.0690446
0.0704327
0.0718193
0.0732671
0.0747232
0.0761994
0.0777013
0.0791798
0.0805515
0.0815513
0.0107722
0.0116338
0.012636
0.0135464
0.0142901
0.0148667
0.0152843
0.0155206
0.0155934
0.0155526
0.0154941
0.0155108
0.0155898
0.0156807
0.015727
0.0157697
0.0159222
0.0162063
0.0165632
0.0168743
0.0170957
0.0173922
0.0177961
0.0181715
0.0184569
0.0186816
0.0190664
0.0196178
0.0199376
0.0201345
0.0206078
0.0211127
0.0214162
0.0217969
0.0222844
0.0227452
0.0232758
0.0237791
0.024136
0.0245605
0.0251832
0.0258281
0.0263243
0.0267201
0.0272267
0.0279204
0.0285905
0.0290813
0.0295655
0.0302656
0.0309974
0.0315394
0.0321043
0.0328675
0.0336002
0.03421
0.0348822
0.0356476
0.0363897
0.0371137
0.0378766
0.038655
0.0394421
0.0402433
0.041079
0.0418974
0.0427544
0.0436393
0.0445163
0.045392
0.0463317
0.0472808
0.0482276
0.0491812
0.0501872
0.0512134
0.0522313
0.0532916
0.0543544
0.0554675
0.0565764
0.0577345
0.0588795
0.0600751
0.0612902
0.0625156
0.0637895
0.0650617
0.0663639
0.0676976
0.0690486
0.0704375
0.0718246
0.0732747
0.0747312
0.0762097
0.0777149
0.079195
0.0805686
0.0815699
0.0108025
0.0116437
0.0126479
0.0135748
0.0143364
0.0149152
0.0153221
0.015554
0.0156313
0.0156083
0.0155506
0.0155472
0.0156075
0.015698
0.0157749
0.015843
0.0159868
0.0162401
0.0165709
0.0169051
0.0171699
0.0174513
0.0178214
0.0181949
0.0185127
0.018774
0.0190948
0.0195889
0.0199998
0.0202257
0.0206118
0.0211263
0.0214759
0.0218267
0.0223035
0.0227734
0.0232844
0.0238006
0.0241915
0.0245896
0.0251635
0.0258261
0.0263726
0.0267608
0.0272248
0.0279122
0.0286098
0.0291152
0.0295775
0.0302576
0.0310088
0.0315666
0.0321105
0.0328635
0.0336132
0.0342249
0.0348857
0.0356503
0.0363983
0.0371225
0.0378824
0.0386607
0.0394468
0.0402472
0.0410855
0.0419031
0.0427578
0.0436443
0.044523
0.0453953
0.0463342
0.0472885
0.0482345
0.049185
0.0501921
0.0512202
0.0522369
0.0532976
0.0543598
0.0554734
0.0565825
0.0577393
0.0588847
0.0600795
0.0612947
0.0625196
0.063794
0.0650641
0.0663675
0.0677021
0.0690524
0.0704426
0.0718301
0.0732822
0.0747393
0.0762201
0.0777287
0.0792102
0.0805854
0.0815883
0.010846
0.0116683
0.0126663
0.0135994
0.0143703
0.0149544
0.0153547
0.0155835
0.015662
0.0156488
0.0155965
0.0155785
0.0156233
0.0157088
0.0158059
0.0158989
0.0160443
0.0162795
0.0165861
0.0169243
0.0172234
0.0175106
0.0178542
0.0182197
0.0185525
0.0188471
0.0191501
0.0195737
0.0200234
0.0203139
0.0206411
0.02113
0.0215258
0.0218659
0.0223207
0.0227986
0.0232996
0.0238181
0.0242375
0.0246314
0.0251577
0.0258063
0.0264077
0.0268191
0.0272311
0.0278907
0.0286236
0.029155
0.0295934
0.0302466
0.0310157
0.0315965
0.0321206
0.0328571
0.0336243
0.0342425
0.0348908
0.0356521
0.0364066
0.0371318
0.0378887
0.0386668
0.0394515
0.0402509
0.0410921
0.0419096
0.042761
0.0436493
0.0445304
0.0453989
0.0463367
0.0472967
0.0482413
0.0491886
0.0501971
0.051227
0.0522425
0.0533033
0.0543652
0.055479
0.0565885
0.0577437
0.0588898
0.0600836
0.0612992
0.062524
0.0637985
0.0650669
0.0663712
0.0677072
0.0690562
0.0704481
0.0718361
0.0732897
0.0747478
0.0762304
0.0777425
0.0792255
0.080602
0.0816064
0.0109029
0.0117069
0.0126929
0.0136244
0.014396
0.0149809
0.0153764
0.0156018
0.0156814
0.015672
0.0156265
0.0156002
0.015632
0.0157121
0.0158218
0.0159386
0.0160906
0.0163182
0.0166074
0.0169407
0.0172613
0.0175635
0.0178929
0.0182463
0.0185862
0.0189
0.0192099
0.0195829
0.0200242
0.02038
0.0206895
0.0211353
0.021564
0.0219102
0.0223411
0.0228211
0.0233162
0.0238346
0.0242753
0.0246744
0.0251708
0.0257851
0.0264189
0.0268846
0.0272608
0.0278604
0.0286219
0.0292022
0.0296189
0.0302319
0.0310166
0.0316289
0.032135
0.0328477
0.0336318
0.0342621
0.0348977
0.0356529
0.036414
0.0371413
0.037895
0.0386732
0.0394566
0.0402547
0.0410987
0.0419167
0.0427641
0.0436538
0.0445381
0.0454024
0.0463388
0.0473052
0.048249
0.0491929
0.0502024
0.0512339
0.0522487
0.0533093
0.0543711
0.0554849
0.0565947
0.0577484
0.0588952
0.0600879
0.0613034
0.0625283
0.0638025
0.0650697
0.0663749
0.0677124
0.0690599
0.0704536
0.0718426
0.0732973
0.0747567
0.0762411
0.0777566
0.0792407
0.0806183
0.0816244
0.0109703
0.0117573
0.0127265
0.0136487
0.0144141
0.0149936
0.0153833
0.0156041
0.0156841
0.0156754
0.0156346
0.0156061
0.015629
0.015706
0.0158239
0.0159632
0.0161263
0.0163532
0.0166342
0.0169589
0.0172899
0.0176061
0.0179325
0.0182742
0.018617
0.0189414
0.0192607
0.0196108
0.0200217
0.020417
0.0207429
0.021148
0.0215906
0.0219543
0.0223651
0.0228433
0.0233332
0.0238494
0.0243097
0.0247138
0.0251939
0.0257754
0.0264084
0.0269373
0.0273196
0.0278379
0.0285959
0.0292487
0.0296614
0.030216
0.0310077
0.0316639
0.0321566
0.0328369
0.033635
0.0342833
0.0349076
0.0356529
0.0364201
0.0371511
0.0379013
0.0386795
0.0394621
0.0402578
0.0411047
0.0419247
0.0427674
0.0436582
0.0445464
0.0454063
0.0463408
0.0473136
0.0482557
0.0491962
0.0502074
0.0512402
0.0522547
0.053315
0.054377
0.0554906
0.0566007
0.057753
0.0589006
0.0600923
0.0613079
0.0625334
0.0638067
0.0650729
0.0663788
0.0677175
0.0690634
0.0704591
0.0718492
0.0733043
0.0747654
0.0762513
0.0777701
0.0792558
0.080634
0.0816416
0.0110464
0.0118189
0.0127672
0.0136724
0.0144238
0.0149922
0.0153731
0.0155869
0.0156651
0.0156552
0.0156163
0.0155901
0.0156104
0.0156878
0.0158128
0.0159729
0.0161529
0.0163833
0.0166631
0.0169806
0.0173136
0.0176392
0.0179677
0.0183024
0.0186446
0.0189768
0.0193011
0.0196448
0.0200281
0.0204337
0.0207902
0.0211714
0.0216104
0.0219953
0.0223921
0.0228632
0.0233495
0.0238594
0.0243395
0.0247527
0.0252187
0.0257792
0.0263923
0.0269623
0.0273916
0.0278409
0.0285473
0.0292783
0.0297245
0.030208
0.0309847
0.0316973
0.0321873
0.032826
0.0336325
0.0343056
0.034922
0.0356536
0.0364251
0.0371614
0.037908
0.0386861
0.039469
0.0402618
0.0411105
0.0419331
0.0427707
0.0436617
0.0445551
0.0454106
0.046343
0.0473214
0.0482641
0.0492017
0.0502133
0.051247
0.0522615
0.0533211
0.0543836
0.0554969
0.0566069
0.0577582
0.0589063
0.060097
0.0613124
0.0625387
0.0638107
0.0650766
0.0663836
0.0677233
0.0690678
0.0704653
0.071857
0.0733121
0.0747749
0.0762626
0.077784
0.0792709
0.0806498
0.0816589
0.0111334
0.0118916
0.0128159
0.0136957
0.0144246
0.0149738
0.0153397
0.0155407
0.0156128
0.0156012
0.015565
0.0155448
0.0155701
0.0156537
0.0157883
0.0159682
0.0161706
0.0164104
0.0166919
0.0170054
0.0173354
0.0176642
0.0179957
0.018329
0.0186695
0.0190072
0.0193341
0.0196755
0.0200422
0.0204409
0.0208246
0.0212025
0.0216289
0.0220326
0.0224258
0.0228838
0.0233671
0.0238675
0.0243616
0.0247925
0.0252435
0.025787
0.0263822
0.0269652
0.0274554
0.0278768
0.0284938
0.0292725
0.0297982
0.0302178
0.0309457
0.0317208
0.0322273
0.0328165
0.0336211
0.0343248
0.0349392
0.0356539
0.036427
0.0371703
0.0379134
0.0386914
0.0394763
0.0402639
0.0411142
0.0419419
0.0427743
0.043665
0.044564
0.0454152
0.046345
0.0473291
0.0482706
0.0492055
0.0502182
0.0512524
0.0522672
0.0533263
0.0543895
0.0555026
0.0566119
0.0577627
0.0589112
0.0601012
0.0613164
0.0625437
0.0638139
0.0650793
0.0663875
0.0677276
0.069071
0.0704705
0.0718638
0.0733185
0.0747831
0.0762728
0.0777968
0.0792854
0.0806646
0.0816749
0.0112265
0.0119665
0.0128621
0.0137111
0.0144119
0.0149339
0.0152775
0.0154595
0.0155215
0.0155085
0.0154779
0.0154692
0.0155078
0.0156058
0.0157548
0.0159555
0.0161838
0.0164397
0.016725
0.0170348
0.0173587
0.0176844
0.0180168
0.0183524
0.0186927
0.0190337
0.0193637
0.0197031
0.0200602
0.0204482
0.0208483
0.0212365
0.0216505
0.0220648
0.0224641
0.0229067
0.0233851
0.0238796
0.0243797
0.0248346
0.0252764
0.0257973
0.0263829
0.0269621
0.0274996
0.0279412
0.0284676
0.0292359
0.02987
0.0302641
0.0309042
0.0317295
0.0322805
0.032818
0.0336052
0.0343436
0.0349634
0.0356585
0.0364295
0.03718
0.0379202
0.0386975
0.0394856
0.0402695
0.0411183
0.0419504
0.0427782
0.0436674
0.0445734
0.0454209
0.0463479
0.0473351
0.0482788
0.0492125
0.0502244
0.0512589
0.0522742
0.0533327
0.0543968
0.0555097
0.0566179
0.0577687
0.0589173
0.0601065
0.0613216
0.0625497
0.0638182
0.065084
0.0663937
0.0677337
0.0690759
0.0704772
0.0718722
0.0733264
0.0747928
0.0762845
0.0778101
0.0792999
0.0806797
0.081691
0.0113037
0.0119954
0.0128353
0.0136382
0.0142982
0.0147785
0.0150896
0.0152534
0.0153127
0.01531
0.0152963
0.015315
0.0153836
0.0155132
0.0156904
0.0159186
0.0161761
0.0164521
0.0167434
0.0170484
0.0173672
0.0176876
0.0180189
0.0183587
0.0187003
0.0190447
0.0193801
0.0197207
0.0200723
0.0204517
0.0208591
0.0212611
0.0216715
0.0220881
0.022497
0.0229272
0.0233944
0.0238868
0.0243867
0.0248634
0.0253107
0.025805
0.0263826
0.0269586
0.0275128
0.0280002
0.0284724
0.0291713
0.0298998
0.0303344
0.0308691
0.0317067
0.0323318
0.03283
0.0335783
0.0343514
0.0349877
0.0356629
0.0364288
0.0371863
0.037924
0.0387018
0.0394947
0.0402727
0.0411218
0.041959
0.0427821
0.0436696
0.0445819
0.0454272
0.0463497
0.0473403
0.0482855
0.0492185
0.050229
0.0512639
0.0522802
0.053338
0.0544031
0.0555158
0.0566219
0.0577731
0.0589221
0.0601105
0.0613256
0.0625542
0.0638206
0.0650862
0.0663979
0.0677374
0.0690792
0.0704827
0.0718793
0.0733328
0.0748005
0.0762947
0.0778222
0.0793133
0.0806935
0.0817056
0.0116681
0.0123097
0.0130892
0.0137877
0.0143348
0.0147043
0.0149183
0.015028
0.0150771
0.0150957
0.0151137
0.0151746
0.015288
0.0154582
0.0156664
0.0159125
0.0161857
0.0164707
0.0167643
0.017062
0.0173744
0.0176907
0.018018
0.0183607
0.0187041
0.0190537
0.0193971
0.019743
0.0200934
0.0204655
0.0208724
0.0212827
0.021697
0.0221147
0.0225306
0.0229568
0.0234113
0.0239006
0.0244002
0.0248875
0.0253512
0.0258256
0.0263833
0.0269663
0.027518
0.0280456
0.0285227
0.0291292
0.0298896
0.0304184
0.0308742
0.0316643
0.0323744
0.0328662
0.0335545
0.0343524
0.0350174
0.0356737
0.0364306
0.0371937
0.0379287
0.038707
0.0395053
0.0402783
0.041125
0.0419672
0.0427856
0.0436708
0.0445912
0.045436
0.0463538
0.047343
0.0482927
0.0492275
0.0502339
0.0512687
0.0522869
0.0533436
0.0544099
0.055523
0.0566271
0.0577787
0.0589282
0.0601155
0.0613309
0.06256
0.0638251
0.0650912
0.0664044
0.0677427
0.0690835
0.0704891
0.0718869
0.07334
0.0748095
0.0763058
0.0778344
0.0793265
0.0807075
0.0817203
0.0116795
0.0121609
0.012761
0.0133136
0.013768
0.0141251
0.0143818
0.0145381
0.0146519
0.01477
0.0148961
0.0150478
0.0152288
0.0154416
0.0156757
0.0159264
0.0161981
0.0164787
0.0167681
0.0170598
0.017364
0.0176792
0.0180023
0.0183454
0.0186909
0.0190477
0.019402
0.0197556
0.0201113
0.0204791
0.020882
0.0212949
0.0217146
0.0221356
0.0225527
0.0229787
0.0234241
0.023906
0.0244081
0.0249003
0.0253816
0.0258544
0.0263823
0.0269693
0.0275194
0.0280581
0.0285767
0.029119
0.0298428
0.0304752
0.0309184
0.031619
0.032387
0.032917
0.0335386
0.0343381
0.0350428
0.0356869
0.036431
0.0371989
0.0379314
0.0387094
0.039515
0.0402848
0.041128
0.0419757
0.0427903
0.04367
0.044598
0.0454461
0.0463548
0.0473418
0.0482991
0.0492383
0.0502389
0.0512735
0.0522949
0.0533507
0.0544174
0.0555299
0.0566316
0.057784
0.0589338
0.06012
0.0613357
0.0625642
0.0638274
0.0650941
0.0664094
0.0677468
0.0690879
0.0704962
0.0718946
0.0733468
0.0748173
0.0763159
0.0778457
0.0793386
0.0807202
0.0817332
0.013422
0.0132909
0.0130689
0.0129222
0.0129063
0.0130051
0.0132053
0.0135285
0.0139067
0.0142811
0.0146243
0.0149323
0.0152078
0.0154638
0.0157121
0.0159562
0.016212
0.0164799
0.016761
0.0170505
0.0173479
0.0176629
0.0179846
0.0183248
0.0186732
0.0190348
0.0194005
0.0197608
0.0201245
0.0204926
0.0208897
0.0213048
0.0217277
0.0221558
0.0225747
0.0230011
0.0234442
0.0239146
0.0244157
0.024911
0.0254019
0.0258845
0.0263875
0.026964
0.0275237
0.0280614
0.0286181
0.0291425
0.0297906
0.030486
0.0309805
0.0315896
0.0323655
0.0329658
0.0335416
0.034314
0.0350604
0.035705
0.0364322
0.0372043
0.0379358
0.0387103
0.0395237
0.0402932
0.0411298
0.0419827
0.0427971
0.0436688
0.044603
0.0454607
0.0463607
0.0473397
0.0483064
0.0492499
0.0502412
0.0512742
0.0522998
0.0533549
0.0544229
0.0555351
0.0566344
0.0577882
0.0589387
0.0601234
0.06134
0.062569
0.0638308
0.0650986
0.0664148
0.0677504
0.0690905
0.0705012
0.0719006
0.0733522
0.0748248
0.0763254
0.0778561
0.0793499
0.0807323
0.0817459
0.0130529
0.0127867
0.0124287
0.012176
0.0121069
0.0122496
0.0125757
0.0129997
0.0134635
0.0139389
0.014382
0.0147716
0.0151083
0.0154086
0.0156862
0.0159489
0.0162098
0.0164784
0.0167586
0.0170499
0.0173463
0.0176586
0.0179802
0.0183139
0.0186624
0.0190225
0.0193931
0.0197607
0.0201309
0.020506
0.0208981
0.021317
0.0217398
0.0221709
0.0225946
0.0230187
0.023465
0.0239257
0.0244244
0.0249252
0.0254213
0.0259179
0.0264068
0.026961
0.0275291
0.028069
0.0286457
0.0291871
0.0297708
0.0304713
0.0310479
0.0316033
0.0323346
0.0330057
0.0335714
0.034293
0.0350663
0.0357277
0.0364352
0.0372088
0.0379432
0.0387083
0.0395298
0.0403043
0.0411312
0.0419887
0.0428067
0.0436656
0.0446028
0.0454756
0.0463673
0.0473334
0.0483132
0.0492675
0.0502477
0.0512783
0.0523102
0.0533645
0.0544328
0.0555436
0.0566395
0.057795
0.0589464
0.060129
0.061345
0.0625736
0.0638337
0.0651024
0.0664206
0.0677552
0.0690963
0.0705094
0.0719087
0.0733596
0.0748326
0.0763353
0.0778663
0.0793604
0.0807438
0.0817564
0.0138921
0.013609
0.0131988
0.012847
0.0126342
0.0125906
0.0127014
0.0129382
0.0132579
0.0136283
0.014023
0.0144199
0.0148006
0.0151598
0.0154998
0.0158219
0.0161317
0.0164346
0.0167385
0.0170432
0.0173491
0.0176609
0.0179809
0.01831
0.0186528
0.0190063
0.01937
0.019743
0.0201169
0.0205035
0.0208989
0.0213198
0.0217453
0.0221726
0.022606
0.02303
0.023479
0.0239367
0.0244254
0.0249319
0.0254264
0.0259325
0.0264215
0.0269514
0.0275228
0.028071
0.0286525
0.0292173
0.0297668
0.0304314
0.0310725
0.0316298
0.0322947
0.0330073
0.033608
0.0342771
0.0350528
0.035749
0.0364389
0.0372089
0.0379549
0.038704
0.0395311
0.0403186
0.0411301
0.0419933
0.0428203
0.0436607
0.0446011
0.045496
0.0463769
0.0473228
0.0483171
0.0492817
0.0502487
0.0512746
0.0523128
0.0533679
0.0544372
0.0555468
0.0566398
0.0577975
0.0589506
0.0601318
0.0613478
0.062577
0.0638366
0.0651063
0.0664246
0.0677573
0.0690978
0.070513
0.0719128
0.0733632
0.0748381
0.0763425
0.0778743
0.079369
0.0807537
0.0817706
0.011675
0.0119841
0.0123833
0.0127374
0.0130066
0.0131928
0.0133124
0.0134074
0.0135236
0.0137014
0.0139517
0.0142637
0.014618
0.0149895
0.0153652
0.0157291
0.0160764
0.0164084
0.016732
0.0170507
0.0173658
0.017681
0.0179979
0.018325
0.0186582
0.0190017
0.0193553
0.019728
0.0201097
0.0205065
0.0209142
0.021332
0.0217585
0.0221793
0.0226144
0.0230459
0.0234921
0.0239565
0.0244349
0.0249434
0.0254417
0.0259448
0.026447
0.0269558
0.0275208
0.0280829
0.0286586
0.0292449
0.0297905
0.0304156
0.0310827
0.0316731
0.0322921
0.0329957
0.0336481
0.0342889
0.0350299
0.0357675
0.0364503
0.0372014
0.0379718
0.0387022
0.0395238
0.0403377
0.0411303
0.0419922
0.0428411
0.043656
0.0445909
0.0455241
0.0463907
0.0473096
0.0483222
0.0493032
0.0502575
0.0512789
0.0523233
0.0533789
0.0544489
0.0555565
0.0566449
0.0578044
0.0589586
0.0601377
0.0613524
0.0625807
0.0638394
0.0651101
0.0664303
0.0677618
0.0691037
0.070521
0.0719204
0.0733702
0.0748448
0.0763511
0.0778828
0.0793774
0.080763
0.0817789
0.0137539
0.0133912
0.012879
0.0124206
0.0121121
0.0119877
0.0120538
0.0122887
0.0126439
0.0130689
0.0135309
0.0140016
0.0144631
0.014898
0.0153051
0.0156861
0.0160432
0.0163834
0.0167089
0.017031
0.0173487
0.0176666
0.0179837
0.0183095
0.0186397
0.0189786
0.0193317
0.0197023
0.0200935
0.0205002
0.0209184
0.0213357
0.0217574
0.0221802
0.0226108
0.0230519
0.023497
0.0239648
0.0244425
0.0249421
0.0254499
0.0259444
0.0264564
0.0269637
0.0275119
0.02809
0.0286575
0.0292498
0.0298076
0.0304058
0.0310721
0.0316889
0.0323003
0.032976
0.0336582
0.0343124
0.0350087
0.0357701
0.0364706
0.0371896
0.0379842
0.0387114
0.0395072
0.0403519
0.0411368
0.0419796
0.0428606
0.0436636
0.0445723
0.0455387
0.0464115
0.0472948
0.0483174
0.0493181
0.05026
0.0512739
0.0523242
0.0533803
0.054452
0.05556
0.0566445
0.0578052
0.0589621
0.0601401
0.0613546
0.0625834
0.0638413
0.0651126
0.0664334
0.0677633
0.0691042
0.0705232
0.0719231
0.0733723
0.074848
0.0763555
0.0778878
0.079383
0.0807692
0.0817853
0.0128585
0.0124449
0.0119162
0.0114873
0.0112441
0.0112133
0.0113971
0.0117625
0.0122516
0.012799
0.0133593
0.0139034
0.0144146
0.0148819
0.015304
0.0156892
0.0160428
0.016378
0.0166993
0.0170186
0.0173357
0.0176534
0.0179723
0.0182966
0.0186259
0.0189636
0.0193181
0.0196886
0.0200837
0.020498
0.0209196
0.0213384
0.0217549
0.022179
0.0226078
0.0230504
0.0234989
0.0239644
0.0244471
0.0249408
0.0254511
0.0259456
0.026454
0.0269683
0.027507
0.0280894
0.028661
0.029249
0.0298194
0.0304122
0.031071
0.0316971
0.0323128
0.0329764
0.0336562
0.0343272
0.0350066
0.0357625
0.0364841
0.0371875
0.0379839
0.038726
0.039501
0.0403537
0.0411495
0.0419732
0.0428674
0.043681
0.0445643
0.0455372
0.0464298
0.0472982
0.0483149
0.0493323
0.0502746
0.0512815
0.0523345
0.0533913
0.0544619
0.0555707
0.0566522
0.0578115
0.0589686
0.0601458
0.0613587
0.062587
0.0638445
0.0651153
0.0664384
0.0677686
0.06911
0.0705299
0.0719297
0.0733789
0.0748528
0.0763616
0.0778933
0.0793891
0.0807756
0.0817916
)
;

boundaryField
{
    zeroGradientPlanes
    {
        type            zeroGradient;
    }
    inlet
    {
        type            zeroGradient;
    }
    plate
    {
        type            zeroGradient;
    }
    frontAndBack
    {
        type            empty;
    }
}


// ************************************************************************* //
