/*--------------------------------*- C++ -*----------------------------------*\
| =========                 |                                                 |
| \\      /  F ield         | OpenFOAM: The Open Source CFD Toolbox           |
|  \\    /   O peration     | Version:  v1906                                 |
|   \\  /    A nd           | Web:      www.OpenFOAM.com                      |
|    \\/     M anipulation  |                                                 |
\*---------------------------------------------------------------------------*/
FoamFile
{
    version     2.0;
    format      ascii;
    class       volScalarField;
    location    "4.9";
    object      p;
}
// * * * * * * * * * * * * * * * * * * * * * * * * * * * * * * * * * * * * * //

dimensions      [0 2 -2 0 0 0 0];


internalField   nonuniform List<scalar> 
9600
(
7.37032e-11
2.56259e-05
0.00338661
0.000885565
-0.00158884
0.00226997
0.00313965
0.0051189
0.00817738
0.00864872
0.00762934
0.0105024
0.0108599
0.0124873
0.01256
0.0137442
0.0155349
0.0186723
0.0209861
0.025787
6.49572e-07
1.79364e-05
0.00339008
0.000912447
-0.00159323
0.00224852
0.00313775
0.00512101
0.0081887
0.00865585
0.00763125
0.0104944
0.0108631
0.0124907
0.0125639
0.0137341
0.0155401
0.0186327
0.0209886
0.0252675
1.71006e-06
1.67468e-05
0.00339821
0.000931091
-0.00159715
0.00222183
0.00313593
0.00515601
0.00820979
0.00865494
0.00764392
0.0104738
0.0108711
0.0124803
0.0125684
0.0137155
0.0155418
0.0185862
0.0209574
0.024731
5.71139e-06
3.02794e-05
0.0034038
0.000945109
-0.00158284
0.00221889
0.00313422
0.00521864
0.00823736
0.00865007
0.00767402
0.0104434
0.0108833
0.0124626
0.0125727
0.0136899
0.0155429
0.0185318
0.0208976
0.0242177
1.42846e-05
5.84007e-05
0.00340072
0.000956054
-0.00154003
0.00224032
0.0031322
0.00530295
0.00827101
0.00864246
0.00772048
0.0104096
0.0108991
0.0124403
0.0125774
0.013659
0.0155434
0.0184671
0.0208143
0.0237297
2.79076e-05
9.87708e-05
0.00338445
0.000968272
-0.00146658
0.00227868
0.00313135
0.00540239
0.00831029
0.00863414
0.00778001
0.0103779
0.0109178
0.0124162
0.0125826
0.0136241
0.0155422
0.0183932
0.0207097
0.0232587
4.58685e-05
0.000148485
0.00335404
0.000985808
-0.0013674
0.00233078
0.00313557
0.00551116
0.00835546
0.00862502
0.00784834
0.0103505
0.0109385
0.0123919
0.0125878
0.0135863
0.0155383
0.0183121
0.0205825
0.0228007
6.69806e-05
0.000205269
0.00331298
0.00101103
-0.00125205
0.00239428
0.00314525
0.0056241
0.00840538
0.00861422
0.00792212
0.0103274
0.0109608
0.0123673
0.0125958
0.0135469
0.0155301
0.0182248
0.0204321
0.0223555
8.99804e-05
0.000268289
0.00326739
0.00104445
-0.00113061
0.00246455
0.00315899
0.00574523
0.00845721
0.00860068
0.00799891
0.0103077
0.010984
0.0123427
0.0126005
0.0135066
0.0155165
0.0181322
0.0202592
0.0219234
0.000114035
0.00033765
0.00322288
0.0010856
-0.0010086
0.00253589
0.00317493
0.00585407
0.00850724
0.00858371
0.008077
0.0102908
0.0110081
0.0123187
0.012605
0.0134668
0.0154971
0.0180354
0.0200663
0.021504
0.000138916
0.000413401
0.0031825
0.00113363
-0.000886454
0.00260403
0.00319037
0.00595631
0.008552
0.00856296
0.00815513
0.0102761
0.0110331
0.0122967
0.0126096
0.0134297
0.0154725
0.0179351
0.0198565
0.021097
0.000164875
0.000494884
0.00314678
0.00118733
-0.000761157
0.00266718
0.00320304
0.00604988
0.00858929
0.00853838
0.00823225
0.0102635
0.011059
0.0122779
0.0126149
0.0133972
0.0154432
0.017832
0.0196345
0.0207025
0.000192382
0.000580764
0.0031149
0.00124521
-0.000628625
0.00272552
0.00321227
0.00613404
0.00861887
0.00851023
0.0083075
0.0102535
0.0110853
0.0122631
0.0126213
0.0133707
0.01541
0.0177272
0.0194051
0.0203201
0.000221877
0.000669551
0.0030859
0.00130607
-0.00048617
0.00278037
0.00321867
0.00620917
0.00864211
0.00847912
0.00838019
0.0102464
0.0111111
0.0122521
0.0126283
0.013349
0.015374
0.0176211
0.0191715
0.0199491
0.000253659
0.000760063
0.00305925
0.00136918
-0.00033348
0.0028329
0.00322419
0.00627627
0.00866134
0.00844595
0.00844975
0.0102429
0.0111356
0.0122444
0.0126346
0.013331
0.0153361
0.0175131
0.0189351
0.0195891
0.000287844
0.000851549
0.00303493
0.00143435
-0.000172153
0.00288382
0.00323113
0.00633642
0.00867899
0.00841177
0.00851563
0.0102438
0.0111584
0.012239
0.0126392
0.0133148
0.0152963
0.017402
0.0186962
0.0192401
0.000324492
0.000943632
0.00301316
0.00150159
-4.45178e-06
0.00293356
0.00324136
0.00639043
0.00869693
0.00837767
0.00857728
0.0102496
0.0111791
0.0122349
0.0126417
0.0132981
0.0152538
0.0172869
0.0184554
0.0189022
0.000363715
0.00103609
0.00299422
0.001571
0.000167725
0.00298229
0.00325624
0.00643904
0.00871636
0.00834472
0.00863413
0.0102608
0.0111975
0.0122312
0.0126422
0.013279
0.0152074
0.0171679
0.0182126
0.0185734
0.000405651
0.00112869
0.00297845
0.00164269
0.000343077
0.00303021
0.0032767
0.00648285
0.00873784
0.00831395
0.00868565
0.0102774
0.0112139
0.0122271
0.0126406
0.0132562
0.0151561
0.017046
0.0179677
0.0182507
0.000450438
0.00122126
0.00296626
0.00171674
0.000520789
0.0030777
0.00330318
0.00652238
0.00876156
0.00828631
0.00873133
0.0102991
0.0112287
0.0122215
0.0126373
0.013229
0.0150983
0.0169221
0.0177215
0.0179314
0.000498244
0.00131361
0.00295806
0.00179329
0.000700304
0.00312512
0.00333585
0.00655808
0.00878746
0.00826265
0.00877074
0.0103258
0.0112427
0.0122135
0.0126323
0.0131971
0.0150323
0.0167962
0.0174754
0.0176141
0.000549272
0.00140555
0.00295426
0.00187248
0.000881129
0.00317276
0.00337474
0.00659045
0.00881532
0.00824373
0.00880369
0.0103568
0.0112566
0.0122023
0.0126253
0.0131605
0.0149571
0.0166679
0.0172307
0.0172982
0.000603736
0.00149688
0.00295524
0.00195453
0.00106278
0.00322089
0.00341978
0.00662026
0.00884476
0.00823012
0.00883017
0.0103913
0.011271
0.0121871
0.012616
0.0131198
0.0148718
0.0165368
0.0169883
0.0169821
0.000661872
0.00158738
0.0029613
0.00203961
0.00124479
0.00326976
0.00347082
0.00664749
0.00887541
0.00822226
0.00885023
0.0104287
0.0112867
0.012167
0.0126038
0.0130755
0.0147759
0.0164029
0.0167504
0.0166629
0.000723971
0.00167689
0.0029726
0.00212793
0.00142676
0.00331972
0.00352759
0.00667277
0.00890701
0.00822051
0.00886398
0.0104683
0.0113044
0.0121414
0.0125877
0.0130278
0.014669
0.0162659
0.0165217
0.0163388
0.000790317
0.00176523
0.00298924
0.00221962
0.00160836
0.00337106
0.00358982
0.0066964
0.00893927
0.00822533
0.00887147
0.0105089
0.0113249
0.0121104
0.0125668
0.0129774
0.0145503
0.0161237
0.0163077
0.0160133
0.00086117
0.00185227
0.00301125
0.00231491
0.0017892
0.00342416
0.0036571
0.00671855
0.0089718
0.0082373
0.0088729
0.0105491
0.0113492
0.0120738
0.0125401
0.0129262
0.01442
0.0159711
0.0161108
0.015697
0.000936803
0.0019379
0.00303863
0.00241407
0.0019689
0.0034795
0.00372879
0.00673938
0.00900405
0.00825667
0.00886889
0.0105875
0.0113778
0.012032
0.0125058
0.0128761
0.0142815
0.0158028
0.0159266
0.0154018
0.00101746
0.00202218
0.00307125
0.00251736
0.00214725
0.00353741
0.00380571
0.00675936
0.0090355
0.0082834
0.0088601
0.0106225
0.0114107
0.011986
0.0124628
0.0128274
0.0141389
0.0156179
0.0157465
0.0151333
0.00110341
0.00210521
0.00310883
0.002625
0.00232418
0.00359808
0.00388785
0.00677911
0.00906566
0.00831766
0.00884723
0.0106523
0.0114478
0.0119371
0.0124101
0.0127785
0.0139958
0.0154204
0.015564
0.01489
0.00119487
0.00218718
0.00315101
0.00273714
0.00249978
0.00366159
0.00397507
0.00679926
0.00909391
0.00835952
0.00883137
0.0106756
0.0114886
0.0118863
0.012347
0.0127286
0.0138539
0.0152134
0.015377
0.0146679
0.00129194
0.00226847
0.00319755
0.00285373
0.00267431
0.00372799
0.00406685
0.0068206
0.00911965
0.00840837
0.00881374
0.0106909
0.0115326
0.011835
0.0122726
0.0126782
0.0137158
0.0149981
0.0151845
0.0144645
0.00139476
0.00234947
0.0032482
0.00297473
0.00284803
0.0037973
0.0041625
0.00684399
0.00914276
0.00846345
0.00879541
0.0106968
0.0115786
0.0117847
0.0121862
0.0126263
0.0135852
0.0147765
0.0149831
0.0142778
0.00150342
0.0024306
0.00330273
0.00310002
0.00302119
0.00386973
0.00426166
0.00687006
0.00916346
0.00852386
0.00877724
0.0106922
0.0116254
0.0117376
0.0120873
0.0125692
0.013466
0.0145542
0.0147693
0.014103
0.0016179
0.00251243
0.00336108
0.00322916
0.00319411
0.00394516
0.00436354
0.00689906
0.009182
0.00858873
0.0087599
0.0106763
0.011671
0.0116961
0.0119768
0.0125026
0.0133586
0.0143389
0.0145431
0.0139325
0.00173826
0.00259545
0.00342318
0.00336182
0.00336718
0.00402551
0.00446715
0.00693114
0.00919887
0.00865753
0.00874402
0.0106478
0.0117135
0.011662
0.0118565
0.0124237
0.0132623
0.0141371
0.0143084
0.0137577
0.00186465
0.00268001
0.00348904
0.00349785
0.00354038
0.00411067
0.00457187
0.0069659
0.00921464
0.0087303
0.00873051
0.010606
0.01175
0.0116369
0.0117293
0.0123301
0.0131745
0.0139531
0.0140711
0.0135711
0.00199714
0.00276633
0.003559
0.00363709
0.00371351
0.0042018
0.00467726
0.00700195
0.00922933
0.00880752
0.0087208
0.0105501
0.0117771
0.0116223
0.0115993
0.012219
0.0130903
0.0137904
0.0138388
0.0133686
0.00213566
0.00285448
0.00363365
0.00377971
0.00388646
0.00429995
0.00478278
0.00703802
0.00924265
0.00888924
0.00871663
0.0104798
0.011791
0.011619
0.0114714
0.0120884
0.0130036
0.0136505
0.0136218
0.0131523
0.00228034
0.00294451
0.00371316
0.00392635
0.00405819
0.00440549
0.00488962
0.00707374
0.00925375
0.00897466
0.00872048
0.010396
0.0117866
0.0116262
0.0113518
0.0119387
0.0129075
0.0135316
0.0134302
0.0129321
0.0024314
0.00303671
0.0037973
0.00407743
0.00422745
0.00451864
0.0049999
0.00710859
0.00926075
0.00906252
0.00873519
0.0103015
0.0117598
0.0116402
0.0112473
0.0117733
0.0127945
0.013428
0.0132704
0.0127229
0.00258881
0.0031316
0.00388555
0.0042336
0.0043944
0.00463869
0.00511523
0.00714232
0.00926172
0.00915142
0.00876265
0.0102006
0.0117079
0.011656
0.0111637
0.0115983
0.0126576
0.0133319
0.0131441
0.0125396
0.00275269
0.0032298
0.00397667
0.00439601
0.00456027
0.00476275
0.00523658
0.0071766
0.00925547
0.00923872
0.00880342
0.0100974
0.0116301
0.011668
0.011104
0.0114214
0.012493
0.0132339
0.01305
0.0123947
0.00292308
0.00333227
0.00406877
0.004565
0.00472752
0.004888
0.00536323
0.00721455
0.00924152
0.00932032
0.00885739
0.00999626
0.0115279
0.0116713
0.0110692
0.0112519
0.012299
0.013123
0.0129829
0.0122948
0.00309952
0.00344081
0.00416013
0.00473951
0.00489996
0.00501186
0.00549351
0.00725902
0.00922029
0.00939204
0.00892322
0.00990265
0.0114056
0.0116613
0.0110562
0.0110997
0.0120798
0.0129875
0.0129329
0.0122391
0.00328148
0.00355715
0.00424987
0.00491749
0.00508128
0.00513391
0.00562438
0.00731171
0.0091948
0.00945123
0.00899686
0.00982095
0.0112692
0.0116344
0.0110588
0.0109724
0.0118471
0.0128188
0.012887
0.0122211
0.00346827
0.00368293
0.00433795
0.00509566
0.00527439
0.00525546
0.00575031
0.00737235
0.00917096
0.00949763
0.00907266
0.009753
0.0111261
0.0115899
0.0110701
0.0108732
0.0116144
0.0126147
0.0128295
0.0122309
0.00365899
0.00381955
0.00442542
0.00526958
0.0054806
0.0053801
0.00586557
0.00743886
0.00915504
0.00953265
0.00914629
0.00969894
0.0109816
0.0115286
0.0110852
0.0108022
0.0113946
0.0123811
0.0127453
0.0122566
0.00385278
0.00396787
0.0045145
0.00543445
0.00569865
0.00551444
0.00596705
0.00750499
0.00915155
0.00956239
0.00921572
0.00965714
0.0108385
0.011451
0.0110996
0.0107588
0.0111976
0.012128
0.0126244
0.0122841
0.00404889
0.00412853
0.00460821
0.00558552
0.00592501
0.00566732
0.00605543
0.00756052
0.0091604
0.00959667
0.00928203
0.00962479
0.0106991
0.0113587
0.0111083
0.0107394
0.0110323
0.0118698
0.0124631
0.0122973
0.0042465
0.00430192
0.00470991
0.00571967
0.00615475
0.00584488
0.00613356
0.00759644
0.00917748
0.00964282
0.00934968
0.00960039
0.0105651
0.0112542
0.0111072
0.0107375
0.0109041
0.011623
0.0122644
0.0122808
0.00444476
0.00448788
0.00482298
0.00583633
0.00637986
0.00604942
0.00621165
0.0076077
0.00919171
0.00970295
0.00942731
0.00958633
0.010436
0.011138
0.0110941
0.0107466
0.0108106
0.0114017
0.0120401
0.0122232
0.00464316
0.00468588
0.00495071
0.0059368
0.00658986
0.00627846
0.00630606
0.00759586
0.00918759
0.00977385
0.0095228
0.00958828
0.0103138
0.0110103
0.0110667
0.0107612
0.0107451
0.0111806
0.0118071
0.0121215
0.00484157
0.00489424
0.00509569
0.00602416
0.00677639
0.00652614
0.0064304
0.00756856
0.00915361
0.00984546
0.00963857
0.0096137
0.0102045
0.0108729
0.0110215
0.0107773
0.0107093
0.0110427
0.0115903
0.0119848
0.00504022
0.00511065
0.00525953
0.00610289
0.00693433
0.00678157
0.00659161
0.00754385
0.00908704
0.00990075
0.00977219
0.00966891
0.0101168
0.0107308
0.0109554
0.0107891
0.0106953
0.0109378
0.0114011
0.0118297
0.00523959
0.00533169
0.00544258
0.00617926
0.00706094
0.00703067
0.00678904
0.00754311
0.00899318
0.00992177
0.0099131
0.00975625
0.0100592
0.0105931
0.0108688
0.010789
0.010696
0.0108634
0.0112466
0.0116754
0.00544028
0.00555436
0.00564362
0.00626094
0.00715641
0.00726102
0.00701701
0.0075817
0.00888863
0.00989938
0.0100428
0.00987379
0.0100392
0.0104718
0.0107681
0.0107697
0.0107028
0.0108165
0.0111257
0.0115369
0.00564282
0.00577535
0.00585966
0.00635625
0.00722408
0.00746408
0.00726404
0.00766431
0.00879614
0.00983664
0.0101403
0.0100118
0.0100616
0.0103772
0.0106625
0.01073
0.0107057
0.0107933
0.01105
0.0114223
0.00584744
0.00599066
0.0060861
0.00647212
0.00727447
0.0076342
0.00751503
0.00778812
0.00873418
0.00974636
0.0101919
0.0101512
0.0101261
0.01032
0.0105629
0.0106739
0.0106965
0.0107818
0.0109926
0.0113301
0.0060541
0.00620056
0.00631532
0.00661069
0.0073219
0.00777055
0.00775512
0.00794592
0.00871227
0.00965013
0.0101989
0.0102702
0.0102214
0.0103074
0.0104823
0.0106093
0.0106733
0.0107727
0.0109615
0.011264
0.00626276
0.00640543
0.00654058
0.00676995
0.00737775
0.00787631
0.0079733
0.00812583
0.00873247
0.00956769
0.01017
0.0103551
0.0103291
0.0103377
0.0104334
0.0105473
0.0106404
0.0107591
0.0109484
0.0112423
0.00647295
0.00660604
0.00675737
0.00694549
0.00744941
0.00795941
0.0081631
0.00831531
0.00879226
0.00951255
0.0101218
0.0104037
0.0104314
0.0104013
0.0104236
0.0105008
0.010604
0.0107382
0.0109356
0.0112225
0.00668342
0.00680273
0.00696443
0.0071314
0.00754092
0.00803009
0.00832202
0.0085026
0.00888509
0.00949133
0.0100731
0.0104213
0.0105161
0.0104836
0.0104509
0.0104801
0.0105733
0.0107155
0.010921
0.011216
0.00689271
0.00699692
0.00716167
0.00732012
0.00765186
0.00809919
0.0084525
0.0086778
0.00900154
0.00950438
0.010038
0.0104194
0.0105777
0.0105713
0.0105085
0.0104899
0.0105583
0.010698
0.0109069
0.0112134
0.00709908
0.00718875
0.00735013
0.00750563
0.00777894
0.00817443
0.00855972
0.00883449
0.00913183
0.00954932
0.0100243
0.0104136
0.0106197
0.010653
0.0105885
0.0105315
0.0105654
0.010692
0.0108977
0.0112119
0.00730106
0.00737814
0.0075304
0.00768395
0.00791784
0.00826032
0.00865146
0.00897002
0.00926568
0.00962162
0.0100362
0.0104157
0.0106519
0.010723
0.0106793
0.0106037
0.0105991
0.0107035
0.0108999
0.0112143
0.00749713
0.00756368
0.00770389
0.00785266
0.00806189
0.00835771
0.00873628
0.00908654
0.00939532
0.00971396
0.010075
0.0104322
0.0106854
0.0107877
0.010771
0.0106996
0.0106635
0.0107376
0.0109194
0.011227
0.00768564
0.0077446
0.00787121
0.00801182
0.00820516
0.0084641
0.00881892
0.00918695
0.00951678
0.00981781
0.0101382
0.0104687
0.0107283
0.0108579
0.0108656
0.0108095
0.0107588
0.0107993
0.0109601
0.0112562
0.00786495
0.00791842
0.00803191
0.00816121
0.00834402
0.00857689
0.00890375
0.00927439
0.00962667
0.00992782
0.0102222
0.0105279
0.0107843
0.010938
0.0109734
0.0109365
0.0108863
0.0108971
0.0110285
0.0113071
0.00803408
0.00808245
0.00818535
0.00830044
0.00847346
0.00869056
0.00899319
0.00935534
0.0097226
0.010038
0.0103252
0.0106142
0.0108607
0.011028
0.0110939
0.0110796
0.0110401
0.0110367
0.0111368
0.0113906
0.00819171
0.00823888
0.0083308
0.00842989
0.00859156
0.00879633
0.00908149
0.00943548
0.00980764
0.0101367
0.0104373
0.0107288
0.0109773
0.0111527
0.0112447
0.0112534
0.0112224
0.0112141
0.0112863
0.0115051
0.00833478
0.00838136
0.00846638
0.00855005
0.00869965
0.00889483
0.00916351
0.00950932
0.00988735
0.0102243
0.0105358
0.0108462
0.0111212
0.0113304
0.0114629
0.0115117
0.0114959
0.0114851
0.0115354
0.011717
0.00846212
0.00850625
0.00858934
0.00865905
0.00879454
0.00898468
0.00924175
0.00957197
0.00995511
0.0103132
0.0106339
0.0109434
0.0112342
0.0114823
0.0116687
0.0117807
0.0118085
0.0118083
0.0118442
0.0119938
0.00857493
0.00861883
0.00869628
0.00875022
0.00887076
0.00905457
0.00930911
0.00962346
0.00999586
0.0103996
0.0108061
0.0111984
0.0115559
0.0118534
0.0120841
0.0122475
0.0123086
0.0122856
0.0122523
0.0122839
0.00867168
0.00871281
0.0087825
0.00882487
0.0089327
0.00910871
0.00935517
0.00965012
0.00996149
0.0102515
0.010569
0.0109932
0.011552
0.0121139
0.0125479
0.0128936
0.0132039
0.0135013
0.0138101
0.0140972
0.00873862
0.00878141
0.00886324
0.00891196
0.00902058
0.00918407
0.00940458
0.0096708
0.0100365
0.0105478
0.0111232
0.0116571
0.0120779
0.0124379
0.0127547
0.0130486
0.0133299
0.0135839
0.0138157
0.0139838
0.00876082
0.00879197
0.00885719
0.00890174
0.00901073
0.00921211
0.00955109
0.00997728
0.0104214
0.0108475
0.0112443
0.011578
0.0118826
0.012248
0.012651
0.0130607
0.013545
0.0140636
0.0145107
0.0147791
0.00880103
0.00886953
0.00898834
0.00909051
0.0092701
0.00951727
0.00983721
0.0101793
0.0105452
0.0109261
0.011319
0.0117569
0.0121697
0.0125105
0.0127832
0.0129416
0.0129488
0.0128391
0.0126878
0.0125907
0.00867181
0.00872575
0.00896831
0.00920033
0.00942759
0.00965066
0.00992402
0.0102242
0.0105585
0.0109402
0.0113242
0.0117181
0.0121192
0.012494
0.0128874
0.0133004
0.0137371
0.014167
0.0145284
0.0147611
0.00870155
0.0087764
0.00903288
0.00929804
0.00957301
0.00982585
0.0101146
0.0104137
0.010726
0.011087
0.0114598
0.0118368
0.0122504
0.0126567
0.0130437
0.0134139
0.0137349
0.0139889
0.0141662
0.0142369
0.0290894
0.0230518
0.0147294
0.00880677
0.00747953
0.00879841
0.0103228
0.0113347
0.0119038
0.0122366
0.012571
0.0130354
0.0134965
0.013808
0.0140562
0.014349
0.0146656
0.014974
0.0152613
0.0155653
0.0159676
0.016427
0.0168017
0.0170617
0.0173406
0.0177515
0.018214
0.018585
0.0189086
0.019316
0.0197757
0.0201846
0.0205505
0.0209345
0.0213666
0.0218476
0.0223725
0.0229183
0.0234497
0.0239788
0.0245185
0.0250359
0.0255112
0.0259634
0.026421
0.0269217
0.0274598
0.0280024
0.0285446
0.0291251
0.0297373
0.0303352
0.0309089
0.0315334
0.0322126
0.0328443
0.0334377
0.034055
0.0346862
0.0353118
0.0359778
0.0366924
0.0374512
0.0382081
0.0390033
0.039793
0.0405112
0.0412076
0.0419899
0.0428152
0.0436577
0.0445228
0.0453826
0.0462396
0.0470917
0.0479913
0.0489095
0.049869
0.0508208
0.0518002
0.0527945
0.0538147
0.0548613
0.0559181
0.0570147
0.0581324
0.0592852
0.0604559
0.0616068
0.0628045
0.0640002
0.065259
0.0665087
0.0677657
0.0690228
0.0702773
0.0715105
0.0726668
0.0737513
0.0746715
0.0282929
0.0228932
0.0148127
0.008954
0.00757034
0.00884167
0.0103494
0.0113537
0.0119181
0.0122475
0.0125794
0.0130426
0.0135031
0.0138139
0.0140612
0.0143535
0.0146697
0.0149777
0.0152646
0.0155681
0.0159701
0.0164294
0.016804
0.0170637
0.0173423
0.0177529
0.0182154
0.0185864
0.0189098
0.019317
0.0197768
0.0201857
0.0205514
0.0209353
0.0213673
0.0218483
0.0223732
0.022919
0.0234504
0.0239795
0.0245191
0.0250366
0.0255118
0.0259641
0.0264216
0.0269223
0.0274603
0.028003
0.0285451
0.0291255
0.0297378
0.0303356
0.0309093
0.0315337
0.032213
0.0328447
0.0334381
0.0340553
0.0346865
0.0353121
0.0359781
0.0366927
0.0374515
0.0382083
0.0390036
0.0397933
0.0405115
0.0412078
0.0419901
0.0428154
0.0436579
0.044523
0.0453828
0.0462398
0.0470919
0.0479914
0.0489096
0.0498692
0.0508209
0.0518003
0.0527946
0.0538149
0.0548614
0.0559182
0.0570149
0.0581326
0.0592853
0.060456
0.0616069
0.0628046
0.0640003
0.0652591
0.0665088
0.0677658
0.0690228
0.0702773
0.0715106
0.0726668
0.0737513
0.0746715
0.0275553
0.0227471
0.0149877
0.00922487
0.00772721
0.00889961
0.0103757
0.0113728
0.0119343
0.0122613
0.0125906
0.0130512
0.0135101
0.0138198
0.0140664
0.014358
0.0146736
0.0149812
0.0152678
0.0155709
0.0159725
0.0164318
0.0168063
0.0170656
0.0173438
0.0177544
0.0182169
0.0185877
0.0189108
0.0193179
0.0197777
0.0201866
0.0205522
0.020936
0.0213679
0.0218489
0.0223738
0.0229196
0.023451
0.02398
0.0245197
0.0250372
0.0255124
0.0259646
0.0264221
0.0269227
0.0274608
0.0280034
0.0285455
0.029126
0.0297382
0.0303361
0.0309097
0.0315341
0.0322133
0.0328451
0.0334384
0.0340556
0.0346868
0.0353124
0.0359783
0.0366929
0.0374517
0.0382086
0.0390038
0.0397935
0.0405118
0.041208
0.0419902
0.0428156
0.043658
0.0445232
0.045383
0.04624
0.047092
0.0479915
0.0489098
0.0498693
0.0508211
0.0518005
0.0527947
0.053815
0.0548615
0.0559183
0.057015
0.0581327
0.0592854
0.0604561
0.061607
0.0628047
0.0640004
0.0652591
0.0665088
0.0677659
0.0690229
0.0702774
0.0715106
0.0726669
0.0737513
0.0746715
0.0268551
0.0225952
0.0152075
0.00956642
0.00794299
0.00898234
0.0104134
0.0114001
0.0119576
0.0122818
0.0126074
0.0130632
0.0135185
0.0138269
0.0140733
0.0143642
0.0146786
0.0149854
0.0152719
0.0155748
0.0159759
0.0164346
0.0168088
0.0170681
0.0173462
0.0177564
0.0182187
0.0185892
0.0189121
0.0193191
0.0197789
0.0201876
0.0205531
0.0209368
0.0213686
0.0218495
0.0223744
0.0229203
0.0234516
0.0239806
0.0245203
0.0250378
0.0255129
0.0259651
0.0264226
0.0269232
0.0274613
0.0280039
0.028546
0.0291264
0.0297387
0.0303365
0.0309101
0.0315344
0.0322137
0.0328455
0.0334388
0.0340559
0.0346872
0.0353127
0.0359786
0.0366932
0.037452
0.0382088
0.039004
0.0397938
0.040512
0.0412081
0.0419904
0.0428158
0.0436582
0.0445233
0.0453831
0.0462401
0.0470922
0.0479917
0.0489099
0.0498694
0.0508212
0.0518006
0.0527948
0.0538151
0.0548617
0.0559184
0.0570151
0.0581328
0.0592855
0.0604562
0.0616071
0.0628048
0.0640005
0.0652592
0.0665089
0.067766
0.069023
0.0702775
0.0715107
0.072667
0.0737514
0.0746716
0.0261529
0.0224142
0.0154351
0.00993152
0.00818444
0.00907813
0.0104571
0.0114336
0.0119881
0.01231
0.0126312
0.0130799
0.0135291
0.0138357
0.0140826
0.014373
0.0146855
0.014991
0.0152776
0.0155806
0.0159807
0.016438
0.0168118
0.0170717
0.01735
0.0177596
0.0182211
0.0185913
0.0189142
0.0193211
0.0197805
0.0201889
0.0205543
0.0209378
0.0213694
0.0218502
0.0223751
0.022921
0.0234523
0.0239813
0.024521
0.0250384
0.0255135
0.0259657
0.0264231
0.0269237
0.0274617
0.0280044
0.0285465
0.0291269
0.0297391
0.030337
0.0309105
0.0315348
0.0322142
0.0328459
0.0334392
0.0340563
0.0346875
0.035313
0.0359788
0.0366934
0.0374523
0.0382091
0.0390043
0.0397942
0.0405123
0.0412083
0.0419905
0.042816
0.0436584
0.0445235
0.0453833
0.0462403
0.0470923
0.0479918
0.04891
0.0498696
0.0508213
0.0518007
0.052795
0.0538152
0.0548618
0.0559185
0.0570152
0.0581329
0.0592856
0.0604563
0.0616072
0.0628049
0.0640005
0.0652593
0.066509
0.0677661
0.0690231
0.0702776
0.0715109
0.0726671
0.0737517
0.0746718
0.0254457
0.0222012
0.0156573
0.0103038
0.00843976
0.00918075
0.0105018
0.0114692
0.0120228
0.0123435
0.0126602
0.0131001
0.0135414
0.0138459
0.014094
0.0143844
0.0146946
0.0149983
0.0152853
0.0155891
0.0159876
0.016442
0.016815
0.0170765
0.0173559
0.0177644
0.0182243
0.0185942
0.0189174
0.0193242
0.0197829
0.0201908
0.020556
0.0209392
0.0213705
0.021851
0.0223759
0.0229217
0.023453
0.0239821
0.0245218
0.0250391
0.0255141
0.0259663
0.0264237
0.0269241
0.0274622
0.0280049
0.028547
0.0291274
0.0297396
0.0303375
0.030911
0.0315353
0.0322147
0.0328464
0.0334396
0.0340567
0.0346878
0.0353133
0.0359791
0.0366937
0.0374526
0.0382094
0.0390046
0.0397946
0.0405127
0.0412085
0.0419907
0.0428162
0.0436586
0.0445238
0.0453836
0.0462405
0.0470925
0.047992
0.0489102
0.0498697
0.0508215
0.0518008
0.0527951
0.0538153
0.0548619
0.0559187
0.0570153
0.058133
0.0592857
0.0604565
0.0616073
0.062805
0.0640006
0.0652594
0.0665092
0.0677662
0.0690233
0.0702777
0.0715111
0.0726674
0.0737521
0.074672
0.024742
0.0219592
0.0158683
0.0106785
0.00870755
0.00929062
0.0105469
0.0115054
0.0120605
0.0123807
0.0126925
0.0131223
0.0135546
0.0138569
0.0141069
0.0143974
0.0147051
0.0150071
0.0152951
0.0156001
0.0159965
0.0164468
0.0168183
0.0170822
0.0173636
0.0177707
0.0182282
0.0185978
0.018922
0.0193285
0.0197862
0.0201936
0.0205585
0.0209414
0.0213721
0.0218522
0.0223767
0.0229224
0.0234537
0.0239829
0.0245227
0.0250399
0.0255148
0.025967
0.0264244
0.0269246
0.0274626
0.0280054
0.0285477
0.029128
0.0297401
0.030338
0.0309116
0.0315359
0.0322152
0.032847
0.0334401
0.0340572
0.0346882
0.0353136
0.0359794
0.0366941
0.037453
0.0382097
0.039005
0.0397951
0.0405131
0.0412087
0.0419909
0.0428165
0.0436589
0.044524
0.0453838
0.0462408
0.0470927
0.0479921
0.0489103
0.0498699
0.0508217
0.051801
0.0527953
0.0538155
0.0548621
0.0559188
0.0570154
0.0581331
0.0592858
0.0604566
0.0616074
0.0628051
0.0640008
0.0652595
0.0665093
0.0677663
0.0690234
0.0702779
0.0715113
0.0726678
0.0737527
0.0746723
0.0240514
0.0216908
0.0160635
0.0110527
0.00898822
0.00941004
0.0105934
0.011542
0.0121005
0.012421
0.0127273
0.0131463
0.0135689
0.0138687
0.0141206
0.0144115
0.0147166
0.0150168
0.0153062
0.0156131
0.0160073
0.0164524
0.016822
0.0170887
0.0173726
0.017778
0.0182326
0.0186021
0.0189276
0.019334
0.0197904
0.0201971
0.0205622
0.0209445
0.0213744
0.0218538
0.0223778
0.022923
0.0234543
0.0239837
0.0245236
0.0250407
0.0255155
0.0259679
0.0264254
0.0269253
0.0274629
0.0280059
0.0285484
0.0291287
0.0297405
0.0303385
0.0309123
0.0315366
0.0322158
0.0328476
0.0334408
0.0340577
0.0346886
0.035314
0.0359798
0.0366944
0.0374534
0.0382101
0.0390054
0.0397956
0.0405136
0.041209
0.0419912
0.0428168
0.0436593
0.0445244
0.0453841
0.0462411
0.0470929
0.0479923
0.0489106
0.0498702
0.0508219
0.0518011
0.0527954
0.0538156
0.0548622
0.0559189
0.0570155
0.0581332
0.059286
0.0604568
0.0616075
0.0628052
0.0640009
0.0652597
0.0665095
0.0677665
0.0690236
0.0702781
0.0715116
0.0726684
0.0737535
0.0746728
0.0233815
0.0213985
0.0162388
0.0114237
0.00928143
0.00954072
0.0106422
0.0115782
0.0121422
0.0124642
0.0127647
0.0131719
0.0135842
0.0138812
0.0141352
0.0144263
0.0147287
0.015027
0.0153182
0.0156274
0.0160193
0.016459
0.0168261
0.0170957
0.0173824
0.017786
0.0182374
0.0186069
0.0189341
0.0193402
0.019795
0.0202013
0.0205667
0.0209488
0.0213777
0.0218562
0.0223793
0.0229238
0.0234549
0.0239844
0.0245244
0.0250414
0.0255164
0.0259692
0.0264268
0.0269263
0.0274635
0.0280065
0.0285493
0.0291294
0.0297409
0.0303388
0.0309131
0.0315373
0.0322164
0.0328483
0.0334417
0.0340585
0.0346892
0.0353144
0.0359802
0.0366947
0.0374537
0.0382104
0.0390059
0.0397962
0.0405142
0.0412094
0.0419915
0.0428172
0.0436597
0.0445248
0.0453845
0.0462414
0.0470932
0.0479926
0.0489108
0.0498704
0.0508221
0.0518013
0.0527956
0.0538158
0.0548624
0.055919
0.0570157
0.0581334
0.0592861
0.0604569
0.0616077
0.0628054
0.064001
0.0652598
0.0665096
0.0677666
0.0690239
0.0702784
0.071512
0.0726692
0.0737547
0.0746733
0.0227378
0.0210861
0.016391
0.011788
0.00958562
0.00968365
0.0106939
0.0116136
0.0121848
0.0125101
0.0128049
0.0131994
0.0136005
0.0138945
0.0141505
0.0144419
0.0147415
0.0150377
0.0153307
0.0156425
0.0160324
0.0164663
0.0168309
0.0171033
0.0173927
0.0177944
0.0182424
0.0186121
0.0189412
0.0193469
0.0197998
0.0202057
0.0205719
0.020954
0.0213819
0.0218592
0.0223813
0.0229249
0.0234554
0.0239848
0.0245248
0.0250418
0.0255171
0.0259706
0.0264287
0.0269277
0.0274642
0.0280073
0.0285505
0.0291304
0.0297412
0.0303391
0.0309138
0.031538
0.0322168
0.0328489
0.0334427
0.0340594
0.0346899
0.0353151
0.0359808
0.0366951
0.037454
0.0382107
0.0390062
0.0397969
0.0405148
0.0412098
0.0419919
0.0428177
0.0436602
0.0445252
0.0453849
0.0462419
0.0470936
0.047993
0.0489112
0.0498708
0.0508224
0.0518016
0.0527959
0.053816
0.0548626
0.0559192
0.0570158
0.0581335
0.0592863
0.0604571
0.0616078
0.0628055
0.0640011
0.06526
0.0665099
0.0677668
0.0690242
0.0702787
0.0715125
0.0726704
0.0737563
0.074674
0.0221247
0.0207586
0.0165183
0.0121422
0.00989837
0.00983944
0.0107496
0.0116477
0.0122274
0.0125584
0.0128476
0.0132288
0.0136179
0.0139085
0.0141666
0.0144583
0.0147547
0.0150487
0.0153434
0.015658
0.0160461
0.0164743
0.016836
0.0171112
0.0174035
0.0178031
0.0182476
0.0186174
0.0189486
0.0193539
0.0198047
0.0202102
0.0205774
0.0209597
0.0213867
0.021863
0.0223838
0.0229262
0.0234561
0.0239852
0.0245248
0.0250417
0.0255175
0.0259721
0.0264309
0.0269296
0.0274653
0.0280084
0.028552
0.0291315
0.0297416
0.0303395
0.0309145
0.0315386
0.0322169
0.0328493
0.0334436
0.0340604
0.0346907
0.0353161
0.0359818
0.0366958
0.0374543
0.0382108
0.0390065
0.0397974
0.0405155
0.0412103
0.0419923
0.0428183
0.0436608
0.0445257
0.0453854
0.0462424
0.0470941
0.0479934
0.0489116
0.0498712
0.0508228
0.0518019
0.0527962
0.0538163
0.0548628
0.0559194
0.057016
0.0581337
0.0592865
0.0604573
0.061608
0.0628057
0.0640013
0.0652601
0.0665101
0.067767
0.0690245
0.0702791
0.0715131
0.0726719
0.0737584
0.0746749
0.0215448
0.020421
0.0166197
0.0124831
0.0102168
0.0100083
0.0108099
0.01168
0.012269
0.0126084
0.012893
0.01326
0.0136363
0.0139234
0.0141836
0.0144756
0.0147686
0.01506
0.0153565
0.0156741
0.0160603
0.0164827
0.0168415
0.0171194
0.0174146
0.0178123
0.0182531
0.018623
0.0189564
0.0193612
0.0198097
0.0202146
0.0205829
0.0209656
0.021392
0.0218672
0.0223868
0.0229279
0.023457
0.0239855
0.0245246
0.0250412
0.0255175
0.0259736
0.0264333
0.0269317
0.0274667
0.0280098
0.0285538
0.0291329
0.0297421
0.0303399
0.0309154
0.0315391
0.0322168
0.0328494
0.0334443
0.0340612
0.0346915
0.0353172
0.0359831
0.0366968
0.0374548
0.0382108
0.0390064
0.0397977
0.0405161
0.0412109
0.0419929
0.0428189
0.0436614
0.0445263
0.0453859
0.046243
0.0470947
0.047994
0.0489122
0.0498718
0.0508233
0.0518024
0.0527966
0.0538167
0.0548631
0.0559196
0.0570162
0.0581339
0.0592867
0.0604575
0.0616081
0.0628058
0.0640015
0.0652603
0.0665103
0.0677672
0.069025
0.0702796
0.0715137
0.0726738
0.073761
0.074676
0.0209984
0.0200779
0.0166954
0.0128081
0.0105379
0.0101897
0.010876
0.0117105
0.0123086
0.0126593
0.0129406
0.0132931
0.0136559
0.0139391
0.0142015
0.0144938
0.0147832
0.0150717
0.0153699
0.0156905
0.0160749
0.0164914
0.0168471
0.0171278
0.0174262
0.0178219
0.0182589
0.0186289
0.0189645
0.0193689
0.0198149
0.020219
0.0205883
0.0209717
0.0213976
0.0218718
0.0223901
0.0229299
0.0234581
0.0239859
0.0245242
0.0250404
0.0255172
0.0259749
0.0264359
0.0269342
0.0274684
0.0280114
0.0285558
0.0291345
0.0297428
0.0303404
0.0309163
0.0315396
0.0322165
0.0328491
0.0334447
0.0340617
0.0346921
0.0353184
0.0359848
0.0366983
0.0374557
0.0382109
0.039006
0.0397975
0.0405164
0.0412114
0.0419935
0.0428197
0.0436622
0.0445268
0.0453864
0.0462436
0.0470954
0.0479946
0.0489128
0.0498725
0.0508239
0.051803
0.0527972
0.0538172
0.0548636
0.0559199
0.0570165
0.0581341
0.059287
0.0604578
0.0616083
0.062806
0.0640016
0.0652605
0.0665106
0.0677674
0.0690255
0.0702801
0.0715145
0.0726762
0.0737641
0.0746774
0.0204844
0.0197334
0.0167467
0.0131145
0.0108581
0.0103832
0.0109493
0.01174
0.0123456
0.0127104
0.0129901
0.0133279
0.0136766
0.0139556
0.0142203
0.0145129
0.0147987
0.0150843
0.015384
0.0157075
0.01609
0.0165002
0.0168528
0.0171366
0.0174382
0.017832
0.0182651
0.018635
0.0189729
0.0193769
0.0198204
0.0202236
0.0205938
0.0209777
0.0214034
0.0218768
0.0223938
0.0229322
0.0234594
0.0239864
0.0245237
0.0250392
0.0255167
0.0259761
0.0264386
0.0269369
0.0274703
0.0280133
0.028558
0.0291363
0.0297436
0.030341
0.0309174
0.0315402
0.032216
0.0328486
0.0334449
0.034062
0.0346924
0.0353194
0.0359865
0.0367002
0.0374571
0.0382112
0.0390054
0.0397968
0.0405163
0.0412116
0.0419941
0.0428206
0.0436631
0.0445274
0.0453868
0.0462442
0.0470961
0.0479953
0.0489136
0.0498732
0.0508246
0.0518037
0.0527979
0.0538179
0.0548641
0.0559204
0.0570168
0.0581344
0.0592872
0.0604581
0.0616085
0.0628061
0.0640018
0.0652607
0.0665109
0.0677676
0.069026
0.0702808
0.0715154
0.072679
0.0737678
0.0746789
0.0200016
0.0193919
0.0167747
0.0133996
0.0111741
0.0105883
0.0110324
0.0117701
0.0123795
0.0127604
0.0130408
0.0133644
0.0136986
0.0139731
0.0142401
0.014533
0.0148153
0.0150978
0.0153989
0.0157252
0.0161055
0.0165094
0.0168587
0.0171456
0.0174508
0.0178426
0.0182717
0.0186414
0.0189816
0.0193854
0.0198263
0.0202284
0.0205993
0.020984
0.0214096
0.0218822
0.0223979
0.0229347
0.0234609
0.023987
0.0245232
0.0250379
0.025516
0.0259772
0.0264413
0.0269397
0.0274724
0.0280153
0.0285605
0.0291383
0.0297445
0.0303418
0.0309186
0.0315409
0.0322154
0.0328479
0.0334448
0.034062
0.0346925
0.0353202
0.0359881
0.0367023
0.0374589
0.0382118
0.0390046
0.0397957
0.0405157
0.0412115
0.0419946
0.0428216
0.0436642
0.044528
0.0453871
0.0462446
0.0470967
0.047996
0.0489144
0.049874
0.0508254
0.0518045
0.0527988
0.0538187
0.0548649
0.0559209
0.0570172
0.0581346
0.0592876
0.0604584
0.0616089
0.0628064
0.064002
0.0652608
0.0665112
0.0677679
0.0690266
0.0702815
0.0715163
0.0726822
0.0737721
0.0746807
0.019549
0.0190557
0.0167795
0.0136616
0.0114836
0.0108043
0.0111272
0.0118023
0.01241
0.0128084
0.0130926
0.013403
0.0137222
0.0139917
0.0142608
0.0145542
0.0148329
0.0151123
0.0154147
0.0157438
0.0161218
0.0165189
0.0168649
0.0171551
0.0174638
0.0178538
0.0182786
0.0186481
0.0189908
0.0193944
0.0198326
0.0202334
0.020605
0.0209906
0.0214163
0.0218883
0.0224024
0.0229376
0.0234626
0.0239878
0.0245226
0.0250365
0.0255152
0.0259783
0.0264442
0.0269427
0.0274746
0.0280175
0.0285631
0.0291403
0.0297454
0.0303426
0.03092
0.0315417
0.0322147
0.0328469
0.0334445
0.0340618
0.0346925
0.0353208
0.0359896
0.0367042
0.0374608
0.0382126
0.0390037
0.0397941
0.0405146
0.0412111
0.041995
0.0428227
0.0436654
0.0445288
0.0453875
0.0462449
0.0470972
0.0479967
0.0489152
0.0498749
0.0508262
0.0518053
0.0527998
0.0538197
0.0548658
0.0559217
0.0570177
0.058135
0.0592879
0.0604588
0.0616092
0.0628067
0.0640022
0.065261
0.0665115
0.0677681
0.0690273
0.0702824
0.0715174
0.0726858
0.0737769
0.0746826
0.0191249
0.0187257
0.0167622
0.0139007
0.0117848
0.0110293
0.011235
0.011839
0.0124378
0.012854
0.0131454
0.0134439
0.0137478
0.0140117
0.0142826
0.0145764
0.0148515
0.0151278
0.0154316
0.0157634
0.016139
0.0165291
0.0168715
0.017165
0.0174776
0.0178655
0.0182859
0.018655
0.0190003
0.0194037
0.0198392
0.0202386
0.0206111
0.0209978
0.0214239
0.0218952
0.0224075
0.0229408
0.0234646
0.0239888
0.0245222
0.025035
0.0255143
0.0259794
0.0264471
0.0269459
0.027477
0.0280198
0.0285658
0.0291425
0.0297464
0.0303434
0.0309215
0.0315426
0.032214
0.0328457
0.033444
0.0340616
0.0346924
0.0353214
0.035991
0.036706
0.0374626
0.0382135
0.0390026
0.0397921
0.0405131
0.0412104
0.0419952
0.0428238
0.0436668
0.0445297
0.0453879
0.0462452
0.0470976
0.0479973
0.0489161
0.0498758
0.0508269
0.0518062
0.0528008
0.0538208
0.0548668
0.0559226
0.0570184
0.0581354
0.0592882
0.0604591
0.0616097
0.0628071
0.0640025
0.0652611
0.0665118
0.0677683
0.0690281
0.0702833
0.0715187
0.0726898
0.0737822
0.0746848
0.0187269
0.018403
0.0167246
0.0141178
0.0120758
0.0112602
0.0113568
0.0118832
0.0124643
0.012897
0.0131985
0.0134873
0.0137758
0.0140333
0.0143055
0.0145996
0.014871
0.0151441
0.0154492
0.0157839
0.016157
0.0165398
0.0168784
0.0171754
0.017492
0.017878
0.0182936
0.0186623
0.0190102
0.0194135
0.0198461
0.020244
0.0206175
0.0210059
0.0214326
0.0219029
0.0224131
0.0229443
0.0234669
0.02399
0.0245219
0.0250336
0.0255135
0.0259806
0.0264502
0.0269492
0.0274795
0.0280222
0.0285687
0.0291448
0.0297474
0.0303443
0.0309231
0.0315436
0.0322132
0.0328445
0.0334435
0.0340614
0.0346924
0.0353221
0.0359924
0.0367076
0.0374642
0.0382142
0.0390003
0.0397897
0.0405112
0.0412098
0.0419955
0.0428248
0.0436681
0.0445306
0.0453883
0.0462454
0.0470979
0.0479979
0.048917
0.0498767
0.0508277
0.051807
0.0528019
0.0538219
0.0548679
0.0559237
0.0570193
0.0581359
0.0592886
0.0604595
0.0616102
0.0628075
0.0640029
0.0652612
0.0665121
0.0677686
0.0690288
0.0702844
0.07152
0.0726941
0.073788
0.0746872
0.0183528
0.0180903
0.0166695
0.0143131
0.0123545
0.011494
0.0114931
0.0119378
0.0124915
0.0129369
0.0132511
0.0135329
0.0138064
0.014057
0.0143299
0.0146238
0.0148913
0.015161
0.0154677
0.0158054
0.016176
0.0165511
0.0168858
0.0171863
0.0175071
0.0178911
0.0183019
0.01867
0.0190204
0.0194235
0.0198531
0.0202495
0.0206244
0.0210149
0.0214423
0.0219115
0.0224192
0.0229481
0.0234694
0.0239914
0.0245217
0.0250323
0.0255128
0.0259819
0.0264534
0.0269527
0.0274822
0.0280248
0.0285717
0.0291472
0.0297484
0.0303451
0.0309247
0.0315448
0.0322125
0.0328431
0.033443
0.0340613
0.0346927
0.0353232
0.0359941
0.0367092
0.0374656
0.0382149
0.0389988
0.0397871
0.0405094
0.0412094
0.041996
0.0428259
0.0436694
0.0445314
0.0453887
0.0462456
0.0470983
0.0479985
0.0489179
0.0498776
0.0508285
0.0518078
0.052803
0.0538231
0.0548691
0.0559249
0.0570203
0.0581365
0.0592889
0.0604598
0.0616107
0.0628081
0.0640034
0.0652614
0.0665124
0.0677688
0.0690296
0.0702856
0.0715215
0.0726987
0.0737941
0.0746898
0.0179996
0.0177894
0.0165989
0.0144873
0.01262
0.011728
0.0116435
0.012005
0.0125211
0.0129736
0.0133019
0.0135801
0.0138399
0.0140831
0.014356
0.0146491
0.0149122
0.0151786
0.0154868
0.0158279
0.016196
0.0165632
0.0168936
0.0171976
0.017523
0.017905
0.0183106
0.018678
0.0190311
0.0194339
0.0198602
0.0202551
0.0206318
0.0210249
0.0214531
0.0219208
0.0224258
0.0229523
0.0234721
0.023993
0.0245216
0.025031
0.0255121
0.0259832
0.0264567
0.0269564
0.0274851
0.0280275
0.0285749
0.0291498
0.0297495
0.030346
0.0309264
0.0315461
0.0322118
0.0328417
0.0334425
0.0340615
0.0346933
0.0353246
0.0359961
0.036711
0.037467
0.0382156
0.0389969
0.0397844
0.0405077
0.0412095
0.0419969
0.042827
0.0436705
0.0445321
0.045389
0.0462459
0.0470988
0.0479992
0.0489189
0.0498786
0.0508293
0.0518087
0.0528041
0.0538244
0.0548703
0.0559261
0.0570214
0.0581373
0.0592892
0.06046
0.0616113
0.0628088
0.0640039
0.0652615
0.0665127
0.067769
0.0690305
0.0702869
0.0715232
0.0727036
0.0738006
0.0746926
0.0176646
0.0175005
0.0165141
0.0146417
0.0128726
0.0119597
0.0118056
0.0120861
0.0125558
0.0130076
0.0133501
0.0136279
0.013876
0.014112
0.0143841
0.0146755
0.0149338
0.0151966
0.0155066
0.0158512
0.016217
0.0165761
0.0169019
0.0172095
0.0175395
0.0179196
0.0183198
0.0186863
0.0190422
0.0194446
0.0198675
0.0202609
0.0206397
0.0210358
0.0214647
0.0219307
0.0224329
0.0229568
0.023475
0.0239947
0.0245217
0.0250299
0.0255114
0.0259846
0.0264602
0.0269603
0.0274881
0.0280302
0.0285782
0.0291525
0.0297507
0.0303469
0.0309282
0.0315475
0.0322112
0.0328404
0.033442
0.0340618
0.0346943
0.0353265
0.0359985
0.0367129
0.0374683
0.0382162
0.0389959
0.0397817
0.0405063
0.0412103
0.0419983
0.0428282
0.0436716
0.0445327
0.0453891
0.0462461
0.0470995
0.0480002
0.0489199
0.0498796
0.0508301
0.0518095
0.0528052
0.0538256
0.0548716
0.0559273
0.0570226
0.0581381
0.0592896
0.0604602
0.0616118
0.0628095
0.0640046
0.0652617
0.066513
0.0677693
0.0690313
0.0702883
0.071525
0.0727086
0.0738075
0.0746957
0.0173459
0.0172237
0.0164154
0.0147771
0.0131134
0.0121868
0.0119764
0.0121823
0.0125982
0.0130402
0.0133947
0.0136752
0.0139144
0.0141437
0.0144146
0.0147034
0.0149561
0.0152152
0.0155272
0.0158755
0.016239
0.0165899
0.0169107
0.0172218
0.0175567
0.0179349
0.0183295
0.0186951
0.0190537
0.0194558
0.019875
0.020267
0.0206481
0.0210472
0.0214769
0.0219411
0.0224403
0.0229615
0.0234781
0.0239966
0.0245219
0.0250288
0.0255108
0.025986
0.0264638
0.0269644
0.0274912
0.0280331
0.0285816
0.0291553
0.0297519
0.0303478
0.0309301
0.031549
0.0322107
0.032839
0.0334417
0.0340625
0.0346956
0.0353287
0.0360013
0.0367152
0.0374696
0.0382168
0.038995
0.0397792
0.0405052
0.0412118
0.0420002
0.0428295
0.0436725
0.0445332
0.0453892
0.0462464
0.0471004
0.0480014
0.048921
0.0498806
0.0508311
0.0518105
0.0528063
0.0538269
0.0548729
0.0559287
0.0570238
0.058139
0.0592901
0.0604604
0.0616124
0.0628102
0.0640053
0.065262
0.0665133
0.0677696
0.0690322
0.0702899
0.071527
0.0727139
0.0738147
0.074699
0.0170428
0.0169616
0.0163032
0.0148924
0.0133435
0.012408
0.0121522
0.0122938
0.0126514
0.0130728
0.013435
0.0137205
0.0139544
0.0141785
0.0144476
0.014733
0.0149792
0.0152343
0.0155485
0.0159008
0.0162621
0.0166046
0.0169202
0.0172347
0.0175747
0.017951
0.0183397
0.0187042
0.0190657
0.0194675
0.0198829
0.0202734
0.020657
0.0210592
0.0214895
0.0219518
0.022448
0.0229665
0.0234814
0.0239986
0.0245223
0.0250279
0.0255102
0.0259875
0.0264675
0.0269685
0.0274944
0.028036
0.0285852
0.0291583
0.0297533
0.0303487
0.0309321
0.0315506
0.0322103
0.0328377
0.0334415
0.0340634
0.0346972
0.0353314
0.0360045
0.0367177
0.0374711
0.0382175
0.0389943
0.0397768
0.0405045
0.0412139
0.0420027
0.042831
0.0436734
0.0445335
0.0453892
0.0462467
0.0471015
0.0480028
0.0489222
0.0498817
0.0508321
0.0518115
0.0528074
0.0538282
0.0548742
0.05593
0.0570252
0.0581401
0.0592906
0.0604606
0.0616129
0.062811
0.0640061
0.0652623
0.0665136
0.0677699
0.0690332
0.0702915
0.0715291
0.0727193
0.0738222
0.0747025
0.0167521
0.0167192
0.0161802
0.0149847
0.0135636
0.0126232
0.0123289
0.0124197
0.0127176
0.0131078
0.0134711
0.0137627
0.013995
0.0142162
0.0144836
0.0147645
0.0150035
0.015254
0.0155704
0.0159272
0.0162862
0.0166201
0.0169304
0.0172482
0.0175933
0.0179678
0.0183505
0.0187137
0.0190782
0.0194797
0.0198913
0.0202802
0.0206662
0.0210716
0.0215025
0.0219628
0.022456
0.0229717
0.0234849
0.0240009
0.0245229
0.0250271
0.0255097
0.025989
0.0264713
0.0269728
0.0274976
0.028039
0.0285889
0.0291614
0.0297547
0.0303497
0.0309341
0.0315523
0.0322099
0.0328365
0.0334415
0.0340646
0.0346991
0.0353343
0.0360079
0.0367206
0.0374726
0.0382183
0.0389937
0.0397746
0.040504
0.0412165
0.0420055
0.0428325
0.0436743
0.0445339
0.0453892
0.0462471
0.0471029
0.0480045
0.0489236
0.0498827
0.0508332
0.0518127
0.0528086
0.0538295
0.0548756
0.0559314
0.0570266
0.0581412
0.0592911
0.0604608
0.0616135
0.0628118
0.0640069
0.0652627
0.0665139
0.0677702
0.0690342
0.0702933
0.0715315
0.072725
0.0738301
0.0747063
0.0164659
0.0165006
0.0160529
0.0150505
0.0137733
0.0128338
0.0125024
0.0125573
0.0127991
0.0131477
0.0135037
0.0138009
0.0140353
0.0142565
0.0145227
0.0147983
0.0150291
0.0152745
0.015593
0.0159544
0.0163115
0.0166365
0.0169412
0.0172624
0.0176127
0.0179853
0.0183618
0.0187237
0.0190913
0.0194926
0.0199003
0.0202875
0.0206759
0.0210843
0.0215156
0.021974
0.0224642
0.0229772
0.0234886
0.0240033
0.0245236
0.0250265
0.0255093
0.0259907
0.0264752
0.0269772
0.0275009
0.0280421
0.0285927
0.0291648
0.0297562
0.0303507
0.0309361
0.0315542
0.0322096
0.0328352
0.0334415
0.0340659
0.0347013
0.0353375
0.0360116
0.0367236
0.0374743
0.0382191
0.0389932
0.0397725
0.0405036
0.0412193
0.0420086
0.0428342
0.0436753
0.0445342
0.0453891
0.0462475
0.0471043
0.0480064
0.048925
0.0498837
0.0508343
0.051814
0.0528099
0.0538309
0.0548771
0.0559329
0.0570282
0.0581424
0.0592918
0.060461
0.0616141
0.0628126
0.0640079
0.0652631
0.0665143
0.0677706
0.0690353
0.0702952
0.071534
0.0727308
0.0738383
0.0747105
0.0161731
0.0163036
0.0159315
0.0150886
0.0139698
0.0130426
0.0126702
0.0127021
0.0128974
0.0131956
0.0135339
0.0138346
0.0140739
0.0142988
0.014565
0.0148345
0.0150561
0.015296
0.0156164
0.0159826
0.016338
0.0166539
0.0169526
0.0172772
0.017633
0.0180036
0.0183736
0.0187341
0.0191049
0.0195061
0.0199097
0.0202952
0.020686
0.0210974
0.021529
0.0219854
0.0224727
0.022983
0.0234925
0.0240059
0.0245246
0.0250261
0.025509
0.0259924
0.0264793
0.0269817
0.0275042
0.0280452
0.0285967
0.0291682
0.0297579
0.0303518
0.0309383
0.0315561
0.0322093
0.0328341
0.0334416
0.0340674
0.0347036
0.0353409
0.0360155
0.0367267
0.037476
0.0382199
0.0389928
0.0397704
0.0405034
0.0412223
0.0420119
0.042836
0.0436762
0.0445345
0.0453891
0.0462479
0.047106
0.0480084
0.0489266
0.0498849
0.0508355
0.0518153
0.0528112
0.0538323
0.0548786
0.0559345
0.0570297
0.0581437
0.0592925
0.0604613
0.0616147
0.0628135
0.0640089
0.0652636
0.0665147
0.067771
0.0690365
0.0702972
0.0715367
0.0727369
0.0738468
0.0747149
0.0158654
0.0161185
0.0158261
0.0151021
0.0141466
0.0132529
0.0128326
0.0128479
0.0130126
0.0132553
0.0135633
0.0138635
0.0141101
0.0143422
0.0146104
0.0148733
0.0150846
0.0153185
0.0156407
0.0160117
0.0163654
0.0166722
0.0169646
0.0172927
0.0176543
0.0180227
0.0183858
0.0187449
0.0191192
0.0195203
0.0199198
0.0203034
0.0206966
0.0211108
0.0215427
0.0219971
0.0224816
0.022989
0.0234966
0.0240087
0.0245258
0.0250258
0.0255088
0.0259942
0.0264836
0.0269863
0.0275076
0.0280484
0.0286009
0.0291719
0.0297596
0.0303529
0.0309405
0.0315581
0.0322091
0.0328329
0.0334419
0.0340689
0.034706
0.0353444
0.0360195
0.03673
0.0374778
0.0382208
0.0389923
0.0397684
0.0405032
0.0412254
0.0420151
0.0428377
0.0436772
0.0445349
0.045389
0.0462484
0.0471077
0.0480105
0.0489282
0.049886
0.0508368
0.0518167
0.0528126
0.0538338
0.0548802
0.0559361
0.0570314
0.0581451
0.0592933
0.0604616
0.0616153
0.0628144
0.0640099
0.0652641
0.0665152
0.0677715
0.0690377
0.0702994
0.0715396
0.0727431
0.0738557
0.0747197
0.0155436
0.0159324
0.015743
0.0150994
0.0142954
0.0134649
0.0129946
0.0129887
0.0131419
0.0133305
0.0135938
0.0138877
0.0141435
0.0143856
0.0146584
0.0149149
0.0151149
0.0153422
0.0156663
0.0160418
0.0163939
0.0166915
0.0169773
0.0173087
0.0176765
0.0180429
0.0183987
0.0187562
0.0191341
0.0195352
0.0199303
0.020312
0.0207077
0.0211245
0.0215566
0.022009
0.0224907
0.0229952
0.0235009
0.0240117
0.0245272
0.0250258
0.0255087
0.0259962
0.0264879
0.0269911
0.0275111
0.0280516
0.0286051
0.0291758
0.0297614
0.030354
0.0309428
0.0315603
0.032209
0.0328318
0.0334422
0.0340706
0.0347085
0.0353479
0.0360236
0.0367334
0.0374797
0.0382216
0.0389919
0.0397665
0.0405031
0.0412284
0.0420184
0.0428395
0.0436783
0.0445353
0.045389
0.046249
0.0471094
0.0480127
0.0489298
0.0498872
0.0508382
0.0518182
0.0528141
0.0538354
0.0548818
0.0559377
0.0570331
0.0581465
0.0592941
0.060462
0.061616
0.0628153
0.064011
0.0652646
0.0665157
0.067772
0.069039
0.0703018
0.0715428
0.0727496
0.073865
0.0747249
0.0152172
0.0157334
0.0156813
0.0150935
0.0144107
0.0136728
0.0131622
0.0131217
0.0132791
0.0134243
0.013629
0.013907
0.0141737
0.0144286
0.014708
0.0149593
0.0151472
0.0153671
0.015693
0.0160733
0.0164233
0.0167117
0.0169908
0.0173253
0.0176995
0.0180641
0.0184122
0.0187677
0.0191496
0.019551
0.0199416
0.0203211
0.0207192
0.0211387
0.0215708
0.0220212
0.0225001
0.0230018
0.0235056
0.0240151
0.024529
0.025026
0.0255088
0.0259983
0.0264925
0.026996
0.0275147
0.0280549
0.0286096
0.0291798
0.0297634
0.0303551
0.0309451
0.0315625
0.0322089
0.0328307
0.0334427
0.0340724
0.034711
0.0353516
0.0360278
0.0367369
0.0374816
0.0382225
0.0389915
0.0397646
0.040503
0.0412314
0.0420217
0.0428414
0.0436794
0.0445358
0.0453891
0.0462496
0.0471113
0.0480149
0.0489315
0.0498885
0.0508396
0.0518197
0.0528157
0.053837
0.0548836
0.0559395
0.0570349
0.0581479
0.059295
0.0604624
0.0616168
0.0628163
0.0640122
0.0652652
0.0665163
0.0677727
0.0690404
0.0703044
0.0715461
0.0727562
0.0738746
0.0747304
0.014897
0.015515
0.0156319
0.0150987
0.0144949
0.013865
0.01334
0.0132498
0.0134161
0.0135369
0.0136745
0.0139216
0.0141997
0.0144711
0.0147586
0.015006
0.0151817
0.0153933
0.0157208
0.0161063
0.0164542
0.0167326
0.0170049
0.0173426
0.0177233
0.0180864
0.0184266
0.0187797
0.0191656
0.0195675
0.0199535
0.0203307
0.0207312
0.0211533
0.0215853
0.0220336
0.0225099
0.0230087
0.0235105
0.0240187
0.024531
0.0250265
0.0255091
0.0260005
0.0264972
0.0270011
0.0275183
0.0280583
0.0286142
0.029184
0.0297654
0.0303563
0.0309476
0.0315649
0.0322089
0.0328297
0.0334432
0.0340743
0.0347136
0.0353553
0.0360321
0.0367404
0.0374835
0.0382234
0.0389911
0.0397628
0.0405029
0.0412344
0.0420249
0.0428433
0.0436805
0.0445363
0.0453891
0.0462503
0.0471131
0.0480172
0.0489333
0.0498898
0.0508411
0.0518213
0.0528173
0.0538387
0.0548854
0.0559413
0.0570367
0.0581494
0.0592959
0.0604629
0.0616176
0.0628173
0.0640134
0.0652658
0.0665169
0.0677734
0.0690418
0.0703071
0.0715497
0.0727631
0.0738847
0.0747363
0.0145906
0.0152775
0.0155823
0.0151241
0.0145587
0.0140304
0.0135256
0.0133805
0.0135463
0.013664
0.013736
0.0139341
0.01422
0.0145134
0.0148099
0.0150539
0.0152183
0.0154213
0.0157499
0.0161406
0.0164867
0.0167546
0.0170195
0.0173606
0.0177479
0.0181096
0.0184419
0.0187923
0.0191822
0.0195848
0.0199661
0.0203408
0.0207436
0.0211684
0.0216001
0.0220464
0.02252
0.0230159
0.0235157
0.0240226
0.0245333
0.0250272
0.0255096
0.0260028
0.0265021
0.0270064
0.0275221
0.0280617
0.028619
0.0291885
0.0297675
0.0303576
0.0309501
0.0315674
0.0322089
0.0328287
0.0334438
0.0340762
0.0347163
0.035359
0.0360364
0.0367439
0.0374855
0.0382244
0.0389908
0.0397611
0.0405028
0.0412373
0.0420282
0.0428452
0.0436818
0.0445368
0.0453892
0.046251
0.047115
0.0480195
0.0489351
0.0498913
0.0508427
0.0518229
0.052819
0.0538405
0.0548872
0.0559431
0.0570386
0.058151
0.0592968
0.0604634
0.0616184
0.0628183
0.0640146
0.0652665
0.0665175
0.0677742
0.0690433
0.07031
0.0715536
0.0727702
0.0738951
0.0747427
0.0143026
0.0150253
0.0155209
0.0151684
0.0146167
0.0141646
0.0137094
0.013521
0.0136695
0.0137975
0.0138165
0.0139494
0.0142333
0.0145544
0.0148627
0.0151023
0.0152562
0.0154512
0.0157805
0.0161763
0.016521
0.0167781
0.0170344
0.017379
0.0177736
0.0181338
0.018458
0.0188056
0.0191993
0.0196028
0.0199795
0.0203516
0.0207565
0.0211839
0.0216153
0.0220594
0.0225303
0.0230235
0.0235212
0.0240268
0.0245359
0.0250283
0.0255102
0.0260053
0.0265072
0.0270118
0.0275259
0.0280653
0.0286239
0.0291931
0.0297698
0.0303588
0.0309527
0.0315701
0.032209
0.0328278
0.0334446
0.0340783
0.034719
0.0353628
0.0360408
0.0367476
0.0374876
0.0382253
0.0389905
0.0397594
0.0405028
0.0412403
0.0420313
0.0428471
0.0436831
0.0445374
0.0453894
0.0462517
0.047117
0.0480218
0.048937
0.0498928
0.0508443
0.0518246
0.0528207
0.0538424
0.0548892
0.055945
0.0570405
0.0581526
0.0592979
0.060464
0.0616193
0.0628194
0.0640159
0.0652672
0.0665182
0.0677751
0.0690449
0.0703132
0.0715577
0.0727775
0.073906
0.0747495
0.0140383
0.0147652
0.0154401
0.0152225
0.0146809
0.0142725
0.0138791
0.0136725
0.0137921
0.0139293
0.0139136
0.0139747
0.0142401
0.014592
0.0149176
0.0151514
0.0152944
0.0154826
0.0158131
0.0162136
0.0165568
0.0168034
0.0170502
0.0173976
0.0178002
0.018159
0.0184747
0.0188196
0.0192173
0.0196215
0.0199935
0.0203629
0.02077
0.0211999
0.0216309
0.0220728
0.022541
0.0230314
0.0235271
0.0240314
0.0245389
0.0250297
0.025511
0.0260079
0.0265125
0.0270175
0.0275298
0.0280689
0.028629
0.029198
0.0297722
0.0303601
0.0309554
0.0315729
0.0322093
0.032827
0.0334454
0.0340804
0.0347218
0.0353666
0.0360452
0.0367512
0.0374897
0.0382264
0.0389903
0.0397579
0.0405029
0.0412431
0.0420345
0.042849
0.0436845
0.0445381
0.0453896
0.0462526
0.047119
0.0480242
0.0489389
0.0498944
0.050846
0.0518264
0.0528226
0.0538443
0.0548912
0.055947
0.0570425
0.0581543
0.0592989
0.0604646
0.0616202
0.0628205
0.0640173
0.0652679
0.066519
0.0677761
0.0690466
0.0703165
0.0715621
0.072785
0.0739172
0.0747568
0.0138027
0.0145045
0.0153366
0.0152765
0.0147554
0.014365
0.0140277
0.0138275
0.0139212
0.0140575
0.0140212
0.0140147
0.0142445
0.0146233
0.0149743
0.0152024
0.0153323
0.0155146
0.0158476
0.0162529
0.016594
0.0168303
0.0170674
0.0174164
0.0178275
0.0181856
0.0184922
0.0188341
0.0192362
0.0196411
0.0200081
0.0203747
0.0207841
0.0212163
0.0216468
0.0220865
0.0225521
0.0230396
0.0235333
0.0240363
0.0245423
0.0250313
0.0255121
0.0260107
0.026518
0.0270233
0.0275339
0.0280725
0.0286342
0.0292031
0.0297748
0.0303614
0.0309582
0.0315759
0.0322096
0.0328262
0.0334464
0.0340827
0.0347246
0.0353704
0.0360497
0.036755
0.0374918
0.0382274
0.0389901
0.0397564
0.0405029
0.041246
0.0420376
0.042851
0.0436859
0.0445388
0.0453899
0.0462535
0.0471211
0.0480266
0.0489409
0.049896
0.0508478
0.0518283
0.0528245
0.0538463
0.0548933
0.0559491
0.0570446
0.058156
0.0593001
0.0604653
0.0616212
0.0628217
0.0640186
0.0652688
0.0665198
0.0677772
0.0690484
0.0703201
0.0715669
0.0727927
0.0739289
0.0747646
0.0135989
0.0142521
0.0152094
0.0153222
0.0148379
0.0144527
0.0141578
0.0139751
0.0140576
0.0141874
0.0141326
0.0140684
0.0142528
0.0146478
0.0150306
0.0152565
0.0153699
0.0155461
0.0158832
0.0162947
0.0166333
0.0168585
0.0170862
0.017436
0.017855
0.0182134
0.0185106
0.0188489
0.019256
0.0196618
0.0200234
0.020387
0.0207987
0.0212333
0.0216631
0.0221005
0.0225635
0.0230481
0.0235398
0.0240417
0.0245461
0.0250334
0.0255134
0.0260136
0.0265237
0.0270294
0.027538
0.0280762
0.0286397
0.0292085
0.0297775
0.0303628
0.030961
0.031579
0.03221
0.0328255
0.0334475
0.0340851
0.0347274
0.0353743
0.0360543
0.0367588
0.0374941
0.0382285
0.0389901
0.0397551
0.0405031
0.0412488
0.0420407
0.042853
0.0436875
0.0445396
0.0453902
0.0462544
0.0471233
0.048029
0.0489429
0.0498978
0.0508496
0.0518302
0.0528264
0.0538484
0.0548954
0.0559513
0.0570467
0.0581577
0.0593013
0.060466
0.0616223
0.0628229
0.0640201
0.0652697
0.0665207
0.0677785
0.0690503
0.0703239
0.071572
0.0728006
0.0739409
0.074773
0.0134256
0.0140193
0.0150607
0.0153519
0.0149227
0.0145398
0.0142781
0.0141094
0.0141933
0.0143249
0.014247
0.0141307
0.0142691
0.0146687
0.0150839
0.0153136
0.0154085
0.0155764
0.0159191
0.0163386
0.0166755
0.0168882
0.017106
0.017457
0.0178829
0.0182419
0.0185302
0.0188641
0.0192764
0.0196839
0.0200395
0.0203997
0.0208138
0.021251
0.0216798
0.0221147
0.0225753
0.0230571
0.0235467
0.0240474
0.0245503
0.0250359
0.025515
0.0260167
0.0265296
0.0270357
0.0275423
0.02808
0.0286452
0.0292141
0.0297803
0.0303642
0.030964
0.0315824
0.0322106
0.0328248
0.0334487
0.0340876
0.0347303
0.0353781
0.0360589
0.0367626
0.0374963
0.0382297
0.0389901
0.0397539
0.0405033
0.0412516
0.0420437
0.0428551
0.0436891
0.0445404
0.0453906
0.0462555
0.0471255
0.0480315
0.048945
0.0498996
0.0508516
0.0518322
0.0528284
0.0538506
0.0548977
0.0559535
0.0570489
0.0581596
0.0593025
0.0604668
0.0616234
0.0628241
0.0640216
0.0652706
0.0665216
0.0677799
0.0690523
0.0703279
0.0715774
0.0728088
0.0739534
0.0747819
0.0132758
0.0138178
0.0148986
0.0153593
0.0150045
0.0146239
0.0143967
0.0142351
0.0143173
0.0144682
0.0143716
0.0141975
0.0142914
0.0146906
0.015134
0.015372
0.0154488
0.015606
0.0159545
0.0163838
0.0167208
0.0169201
0.0171264
0.0174792
0.0179121
0.0182709
0.0185508
0.0188799
0.0192972
0.0197074
0.0200569
0.0204126
0.0208293
0.0212693
0.021697
0.0221293
0.0225874
0.0230665
0.0235541
0.0240535
0.024555
0.0250388
0.0255169
0.02602
0.0265357
0.0270423
0.0275467
0.0280838
0.028651
0.02922
0.0297834
0.0303656
0.0309671
0.031586
0.0322112
0.0328243
0.0334501
0.0340903
0.0347333
0.035382
0.0360635
0.0367665
0.0374987
0.0382309
0.0389902
0.0397528
0.0405036
0.0412543
0.0420467
0.0428571
0.0436908
0.0445413
0.045391
0.0462566
0.0471277
0.0480341
0.0489472
0.0499015
0.0508536
0.0518343
0.0528306
0.0538529
0.0549
0.0559558
0.0570511
0.0581614
0.0593039
0.0604676
0.0616245
0.0628254
0.0640231
0.0652717
0.0665225
0.0677814
0.0690544
0.0703321
0.0715832
0.0728172
0.0739662
0.0747914
0.0131363
0.0136547
0.014737
0.0153415
0.0150784
0.0147
0.0145148
0.0143632
0.0144243
0.014606
0.0145123
0.0142721
0.0143146
0.0147148
0.0151838
0.0154309
0.0154903
0.015635
0.0159894
0.0164293
0.0167684
0.0169554
0.0171475
0.0175019
0.0179435
0.0183009
0.0185716
0.0188965
0.0193185
0.0197318
0.0200757
0.0204261
0.0208449
0.0212882
0.0217149
0.0221443
0.0225998
0.0230763
0.0235618
0.0240601
0.0245602
0.0250422
0.0255191
0.0260234
0.0265421
0.0270492
0.0275513
0.0280877
0.0286568
0.0292262
0.0297866
0.030367
0.0309702
0.0315897
0.0322121
0.0328238
0.0334516
0.0340931
0.0347363
0.0353859
0.0360682
0.0367705
0.037501
0.0382323
0.0389904
0.0397519
0.0405039
0.0412571
0.0420496
0.0428592
0.0436925
0.0445423
0.0453915
0.0462578
0.04713
0.0480366
0.0489494
0.0499036
0.0508556
0.0518364
0.0528327
0.0538553
0.0549024
0.0559582
0.0570534
0.0581634
0.0593053
0.0604686
0.0616258
0.0628268
0.0640247
0.0652728
0.0665236
0.0677831
0.0690567
0.0703366
0.0715894
0.0728258
0.0739794
0.0748014
0.0129919
0.0135265
0.0145915
0.0153025
0.0151409
0.0147646
0.0146252
0.0145036
0.014522
0.0147233
0.0146661
0.0143654
0.0143362
0.0147367
0.0152366
0.0154919
0.015532
0.0156627
0.0160242
0.0164754
0.0168173
0.0169943
0.0171707
0.0175242
0.0179765
0.0183331
0.0185924
0.0189132
0.0193408
0.0197572
0.0200958
0.0204405
0.0208607
0.0213075
0.0217335
0.0221597
0.0226126
0.0230864
0.0235701
0.0240671
0.0245657
0.0250461
0.0255217
0.0260271
0.0265486
0.0270563
0.0275562
0.0280917
0.0286628
0.0292326
0.0297901
0.0303685
0.0309734
0.0315937
0.0322131
0.0328234
0.0334533
0.034096
0.0347393
0.0353898
0.0360729
0.0367745
0.0375035
0.0382336
0.0389908
0.0397511
0.0405044
0.0412598
0.0420526
0.0428614
0.0436944
0.0445434
0.0453921
0.0462591
0.0471324
0.0480393
0.0489517
0.0499057
0.0508578
0.0518387
0.052835
0.0538578
0.0549049
0.0559607
0.0570558
0.0581654
0.0593068
0.0604696
0.0616271
0.0628282
0.0640264
0.0652741
0.0665247
0.067785
0.0690591
0.0703413
0.071596
0.0728346
0.073993
0.0748121
0.0128305
0.0134188
0.014474
0.0152524
0.0151911
0.0148164
0.0147169
0.0146578
0.0146267
0.0148112
0.0148177
0.014487
0.014363
0.0147492
0.0152908
0.0155595
0.0155751
0.015687
0.0160578
0.0165235
0.0168671
0.0170352
0.0171971
0.0175463
0.01801
0.0183686
0.018614
0.0189291
0.019364
0.0197838
0.0201171
0.020456
0.0208767
0.021327
0.0217527
0.0221757
0.0226256
0.023097
0.0235788
0.0240746
0.0245718
0.0250505
0.0255247
0.026031
0.0265554
0.0270636
0.0275611
0.0280958
0.0286689
0.0292393
0.0297937
0.03037
0.0309768
0.031598
0.0322143
0.0328231
0.0334551
0.0340992
0.0347424
0.0353936
0.0360776
0.0367786
0.037506
0.0382351
0.0389912
0.0397505
0.0405049
0.0412625
0.0420554
0.0428635
0.0436963
0.0445445
0.0453928
0.0462605
0.0471349
0.0480419
0.048954
0.0499079
0.05086
0.051841
0.0528374
0.0538603
0.0549074
0.0559632
0.0570582
0.0581674
0.0593083
0.0604707
0.0616284
0.0628297
0.0640281
0.0652755
0.0665258
0.0677871
0.0690617
0.0703462
0.071603
0.0728437
0.074007
0.0748235
0.0126483
0.0133126
0.0143875
0.0152051
0.0152323
0.0148577
0.0147799
0.0148147
0.0147556
0.0148764
0.0149467
0.0146359
0.01441
0.0147493
0.015338
0.0156364
0.0156245
0.0157067
0.0160869
0.0165743
0.0169194
0.0170766
0.0172263
0.01757
0.0180428
0.0184068
0.0186381
0.0189437
0.019387
0.0198123
0.0201394
0.0204723
0.0208934
0.0213467
0.0217724
0.0221923
0.0226391
0.0231079
0.0235879
0.0240826
0.0245784
0.0250554
0.0255282
0.0260352
0.0265624
0.0270712
0.0275663
0.0280999
0.0286752
0.0292463
0.0297976
0.0303715
0.0309802
0.0316025
0.0322157
0.032823
0.033457
0.0341025
0.0347456
0.0353975
0.0360824
0.0367827
0.0375085
0.0382366
0.0389919
0.03975
0.0405056
0.0412652
0.0420583
0.0428657
0.0436984
0.0445457
0.0453936
0.046262
0.0471374
0.0480446
0.0489565
0.0499103
0.0508624
0.0518434
0.0528398
0.053863
0.0549101
0.0559658
0.0570607
0.0581696
0.05931
0.0604718
0.0616299
0.0628312
0.0640299
0.065277
0.066527
0.0677894
0.0690645
0.0703513
0.0716105
0.0728531
0.0740213
0.0748355
0.012451
0.0131885
0.0143228
0.0151737
0.0152717
0.0148955
0.0148093
0.0149539
0.0149174
0.0149409
0.0150369
0.0147949
0.0144919
0.0147459
0.0153685
0.0157181
0.0156873
0.0157255
0.0161066
0.0166257
0.0169778
0.0171183
0.0172557
0.0175965
0.018076
0.0184462
0.0186659
0.0189581
0.0194084
0.0198427
0.0201635
0.0204889
0.0209109
0.0213669
0.0217923
0.0222096
0.0226532
0.0231192
0.0235976
0.0240912
0.0245855
0.0250607
0.025532
0.0260397
0.0265696
0.0270792
0.0275716
0.0281041
0.0286817
0.0292537
0.0298017
0.030373
0.0309837
0.0316073
0.0322173
0.0328229
0.0334592
0.0341059
0.0347488
0.0354013
0.0360872
0.036787
0.0375111
0.0382383
0.0389927
0.0397498
0.0405063
0.0412678
0.0420611
0.042868
0.0437005
0.044547
0.0453944
0.0462636
0.04714
0.0480474
0.048959
0.0499127
0.0508648
0.0518459
0.0528424
0.0538658
0.0549128
0.0559686
0.0570633
0.0581718
0.0593117
0.0604731
0.0616314
0.0628328
0.0640317
0.0652786
0.0665283
0.0677919
0.0690675
0.0703566
0.0716185
0.0728627
0.0740358
0.0748481
0.0122541
0.0130328
0.014261
0.0151647
0.015319
0.0149403
0.0148101
0.0150543
0.0151043
0.0150297
0.0150889
0.0149389
0.0146122
0.0147571
0.0153782
0.0157933
0.0157663
0.015752
0.0161147
0.016671
0.0170447
0.0171639
0.0172822
0.0176246
0.018112
0.0184861
0.0186964
0.0189742
0.0194278
0.0198736
0.0201904
0.020506
0.0209286
0.0213881
0.0218125
0.0222271
0.0226679
0.023131
0.0236077
0.0241003
0.0245933
0.0250667
0.0255362
0.0260444
0.0265772
0.0270875
0.0275773
0.0281083
0.0286882
0.0292615
0.0298062
0.0303745
0.0309873
0.0316124
0.0322191
0.032823
0.0334615
0.0341096
0.0347521
0.0354051
0.036092
0.0367913
0.0375138
0.03824
0.0389936
0.0397497
0.0405072
0.0412705
0.0420639
0.0428702
0.0437027
0.0445484
0.0453954
0.0462653
0.0471427
0.0480502
0.0489615
0.0499153
0.0508673
0.0518485
0.052845
0.0538687
0.0549156
0.0559714
0.057066
0.0581741
0.0593136
0.0604744
0.061633
0.0628345
0.0640336
0.0652804
0.0665297
0.0677946
0.0690708
0.0703621
0.071627
0.0728727
0.0740507
0.0748614
0.0120786
0.0128457
0.0141792
0.0151736
0.0153823
0.015003
0.0147979
0.0151002
0.0152918
0.0151634
0.0151241
0.0150438
0.0147549
0.0148012
0.0153775
0.0158499
0.0158544
0.0157961
0.0161169
0.0167016
0.0171174
0.01722
0.0173051
0.0176498
0.0181525
0.0185284
0.0187277
0.0189925
0.0194466
0.0199035
0.0202197
0.0205246
0.0209458
0.0214102
0.0218335
0.0222446
0.0226831
0.0231435
0.0236182
0.02411
0.0246017
0.0250732
0.0255409
0.0260494
0.026585
0.0270963
0.0275832
0.0281124
0.0286946
0.0292697
0.0298111
0.0303759
0.0309908
0.0316179
0.0322213
0.0328231
0.0334639
0.0341135
0.0347555
0.0354088
0.0360969
0.0367957
0.0375166
0.0382418
0.0389947
0.0397498
0.0405081
0.0412732
0.0420666
0.0428726
0.043705
0.0445499
0.0453964
0.0462671
0.0471454
0.0480531
0.0489642
0.0499179
0.0508699
0.0518512
0.0528478
0.0538716
0.0549186
0.0559743
0.0570687
0.0581764
0.0593155
0.0604758
0.0616346
0.0628363
0.0640355
0.0652824
0.0665312
0.0677975
0.0690743
0.0703678
0.0716359
0.0728829
0.0740658
0.0748754
0.011942
0.012645
0.0140578
0.0151848
0.0154656
0.0150912
0.0147929
0.0150898
0.0154495
0.0153457
0.0151726
0.0151017
0.0148932
0.0148848
0.0153856
0.0158841
0.0159375
0.0158609
0.0161254
0.0167131
0.0171863
0.0172921
0.0173298
0.0176662
0.0181957
0.0185772
0.0187594
0.0190113
0.0194667
0.0199325
0.0202501
0.0205455
0.0209631
0.0214325
0.0218559
0.0222622
0.0226983
0.0231568
0.0236293
0.0241201
0.0246107
0.0250805
0.025546
0.0260545
0.0265931
0.0271055
0.0275895
0.0281166
0.0287011
0.0292782
0.0298164
0.0303775
0.0309944
0.0316236
0.0322238
0.0328234
0.0334665
0.0341177
0.0347589
0.0354125
0.0361018
0.0368002
0.0375194
0.0382438
0.038996
0.0397501
0.0405092
0.0412759
0.0420694
0.0428749
0.0437074
0.0445515
0.0453976
0.046269
0.0471482
0.048056
0.048967
0.0499207
0.0508726
0.051854
0.0528506
0.0538747
0.0549216
0.0559772
0.0570716
0.0581788
0.0593176
0.0604774
0.0616364
0.0628382
0.0640375
0.0652845
0.0665328
0.0678005
0.0690782
0.0703737
0.0716453
0.0728935
0.0740811
0.07489
0.0118531
0.012455
0.0138918
0.0151752
0.0155657
0.0152086
0.0148145
0.0150393
0.0155481
0.0155569
0.0152649
0.0151289
0.0149995
0.0149935
0.0154213
0.0159081
0.016002
0.0159362
0.0161535
0.0167127
0.0172381
0.0173783
0.0173662
0.0176712
0.0182348
0.0186359
0.0187945
0.0190277
0.0194879
0.0199627
0.0202801
0.020568
0.0209812
0.0214547
0.0218795
0.0222805
0.0227132
0.0231707
0.0236413
0.0241307
0.0246203
0.0250885
0.0255518
0.0260598
0.0266013
0.0271152
0.0275964
0.0281209
0.0287075
0.029287
0.0298222
0.0303792
0.0309979
0.0316296
0.0322266
0.0328239
0.0334692
0.034122
0.0347625
0.0354162
0.0361067
0.0368047
0.0375223
0.0382458
0.0389975
0.0397506
0.0405105
0.0412787
0.0420721
0.0428773
0.0437098
0.0445531
0.0453989
0.046271
0.0471511
0.048059
0.0489698
0.0499236
0.0508754
0.0518569
0.0528536
0.0538779
0.0549247
0.0559803
0.0570745
0.0581813
0.0593197
0.0604791
0.0616382
0.0628402
0.0640396
0.0652868
0.0665345
0.0678038
0.0690824
0.0703798
0.0716553
0.0729045
0.0740967
0.0749053
0.0118121
0.0122984
0.0136955
0.0151208
0.0156691
0.0153559
0.014877
0.014976
0.0155715
0.0157625
0.0154179
0.0151557
0.0150597
0.0151018
0.0154906
0.0159423
0.0160461
0.016004
0.016205
0.0167173
0.0172652
0.017466
0.0174244
0.0176705
0.0182606
0.0187034
0.0188395
0.0190405
0.0195071
0.0199962
0.0203108
0.0205901
0.0210006
0.0214773
0.021904
0.0223001
0.0227278
0.0231846
0.0236545
0.0241419
0.0246302
0.0250973
0.0255583
0.0260654
0.0266095
0.0271254
0.0276038
0.0281254
0.0287139
0.029296
0.0298284
0.030381
0.0310015
0.0316358
0.0322297
0.0328245
0.033472
0.0341266
0.0347662
0.0354198
0.0361116
0.0368094
0.0375253
0.038248
0.0389992
0.0397513
0.0405119
0.0412815
0.0420749
0.0428798
0.0437124
0.0445548
0.0454002
0.0462732
0.047154
0.0480621
0.0489727
0.0499266
0.0508783
0.05186
0.0528567
0.0538813
0.0549279
0.0559834
0.0570775
0.0581839
0.059322
0.0604808
0.0616401
0.0628424
0.0640417
0.0652893
0.0665364
0.0678072
0.0690871
0.070386
0.0716656
0.0729159
0.0741124
0.0749212
0.0118138
0.0121895
0.0134945
0.0150098
0.0157524
0.0155271
0.0149874
0.0149294
0.015526
0.0159247
0.015623
0.0152161
0.0150849
0.015182
0.0155776
0.0160053
0.0160864
0.0160486
0.0162653
0.0167445
0.0172756
0.0175376
0.0175052
0.0176777
0.0182664
0.0187713
0.0189006
0.0190533
0.0195197
0.0200328
0.0203454
0.0206108
0.0210196
0.0215013
0.0219292
0.0223207
0.0227427
0.023198
0.0236685
0.0241544
0.0246406
0.0251066
0.0255655
0.0260713
0.0266177
0.0271358
0.0276118
0.02813
0.0287202
0.0293054
0.029835
0.0303829
0.0310052
0.0316425
0.0322333
0.0328253
0.033475
0.0341314
0.03477
0.0354233
0.0361165
0.0368142
0.0375284
0.0382503
0.039001
0.0397522
0.0405134
0.0412844
0.0420777
0.0428823
0.043715
0.0445567
0.0454018
0.0462754
0.047157
0.0480652
0.0489758
0.0499298
0.0508813
0.0518631
0.0528599
0.0538847
0.0549312
0.0559867
0.0570806
0.0581865
0.0593243
0.0604828
0.061642
0.0628447
0.0640439
0.065292
0.0665385
0.0678108
0.0690921
0.0703925
0.0716764
0.0729278
0.0741282
0.0749376
0.0118504
0.0121317
0.0133143
0.0148521
0.0157892
0.0157056
0.0151451
0.014925
0.0154379
0.0160137
0.0158496
0.0153358
0.0151017
0.0152195
0.015657
0.0160994
0.0161465
0.0160704
0.0163112
0.0167989
0.0172909
0.0175814
0.0175938
0.0177072
0.0182565
0.0188266
0.0189792
0.0190743
0.0195227
0.0200683
0.0203869
0.0206316
0.0210359
0.0215267
0.0219563
0.0223421
0.0227582
0.0232109
0.0236827
0.0241684
0.0246519
0.0251162
0.0255735
0.0260777
0.026626
0.0271466
0.0276203
0.0281349
0.0287265
0.0293151
0.0298421
0.0303848
0.0310088
0.0316495
0.0322372
0.0328262
0.033478
0.0341365
0.034774
0.0354269
0.0361215
0.0368191
0.0375315
0.0382527
0.0390031
0.0397533
0.0405151
0.0412873
0.0420805
0.0428848
0.0437177
0.0445587
0.0454035
0.0462779
0.0471601
0.0480684
0.0489789
0.0499331
0.0508844
0.0518664
0.0528632
0.0538882
0.0549346
0.05599
0.0570838
0.0581893
0.0593268
0.0604848
0.061644
0.0628471
0.0640462
0.0652949
0.0665408
0.0678145
0.0690976
0.0703991
0.0716876
0.0729402
0.0741442
0.0749546
0.0119116
0.01212
0.0131731
0.0146728
0.0157663
0.015867
0.0153392
0.0149783
0.0153407
0.0160205
0.0160598
0.0155174
0.0151418
0.0152221
0.0157025
0.0162054
0.0162461
0.0160913
0.0163228
0.0168615
0.0173341
0.0176061
0.0176686
0.0177635
0.0182472
0.0188587
0.0190669
0.019113
0.0195183
0.0200965
0.0204358
0.0206564
0.0210478
0.0215513
0.0219868
0.0223649
0.0227738
0.0232236
0.0236964
0.0241835
0.0246646
0.0251263
0.0255819
0.0260846
0.0266345
0.0271576
0.0276293
0.0281401
0.0287328
0.0293252
0.0298497
0.0303867
0.0310122
0.0316569
0.0322418
0.0328273
0.0334811
0.0341419
0.0347781
0.0354303
0.0361266
0.0368241
0.0375348
0.0382553
0.0390054
0.0397546
0.0405169
0.0412903
0.0420834
0.0428875
0.0437205
0.0445608
0.0454053
0.0462804
0.0471637
0.0480717
0.0489821
0.0499365
0.0508876
0.0518698
0.0528667
0.0538919
0.0549381
0.0559935
0.0570871
0.0581922
0.0593294
0.0604871
0.0616461
0.0628497
0.0640485
0.0652978
0.0665434
0.0678184
0.0691035
0.070406
0.0716991
0.0729531
0.0741603
0.074972
0.0119849
0.0121465
0.0130765
0.0144963
0.0156909
0.0159879
0.0155494
0.0150927
0.0152685
0.0159601
0.0162169
0.0157398
0.0152325
0.0152135
0.0157016
0.0162954
0.0163859
0.0161405
0.0163005
0.0169025
0.0174115
0.0176382
0.0177142
0.0178307
0.0182562
0.0188689
0.0191489
0.0191743
0.0195153
0.0201123
0.0204887
0.0206895
0.0210565
0.0215717
0.0220202
0.0223909
0.0227896
0.0232361
0.0237097
0.0241991
0.0246791
0.0251374
0.0255906
0.0260919
0.0266432
0.027169
0.0276388
0.0281453
0.0287391
0.0293357
0.029858
0.0303887
0.0310154
0.0316647
0.032247
0.0328285
0.0334842
0.0341475
0.0347824
0.0354337
0.0361316
0.0368293
0.0375381
0.0382579
0.0390079
0.0397561
0.040519
0.0412934
0.0420862
0.0428901
0.0437234
0.044563
0.0454074
0.0462831
0.0471669
0.0480751
0.0489854
0.04994
0.050891
0.0518733
0.0528703
0.0538956
0.0549418
0.055997
0.0570905
0.0581952
0.0593321
0.0604895
0.0616482
0.0628524
0.064051
0.065301
0.0665463
0.0678224
0.0691099
0.0704132
0.0717109
0.0729665
0.0741766
0.0749899
0.0120555
0.0122036
0.0130238
0.0143398
0.0155807
0.0160574
0.0157507
0.0152574
0.0152474
0.0158621
0.0162989
0.0159694
0.0153837
0.0152225
0.0156623
0.0163422
0.0165436
0.0162427
0.0162701
0.0168956
0.0175005
0.0177059
0.0177403
0.0178837
0.0182902
0.0188742
0.0192113
0.0192518
0.0195247
0.0201151
0.020539
0.0207329
0.0210658
0.0215859
0.0220542
0.0224214
0.0228065
0.0232478
0.0237226
0.0242147
0.0246951
0.0251501
0.0255996
0.0260992
0.0266521
0.0271811
0.027649
0.0281506
0.0287453
0.0293466
0.0298671
0.030391
0.0310182
0.0316726
0.032253
0.03283
0.0334872
0.0341533
0.034787
0.0354371
0.0361367
0.0368347
0.0375415
0.0382607
0.0390107
0.0397578
0.0405211
0.0412966
0.0420892
0.0428929
0.0437264
0.0445653
0.0454095
0.0462859
0.0471702
0.0480785
0.0489888
0.0499436
0.0508944
0.051877
0.0528741
0.0538995
0.0549455
0.0560006
0.0570939
0.0581983
0.0593348
0.060492
0.0616505
0.0628553
0.0640537
0.0653042
0.0665495
0.0678265
0.0691167
0.0704208
0.0717229
0.0729805
0.074193
0.0750082
0.0121068
0.0122814
0.013013
0.0142131
0.0154526
0.0160787
0.0159224
0.0154501
0.015289
0.0157615
0.0163062
0.0161699
0.0155827
0.0152754
0.0156081
0.0163316
0.0166874
0.0164025
0.0162662
0.0168379
0.0175651
0.0178184
0.0177781
0.0179045
0.0183322
0.0188946
0.0192537
0.0193301
0.0195538
0.0201119
0.0205803
0.0207856
0.0210799
0.0215938
0.022086
0.0224566
0.0228263
0.0232587
0.0237346
0.02423
0.0247118
0.0251648
0.0256097
0.0261061
0.0266609
0.0271939
0.02766
0.028156
0.0287511
0.0293577
0.0298771
0.0303935
0.0310206
0.0316807
0.0322598
0.032832
0.03349
0.0341593
0.0347919
0.0354405
0.0361418
0.0368402
0.0375451
0.0382636
0.0390136
0.0397597
0.0405235
0.0412999
0.0420922
0.0428957
0.0437295
0.0445678
0.0454118
0.0462888
0.0471736
0.0480821
0.0489924
0.0499474
0.0508979
0.0518808
0.052878
0.0539035
0.0549493
0.0560044
0.0570975
0.0582016
0.0593377
0.0604947
0.0616528
0.0628583
0.0640565
0.0653076
0.0665531
0.0678308
0.069124
0.0704287
0.0717351
0.072995
0.0742096
0.0750268
0.0121257
0.0123654
0.0130395
0.0141239
0.0153213
0.0160607
0.0160545
0.0156459
0.0153878
0.0156901
0.0162585
0.0163149
0.0158027
0.0153842
0.015567
0.0162708
0.0167856
0.0165979
0.0163204
0.0167564
0.0175721
0.0179504
0.017861
0.017904
0.0183536
0.0189375
0.0192938
0.0193947
0.0195984
0.0201132
0.0206094
0.0208428
0.0211022
0.021597
0.0221132
0.0224952
0.0228506
0.02327
0.0237456
0.0242449
0.0247287
0.0251813
0.0256216
0.0261128
0.0266692
0.0272074
0.0276721
0.0281616
0.0287564
0.0293691
0.0298882
0.0303965
0.0310225
0.0316888
0.0322675
0.0328344
0.0334929
0.0341653
0.034797
0.035444
0.0361468
0.0368458
0.0375489
0.0382666
0.0390166
0.0397618
0.0405262
0.0413034
0.0420953
0.0428985
0.0437326
0.0445704
0.0454144
0.0462918
0.0471771
0.0480857
0.048996
0.0499513
0.0509016
0.0518848
0.052882
0.0539076
0.0549532
0.0560083
0.0571011
0.058205
0.0593406
0.0604976
0.0616552
0.0628614
0.0640596
0.065311
0.0665571
0.0678353
0.0691316
0.0704371
0.0717475
0.07301
0.0742265
0.0750456
0.0121071
0.012439
0.0130918
0.0140778
0.0152021
0.0160131
0.016148
0.0158246
0.0155237
0.015666
0.016183
0.0163954
0.0160137
0.0155422
0.0155653
0.0161834
0.0168186
0.0167949
0.0164453
0.0166891
0.0175131
0.0180612
0.0180008
0.0179175
0.018334
0.0189832
0.019353
0.0194455
0.0196443
0.020127
0.0206302
0.0208983
0.0211348
0.021598
0.0221337
0.0225355
0.0228792
0.0232826
0.0237558
0.0242594
0.0247456
0.0251987
0.0256358
0.0261199
0.0266762
0.0272214
0.0276856
0.0281676
0.028761
0.0293803
0.0299005
0.0304004
0.0310236
0.0316966
0.0322762
0.0328373
0.0334956
0.0341715
0.0348023
0.0354476
0.036152
0.0368516
0.0375528
0.0382697
0.0390198
0.0397641
0.040529
0.0413071
0.0420985
0.0429015
0.0437358
0.0445732
0.0454171
0.046295
0.0471806
0.0480895
0.0489997
0.0499552
0.0509054
0.0518889
0.0528862
0.0539119
0.0549572
0.0560123
0.0571048
0.0582086
0.0593437
0.0605006
0.0616579
0.0628646
0.064063
0.0653145
0.0665614
0.06784
0.0691395
0.070446
0.0717599
0.0730255
0.0742436
0.0750647
0.012057
0.0124901
0.013153
0.0140697
0.0151096
0.0159472
0.0162075
0.0159782
0.0156748
0.0156912
0.0161073
0.016418
0.0161911
0.0157284
0.0156161
0.0160991
0.0167872
0.0169572
0.0166261
0.0166729
0.0174132
0.0181127
0.0181714
0.0179834
0.0182845
0.0189987
0.0194387
0.0195018
0.0196774
0.0201502
0.0206513
0.0209477
0.0211766
0.0216009
0.0221458
0.0225764
0.022913
0.0232964
0.0237655
0.0242737
0.0247621
0.0252165
0.0256524
0.0261286
0.0266821
0.0272351
0.0277008
0.0281744
0.0287648
0.0293911
0.0299141
0.0304053
0.0310242
0.0317041
0.0322857
0.0328408
0.0334983
0.0341778
0.0348079
0.0354512
0.0361571
0.0368576
0.0375568
0.0382728
0.0390232
0.0397667
0.040532
0.0413109
0.0421018
0.0429044
0.043739
0.0445762
0.04542
0.0462982
0.0471842
0.0480933
0.0490036
0.0499594
0.0509092
0.0518932
0.0528905
0.0539163
0.0549613
0.0560165
0.0571086
0.0582123
0.0593469
0.0605038
0.0616607
0.0628679
0.0640667
0.065318
0.0665662
0.067845
0.0691476
0.0704554
0.0717725
0.0730413
0.074261
0.075084
0.0119891
0.0125166
0.0132085
0.0140845
0.0150503
0.0158773
0.0162372
0.0161063
0.0158247
0.0157557
0.0160526
0.016399
0.0163223
0.0159195
0.015715
0.0160449
0.0167118
0.017058
0.0168302
0.0167274
0.0173109
0.0180918
0.01833
0.0181188
0.0182448
0.0189587
0.0195279
0.0195873
0.0196983
0.0201687
0.0206798
0.020992
0.0212235
0.0216104
0.0221487
0.0226144
0.0229539
0.0233119
0.023774
0.0242887
0.0247786
0.0252334
0.0256704
0.0261396
0.0266874
0.0272476
0.0277176
0.0281827
0.0287677
0.0294009
0.029929
0.0304116
0.0310243
0.0317111
0.0322961
0.0328449
0.0335007
0.0341843
0.034814
0.0354548
0.0361621
0.0368638
0.0375611
0.038276
0.0390268
0.0397694
0.0405352
0.0413149
0.0421053
0.0429073
0.0437422
0.0445793
0.0454231
0.0463017
0.047188
0.0480972
0.0490075
0.0499636
0.0509132
0.0518976
0.0528949
0.0539208
0.0549655
0.0560207
0.0571125
0.0582162
0.0593504
0.060507
0.0616638
0.0628712
0.0640706
0.0653217
0.0665712
0.0678504
0.0691559
0.0704654
0.0717852
0.0730575
0.0742787
0.0751034
0.0119158
0.0125244
0.0132539
0.0141079
0.0150192
0.0158164
0.0162429
0.0162087
0.0159636
0.0158439
0.0160297
0.016358
0.0164056
0.0160968
0.0158467
0.0160364
0.0166218
0.0170895
0.0170205
0.0168459
0.0172434
0.0180174
0.0184358
0.0183002
0.0182585
0.0188729
0.0195827
0.0197112
0.0197288
0.0201681
0.0207122
0.0210376
0.0212708
0.0216294
0.0221456
0.0226438
0.0230025
0.0233321
0.0237791
0.0243044
0.0247968
0.0252489
0.0256884
0.0261533
0.0266935
0.0272585
0.027735
0.0281933
0.0287701
0.0294094
0.0299449
0.0304194
0.0310239
0.0317175
0.0323076
0.0328497
0.0335027
0.0341907
0.0348207
0.0354585
0.0361669
0.0368702
0.0375657
0.0382792
0.0390305
0.0397724
0.0405385
0.0413191
0.0421089
0.0429104
0.0437456
0.0445827
0.0454263
0.0463051
0.0471917
0.0481013
0.0490115
0.049968
0.0509173
0.0519023
0.0528995
0.0539255
0.0549698
0.056025
0.0571164
0.0582201
0.059354
0.0605102
0.0616671
0.0628746
0.0640749
0.0653255
0.0665765
0.0678562
0.0691643
0.0704759
0.071798
0.0730739
0.0742967
0.0751229
0.011844
0.0125183
0.0132917
0.0141337
0.0150065
0.0157723
0.0162344
0.0162862
0.0160874
0.015941
0.0160374
0.0163132
0.0164449
0.0162474
0.0159944
0.0160734
0.0165464
0.0170652
0.0171665
0.0170034
0.0172326
0.0179242
0.0184709
0.0184838
0.0183491
0.0187829
0.0195715
0.0198504
0.019797
0.0201496
0.0207344
0.02109
0.021317
0.0216564
0.0221429
0.0226597
0.023055
0.0233627
0.0237802
0.0243177
0.0248193
0.0252641
0.0257044
0.0261689
0.0267017
0.0272683
0.0277519
0.0282059
0.0287726
0.0294162
0.0299617
0.0304292
0.031023
0.0317231
0.0323201
0.0328553
0.0335043
0.0341972
0.0348281
0.0354624
0.0361714
0.0368767
0.0375707
0.0382825
0.0390343
0.0397757
0.0405421
0.0413235
0.0421126
0.0429134
0.043749
0.0445864
0.0454298
0.0463087
0.0471956
0.0481054
0.0490155
0.0499725
0.0509215
0.051907
0.052904
0.0539303
0.0549742
0.0560296
0.0571206
0.0582242
0.0593578
0.0605134
0.0616707
0.0628781
0.0640794
0.0653296
0.066582
0.0678625
0.0691729
0.0704869
0.0718111
0.0730904
0.074315
0.0751425
0.011782
0.0125022
0.0133224
0.014162
0.015004
0.0157445
0.0162218
0.016342
0.0161956
0.0160382
0.0160676
0.016278
0.0164496
0.0163623
0.0161434
0.0161453
0.0165037
0.0170103
0.0172534
0.0171698
0.0172802
0.0178466
0.0184486
0.0186276
0.0184996
0.0187352
0.0194954
0.0199632
0.0199169
0.0201359
0.0207316
0.0211471
0.021367
0.0216872
0.0221465
0.0226619
0.023102
0.0234082
0.0237816
0.0243228
0.0248465
0.0252832
0.0257168
0.0261843
0.0267127
0.0272782
0.0277681
0.0282198
0.0287759
0.0294216
0.0299787
0.030441
0.0310218
0.0317277
0.0323339
0.0328619
0.0335052
0.0342033
0.0348363
0.0354668
0.0361756
0.0368833
0.037576
0.0382859
0.0390382
0.0397791
0.0405457
0.0413282
0.0421165
0.0429165
0.0437524
0.0445902
0.0454334
0.0463123
0.0471996
0.0481097
0.0490197
0.0499771
0.0509258
0.051912
0.0529087
0.0539352
0.0549786
0.056034
0.0571249
0.0582284
0.059362
0.0605167
0.0616746
0.0628817
0.064084
0.065334
0.0665876
0.0678693
0.0691815
0.0704983
0.0718246
0.0731071
0.0743336
0.0751622
0.0117403
0.0124838
0.013345
0.014193
0.0150081
0.0157266
0.0162101
0.0163801
0.0162876
0.0161314
0.0161119
0.0162594
0.0164343
0.0164378
0.0162806
0.0162399
0.0164977
0.0169509
0.0172845
0.0173152
0.0173706
0.017806
0.0183978
0.0187115
0.0186701
0.0187595
0.0193926
0.0200114
0.0200686
0.0201568
0.0207016
0.021195
0.0214265
0.0217205
0.0221597
0.0226583
0.0231344
0.0234656
0.0237927
0.0243155
0.0248721
0.0253111
0.0257275
0.0261962
0.0267262
0.0272899
0.0277839
0.028234
0.0287797
0.0294262
0.0299959
0.0304545
0.0310204
0.031731
0.0323488
0.0328699
0.0335054
0.0342088
0.0348454
0.0354718
0.0361795
0.0368897
0.0375816
0.0382893
0.0390422
0.039783
0.0405494
0.0413306
0.0421204
0.0429195
0.0437558
0.0445945
0.0454371
0.046316
0.0472035
0.0481141
0.0490239
0.049982
0.0509302
0.0519171
0.0529135
0.0539402
0.0549834
0.0560385
0.0571294
0.0582325
0.0593663
0.0605199
0.0616787
0.0628856
0.0640889
0.0653388
0.0665933
0.0678766
0.0691903
0.07051
0.0718383
0.0731237
0.0743523
0.0751821
0.0117153
0.0124703
0.0133606
0.0142236
0.0150186
0.015714
0.0162007
0.0164053
0.0163632
0.0162186
0.0161627
0.0162562
0.0164121
0.016477
0.0163939
0.0163449
0.0165243
0.0169079
0.0172783
0.0174208
0.0174814
0.0178069
0.0183454
0.0187421
0.0188209
0.0188509
0.0193107
0.0199871
0.0202123
0.0202314
0.020664
0.0212172
0.0214924
0.021757
0.0221789
0.0226578
0.0231499
0.0235256
0.0238236
0.0243007
0.0248857
0.0253485
0.025743
0.0262018
0.0267391
0.0273048
0.0278007
0.0282484
0.028783
0.0294301
0.030014
0.03047
0.0310187
0.0317327
0.0323647
0.0328797
0.033505
0.0342133
0.0348552
0.0354777
0.0361832
0.036896
0.0375874
0.0382928
0.0390463
0.0397871
0.0405534
0.0413355
0.0421245
0.0429225
0.0437592
0.0445991
0.0454409
0.0463197
0.0472076
0.0481186
0.049028
0.0499868
0.0509348
0.0519224
0.0529185
0.0539452
0.0549884
0.056043
0.0571343
0.0582369
0.059371
0.0605232
0.0616829
0.0628896
0.0640935
0.065344
0.0665992
0.0678844
0.0691994
0.0705218
0.0718525
0.0731404
0.0743711
0.075202
0.011711
0.0124686
0.013374
0.0142505
0.015035
0.0157064
0.0161928
0.0164223
0.0164231
0.0162988
0.016216
0.0162641
0.0163914
0.0164888
0.0164747
0.0164461
0.0165737
0.0168891
0.0172569
0.0174844
0.0175909
0.0178437
0.01831
0.0187401
0.0189277
0.0189756
0.0192839
0.0199176
0.0203085
0.0203501
0.0206482
0.0212099
0.0215551
0.0218013
0.0221997
0.0226638
0.0231528
0.0235751
0.0238752
0.0242926
0.024881
0.025388
0.0257718
0.0262034
0.0267454
0.0273219
0.0278204
0.0282632
0.0287851
0.0294326
0.0300332
0.0304879
0.0310168
0.0317324
0.0323815
0.0328916
0.0335041
0.0342166
0.0348657
0.0354844
0.0361867
0.0369023
0.0375936
0.0382962
0.0390505
0.0397917
0.0405574
0.0413405
0.0421291
0.0429255
0.0437627
0.0446041
0.0454449
0.0463235
0.0472117
0.0481233
0.0490323
0.0499918
0.0509393
0.0519275
0.0529236
0.0539501
0.0549935
0.0560473
0.0571391
0.0582411
0.0593758
0.0605269
0.0616873
0.0628942
0.0640983
0.0653496
0.0666051
0.0678924
0.0692088
0.0705337
0.0718669
0.0731572
0.0743899
0.0752219
0.0117172
0.0124787
0.0133912
0.0142744
0.0150541
0.015704
0.0161838
0.0164318
0.0164665
0.0163692
0.0162704
0.0162797
0.0163765
0.0164849
0.0165241
0.0165307
0.0166345
0.0168923
0.0172364
0.0175151
0.0176816
0.0179034
0.018299
0.0187274
0.0189921
0.0190987
0.0193165
0.0198441
0.0203394
0.020479
0.0206736
0.0211852
0.0216015
0.021855
0.0222238
0.022676
0.0231523
0.023607
0.0239358
0.0243027
0.0248614
0.0254151
0.0258169
0.0262122
0.0267419
0.0273373
0.0278457
0.02828
0.0287852
0.0294323
0.030053
0.0305092
0.0310147
0.0317291
0.0323987
0.0329063
0.0335034
0.0342187
0.0348765
0.035492
0.03619
0.0369084
0.0376
0.0382995
0.0390547
0.0397967
0.0405615
0.0413454
0.0421339
0.0429284
0.0437659
0.0446095
0.0454491
0.0463273
0.0472158
0.0481278
0.0490368
0.049997
0.0509444
0.0519328
0.052929
0.053955
0.0549989
0.0560517
0.0571443
0.0582455
0.0593804
0.0605304
0.0616914
0.0628991
0.0641031
0.0653557
0.0666115
0.0679007
0.0692186
0.0705458
0.0718817
0.073174
0.0744086
0.0752418
0.0117294
0.0124992
0.0134167
0.0143002
0.0150741
0.0157065
0.0161732
0.0164328
0.0164931
0.0164241
0.0163224
0.0162998
0.016367
0.0164727
0.0165489
0.0165925
0.0166953
0.0169132
0.0172246
0.0175267
0.0177458
0.01797
0.0183104
0.0187166
0.0190284
0.0191985
0.0193881
0.0198027
0.0203207
0.0205842
0.0207396
0.0211639
0.0216242
0.0219108
0.0222532
0.0226916
0.0231547
0.0236251
0.0239927
0.0243344
0.0248417
0.0254185
0.0258663
0.0262383
0.0267313
0.0273426
0.0278765
0.0283034
0.0287845
0.0294281
0.0300728
0.0305353
0.0310138
0.0317219
0.0324152
0.0329237
0.0335031
0.0342192
0.0348874
0.0355004
0.0361932
0.0369146
0.037607
0.0383027
0.0390586
0.0398022
0.0405657
0.0413504
0.0421393
0.0429313
0.0437689
0.0446151
0.0454533
0.0463311
0.0472202
0.0481323
0.0490414
0.050002
0.0509495
0.0519381
0.0529347
0.0539602
0.0550046
0.0560561
0.0571496
0.0582504
0.0593854
0.0605347
0.0616956
0.0629043
0.0641076
0.0653616
0.0666179
0.0679088
0.0692286
0.0705579
0.0718965
0.0731909
0.0744272
0.0752616
0.0117442
0.0125265
0.01345
0.0143304
0.0150948
0.0157119
0.0161627
0.0164261
0.0165044
0.0164596
0.0163657
0.0163201
0.0163606
0.0164558
0.0165557
0.0166327
0.0167462
0.0169448
0.0172243
0.0175309
0.0177872
0.0180303
0.0183388
0.0187128
0.0190485
0.0192688
0.0194688
0.0198039
0.0202827
0.0206463
0.0208274
0.0211646
0.0216297
0.0219608
0.0222888
0.0227102
0.0231604
0.0236355
0.0240385
0.0243794
0.0248369
0.0254041
0.025904
0.0262847
0.0267264
0.0273305
0.0279044
0.0283365
0.0287851
0.0294174
0.03009
0.030567
0.0310163
0.031711
0.03243
0.0329448
0.0335044
0.0342183
0.0348981
0.0355097
0.0361959
0.0369205
0.0376145
0.0383061
0.0390623
0.0398081
0.0405699
0.0413552
0.0421452
0.042934
0.043772
0.0446212
0.045458
0.0463349
0.0472246
0.048136
0.0490462
0.0500071
0.0509548
0.051943
0.0529402
0.0539649
0.0550101
0.0560607
0.0571547
0.0582553
0.05939
0.060539
0.0617
0.0629101
0.0641129
0.065368
0.0666252
0.0679172
0.069239
0.07057
0.0719113
0.0732076
0.0744454
0.075281
0.0117636
0.0125577
0.0134879
0.0143631
0.0151154
0.0157166
0.0161512
0.0164118
0.0165017
0.0164742
0.0163934
0.0163355
0.0163534
0.0164353
0.0165478
0.0166553
0.0167836
0.0169784
0.0172355
0.0175353
0.0178143
0.0180774
0.0183756
0.0187188
0.0190611
0.0193176
0.0195386
0.0198347
0.0202516
0.0206653
0.0209109
0.0211903
0.0216282
0.0220002
0.0223281
0.0227335
0.0231711
0.0236427
0.0240737
0.0244266
0.0248499
0.0253867
0.0259195
0.0263398
0.0267428
0.0273078
0.0279193
0.0283803
0.0287944
0.0293993
0.0300999
0.0306032
0.0310239
0.0316949
0.0324401
0.0329686
0.0335078
0.0342158
0.0349086
0.0355204
0.0361985
0.036926
0.0376228
0.0383098
0.0390658
0.0398142
0.0405742
0.0413599
0.0421524
0.0429364
0.0437748
0.0446271
0.0454627
0.0463387
0.0472296
0.0481401
0.0490516
0.0500124
0.0509606
0.0519485
0.0529463
0.0539702
0.0550156
0.0560654
0.0571599
0.0582606
0.0593946
0.0605435
0.061704
0.0629155
0.0641178
0.0653741
0.0666325
0.0679258
0.0692497
0.0705825
0.0719264
0.0732247
0.0744637
0.0753006
0.0117919
0.0125932
0.0135304
0.0144061
0.0151394
0.0157201
0.0161361
0.0163885
0.0164841
0.0164679
0.0164
0.0163397
0.0163415
0.0164109
0.0165279
0.0166617
0.0168081
0.0170073
0.0172544
0.0175435
0.0178344
0.0181117
0.018411
0.0187339
0.0190705
0.0193538
0.0195941
0.0198775
0.0202423
0.0206588
0.0209714
0.0212338
0.0216293
0.0220272
0.0223656
0.0227584
0.0231864
0.0236483
0.0240993
0.0244714
0.0248746
0.0253793
0.0259175
0.0263844
0.0267826
0.027289
0.0279124
0.0284262
0.0288212
0.0293794
0.0300993
0.0306445
0.0310418
0.0316766
0.0324442
0.032995
0.0335143
0.0342111
0.0349176
0.0355318
0.0362001
0.0369302
0.0376317
0.0383139
0.0390686
0.03982
0.0405782
0.0413636
0.042148
0.0429382
0.0437777
0.0446333
0.0454676
0.0463425
0.0472348
0.0481419
0.0490571
0.0500173
0.050966
0.0519534
0.052952
0.0539753
0.055021
0.0560704
0.0571651
0.0582659
0.0593989
0.0605484
0.0617087
0.0629214
0.0641232
0.0653802
0.06664
0.0679338
0.0692599
0.0705946
0.0719406
0.073241
0.0744813
0.0753191
0.0118332
0.0126336
0.0135713
0.0144418
0.0151578
0.0157127
0.0161058
0.0163467
0.0164447
0.0164361
0.01638
0.0163253
0.01632
0.0163811
0.0164996
0.0166544
0.0168224
0.0170303
0.0172769
0.0175574
0.0178526
0.0181382
0.0184395
0.0187533
0.0190791
0.0193803
0.0196381
0.0199188
0.0202524
0.0206466
0.0210051
0.0212845
0.0216419
0.0220468
0.0224008
0.0227837
0.0232054
0.0236545
0.0241139
0.0245103
0.0249033
0.0253824
0.0259115
0.0264083
0.0268327
0.0272902
0.027886
0.0284584
0.0288657
0.029363
0.0300817
0.0306839
0.0310716
0.0316581
0.0324409
0.0330241
0.0335272
0.0342067
0.0349266
0.0355461
0.0362024
0.0369338
0.037642
0.0383196
0.0390719
0.0398263
0.0405827
0.0413683
0.042156
0.0429404
0.0437805
0.0446394
0.0454728
0.0463464
0.0472418
0.0481651
0.0490645
0.050023
0.0509724
0.0519594
0.0529582
0.0539809
0.0550264
0.0560758
0.0571707
0.0582719
0.0594036
0.0605533
0.0617134
0.0629272
0.0641292
0.0653868
0.0666486
0.0679431
0.0692711
0.0706077
0.0719557
0.073258
0.0744993
0.0753382
0.0118992
0.0126912
0.0136224
0.0144841
0.0151811
0.0157036
0.0160576
0.0162801
0.0163734
0.0163677
0.0163208
0.0162774
0.0162763
0.0163385
0.0164599
0.0166321
0.0168244
0.0170466
0.0172993
0.0175756
0.01787
0.0181588
0.0184594
0.0187702
0.0190872
0.0193985
0.0196731
0.0199536
0.0202715
0.0206391
0.0210167
0.0213291
0.0216665
0.0220628
0.0224326
0.0228105
0.0232271
0.0236659
0.0241222
0.0245434
0.0249353
0.025391
0.0259088
0.0264153
0.0268743
0.0273156
0.0278565
0.0284654
0.0289234
0.0293621
0.0300473
0.0307146
0.031113
0.0316399
0.0324241
0.0330491
0.0335434
0.0341989
0.0349306
0.0355599
0.0362033
0.0369342
0.0376516
0.0383252
0.0390739
0.0398311
0.0405862
0.0413727
0.0421632
0.0429433
0.0437831
0.0446451
0.0454778
0.04635
0.0472471
0.0481633
0.0490692
0.0500273
0.0509773
0.0519645
0.0529635
0.0539861
0.055031
0.0560807
0.0571755
0.0582768
0.0594075
0.0605579
0.0617181
0.0629323
0.0641344
0.0653921
0.0666557
0.0679509
0.0692807
0.0706194
0.0719692
0.0732736
0.074516
0.0753556
0.0119791
0.0127425
0.0136522
0.0144977
0.0151871
0.0156962
0.0160398
0.0162145
0.0162844
0.0162745
0.0162343
0.0162068
0.0162195
0.0162934
0.0164235
0.0166111
0.016828
0.0170678
0.0173298
0.0176042
0.0178936
0.0181803
0.0184767
0.0187855
0.0190973
0.0194134
0.0197027
0.019986
0.0202961
0.0206423
0.0210192
0.0213633
0.0217009
0.0220813
0.0224614
0.0228394
0.0232488
0.0236824
0.0241294
0.0245698
0.0249736
0.0254073
0.0259146
0.0264208
0.0269012
0.027359
0.027846
0.028447
0.0289813
0.0293909
0.0300059
0.0307326
0.0311734
0.0316361
0.0324011
0.0330746
0.0335708
0.0341956
0.0349345
0.0355775
0.0362073
0.0369343
0.0376626
0.038334
0.039078
0.039837
0.0405905
0.0413775
0.0421707
0.0429465
0.0437858
0.0446506
0.0454836
0.0463538
0.0472526
0.0481689
0.0490756
0.050033
0.0509838
0.0519711
0.0529698
0.0539921
0.0550363
0.0560869
0.0571821
0.058283
0.0594125
0.0605633
0.0617239
0.0629385
0.0641414
0.0653995
0.0666647
0.0679607
0.0692917
0.0706325
0.0719839
0.0732897
0.0745332
0.0753738
0.0121485
0.0128564
0.0137009
0.0144784
0.0151053
0.0155525
0.0158401
0.0160064
0.0160787
0.016088
0.016066
0.0160648
0.0161065
0.0162105
0.0163653
0.0165716
0.0168125
0.0170702
0.0173428
0.0176165
0.0178997
0.0181831
0.0184748
0.0187828
0.0190934
0.0194131
0.0197145
0.0200051
0.0203137
0.0206455
0.0210143
0.021379
0.0217303
0.0220999
0.0224821
0.0228651
0.0232649
0.0236945
0.0241341
0.02458
0.0250051
0.0254251
0.0259156
0.0264252
0.0269082
0.0273939
0.0278597
0.0284102
0.0290088
0.0294417
0.0299634
0.0307152
0.0312341
0.0316431
0.0323617
0.0330862
0.0336015
0.0341918
0.0349317
0.0355931
0.0362112
0.0369306
0.0376706
0.0383424
0.039081
0.0398403
0.0405931
0.0413812
0.0421781
0.0429506
0.0437874
0.044655
0.0454885
0.0463572
0.0472489
0.0481715
0.04908
0.050037
0.0509887
0.051977
0.0529753
0.0539972
0.0550405
0.0560916
0.057187
0.0582873
0.0594162
0.0605677
0.0617285
0.0629428
0.0641461
0.0654046
0.0666714
0.0679687
0.069301
0.0706439
0.0719971
0.0733045
0.074549
0.07539
0.0123913
0.0130583
0.0138509
0.0145682
0.0151282
0.0155099
0.0157279
0.0158153
0.0158291
0.0158412
0.0158628
0.0159145
0.0160059
0.0161516
0.0163395
0.0165619
0.0168162
0.0170815
0.0173584
0.0176311
0.0179072
0.018188
0.0184746
0.0187813
0.0190917
0.0194132
0.0197258
0.0200266
0.0203389
0.0206627
0.0210207
0.0213921
0.0217558
0.0221254
0.0225054
0.0228935
0.023288
0.0237099
0.0241495
0.0245918
0.0250345
0.0254579
0.0259218
0.0264358
0.0269165
0.0274136
0.0278984
0.0283934
0.0290069
0.0295095
0.0299583
0.0306769
0.0312919
0.0316833
0.0323235
0.0330856
0.03364
0.034195
0.0349257
0.0356087
0.0362192
0.0369266
0.0376774
0.0383539
0.0390872
0.0398453
0.0405963
0.0413848
0.042185
0.0429558
0.0437896
0.044659
0.0454945
0.0463615
0.047255
0.0481772
0.0490862
0.0500417
0.0509941
0.0519833
0.052981
0.0540024
0.0550455
0.0560981
0.0571939
0.0582929
0.0594209
0.060573
0.0617346
0.062949
0.064153
0.0654119
0.0666797
0.0679778
0.069311
0.0706557
0.0720104
0.0733191
0.0745645
0.0754066
0.0125169
0.0129867
0.0135722
0.0141131
0.0145586
0.0148989
0.0151412
0.0153227
0.015455
0.0155402
0.0156392
0.0157823
0.0159542
0.016146
0.0163579
0.0165823
0.0168299
0.0170875
0.0173566
0.0176261
0.0178951
0.0181754
0.0184598
0.018766
0.0190786
0.0194001
0.0197234
0.0200364
0.020356
0.0206794
0.0210298
0.0214002
0.0217691
0.0221453
0.0225254
0.0229126
0.0233064
0.0237172
0.0241581
0.024599
0.0250466
0.0254884
0.025931
0.0264399
0.0269281
0.0274142
0.0279294
0.0284017
0.0289795
0.0295518
0.0299824
0.0306249
0.0313155
0.0317419
0.0322943
0.0330655
0.0336794
0.0342092
0.0349176
0.0356227
0.0362325
0.0369228
0.0376802
0.0383648
0.0390933
0.039849
0.0405984
0.0413862
0.0421919
0.0429622
0.0437907
0.0446608
0.0454984
0.0463665
0.0472573
0.0481815
0.049092
0.0500467
0.051
0.0519907
0.0529878
0.0540079
0.0550502
0.0561033
0.0571998
0.0582973
0.0594251
0.0605779
0.0617394
0.0629533
0.0641577
0.0654176
0.0666866
0.0679864
0.0693207
0.0706672
0.0720235
0.0733333
0.0745796
0.0754216
0.0142139
0.014104
0.013899
0.0137639
0.0137491
0.0138568
0.0140621
0.0143313
0.0146453
0.0150191
0.0153822
0.0156873
0.0159413
0.0161661
0.0163879
0.0166086
0.0168404
0.0170848
0.0173409
0.0176076
0.0178742
0.0181554
0.0184419
0.0187466
0.0190629
0.0193828
0.0197139
0.0200382
0.0203643
0.0206928
0.0210391
0.0214076
0.0217776
0.0221607
0.0225462
0.0229309
0.0233274
0.0237312
0.0241681
0.0246122
0.0250557
0.025513
0.0259486
0.0264382
0.0269382
0.0274125
0.0279424
0.0284305
0.0289582
0.0295643
0.0300289
0.0305883
0.0313063
0.0318057
0.0322863
0.0330267
0.033704
0.0342287
0.0349033
0.0356261
0.0362461
0.0369188
0.0376781
0.0383749
0.0391005
0.0398541
0.0406019
0.041386
0.0421969
0.0429714
0.0437931
0.0446634
0.0455154
0.046375
0.0472607
0.048186
0.0490971
0.0500496
0.0510038
0.0519953
0.0529916
0.0540112
0.055054
0.0561087
0.0572053
0.0583011
0.0594281
0.0605823
0.0617447
0.0629583
0.0641634
0.0654237
0.0666933
0.0679935
0.0693289
0.0706766
0.0720342
0.0733453
0.0745924
0.0754358
0.0139448
0.0136687
0.0133263
0.0130959
0.0130366
0.0131711
0.0134791
0.0138944
0.0143678
0.0148283
0.0152403
0.0155946
0.0158977
0.016159
0.0163991
0.0166308
0.0168606
0.0170992
0.0173465
0.0176081
0.0178746
0.0181523
0.018441
0.018741
0.0190566
0.0193728
0.0197037
0.020037
0.0203676
0.0207062
0.021051
0.0214181
0.0217899
0.0221745
0.0225651
0.0229458
0.0233455
0.023747
0.024176
0.0246253
0.0250668
0.0255325
0.0259756
0.0264432
0.0269482
0.0274231
0.0279456
0.0284649
0.0289609
0.029553
0.030076
0.0305838
0.0312743
0.0318613
0.0323156
0.0329926
0.0337194
0.0342672
0.0349021
0.0356293
0.0362678
0.0369222
0.0376755
0.0383845
0.0391082
0.0398602
0.040607
0.0413834
0.0422006
0.042979
0.0437942
0.0446598
0.0455192
0.0463811
0.0472622
0.0481908
0.0491042
0.0500559
0.0510121
0.0520049
0.0529995
0.0540177
0.0550605
0.0561157
0.0572122
0.0583064
0.0594333
0.060588
0.0617499
0.0629629
0.0641682
0.06543
0.0667003
0.0680024
0.0693386
0.0706877
0.0720469
0.0733587
0.0746064
0.0754493
0.0147381
0.0144064
0.013965
0.0135892
0.0133464
0.013283
0.0133887
0.0136448
0.0139859
0.014367
0.0147621
0.0151565
0.015534
0.0158825
0.0162001
0.016498
0.0167819
0.0170566
0.0173279
0.0176001
0.0178758
0.0181538
0.0184425
0.0187379
0.0190458
0.0193581
0.01968
0.0200159
0.0203498
0.0206993
0.0210499
0.0214178
0.0217977
0.022179
0.0225722
0.0229528
0.0233558
0.0237623
0.0241809
0.0246326
0.0250732
0.0255375
0.0259918
0.0264438
0.0269434
0.0274283
0.0279378
0.0284799
0.0289762
0.0295305
0.0300971
0.0306023
0.0312313
0.0318769
0.0323593
0.0329581
0.0336992
0.0342968
0.0348965
0.0356149
0.0362839
0.0369237
0.0376676
0.0383915
0.039112
0.0398662
0.0406148
0.0413786
0.0422037
0.0430052
0.0437999
0.044658
0.045526
0.0463892
0.047264
0.0481939
0.0491076
0.0500565
0.0510147
0.0520086
0.0530009
0.0540186
0.0550631
0.0561201
0.0572159
0.0583084
0.0594352
0.0605914
0.0617541
0.0629667
0.0641723
0.0654346
0.0667053
0.0680073
0.0693447
0.0706944
0.0720548
0.0733676
0.0746161
0.0754605
0.0126979
0.0130344
0.0134402
0.0137881
0.014063
0.0142452
0.0143397
0.0143845
0.0144526
0.0145816
0.0147846
0.0150622
0.015392
0.0157411
0.0160923
0.0164303
0.0167509
0.0170529
0.017341
0.0176201
0.0178986
0.0181788
0.0184645
0.0187571
0.0190543
0.0193612
0.0196724
0.0200024
0.0203421
0.020697
0.0210603
0.0214296
0.021817
0.0221936
0.0225787
0.0229655
0.0233661
0.023782
0.0241944
0.0246421
0.0250894
0.0255446
0.0260113
0.0264584
0.0269446
0.027442
0.0279405
0.028488
0.0290007
0.0295243
0.0300995
0.0306359
0.0312157
0.0318655
0.0324163
0.032965
0.0336713
0.0343337
0.0349154
0.0356012
0.0363067
0.0369344
0.0376591
0.0384014
0.0391151
0.0398705
0.0406284
0.0413724
0.0422
0.0430175
0.0438028
0.0446494
0.0455296
0.0463953
0.0472653
0.0481994
0.0491154
0.0500632
0.0510241
0.0520204
0.0530098
0.0540252
0.0550703
0.0561283
0.0572232
0.0583134
0.0594402
0.0605967
0.0617589
0.0629707
0.0641765
0.0654405
0.0667116
0.0680153
0.0693534
0.0707044
0.0720658
0.0733792
0.0746281
0.0754717
0.0147237
0.0143865
0.0138941
0.0134477
0.0131198
0.012939
0.0129554
0.0131712
0.0135131
0.0139223
0.014366
0.0148142
0.0152493
0.01566
0.0160421
0.0163963
0.0167252
0.0170328
0.0173217
0.0176009
0.0178774
0.0181608
0.0184484
0.0187425
0.0190388
0.0193425
0.0196532
0.0199777
0.0203243
0.0206832
0.0210561
0.0214326
0.0218202
0.022199
0.022573
0.0229677
0.0233687
0.023788
0.0242055
0.0246421
0.0250986
0.0255451
0.0260139
0.0264682
0.0269387
0.0274465
0.0279424
0.0284855
0.0290151
0.0295267
0.0300914
0.0306523
0.0312205
0.0318384
0.0324355
0.0329886
0.0336361
0.0343374
0.0349375
0.0355802
0.0363131
0.0369489
0.0376471
0.0384075
0.0391195
0.0398674
0.0406418
0.0413712
0.0421908
0.04303
0.0438106
0.0446431
0.0455336
0.0464033
0.0472654
0.0482008
0.0491182
0.0500623
0.0510244
0.0520232
0.053011
0.0540249
0.0550711
0.0561312
0.057226
0.0583147
0.0594413
0.060599
0.0617617
0.0629733
0.0641788
0.0654431
0.0667145
0.068018
0.0693569
0.0707083
0.0720705
0.0733847
0.0746343
0.0754789
0.0140672
0.0136334
0.0130743
0.0126035
0.0123317
0.0123029
0.0124858
0.0128262
0.0132746
0.0137814
0.0143016
0.0148014
0.0152651
0.0156903
0.0160757
0.0164253
0.0167443
0.0170434
0.0173251
0.0175993
0.017873
0.0181545
0.0184426
0.0187363
0.0190336
0.0193345
0.0196453
0.0199685
0.0203161
0.0206791
0.021054
0.0214367
0.0218222
0.0222019
0.0225725
0.0229661
0.0233716
0.0237876
0.0242111
0.0246441
0.0251017
0.025551
0.0260141
0.0264751
0.0269393
0.0274456
0.0279451
0.0284807
0.0290154
0.0295285
0.0300853
0.0306536
0.0312305
0.0318337
0.0324361
0.033013
0.0336366
0.0343339
0.0349586
0.0355818
0.0363124
0.0369629
0.0376457
0.0384073
0.0391263
0.0398659
0.0406484
0.0413774
0.0421858
0.0430322
0.0438169
0.0446389
0.0455318
0.0464092
0.0472689
0.0482055
0.049127
0.0500714
0.0510334
0.0520343
0.0530215
0.0540337
0.0550788
0.0561382
0.0572332
0.0583203
0.0594461
0.0606032
0.0617656
0.0629769
0.0641823
0.0654481
0.0667198
0.0680245
0.0693635
0.070716
0.0720788
0.0733934
0.0746438
0.0754886
)
;

boundaryField
{
    zeroGradientPlanes
    {
        type            zeroGradient;
    }
    inlet
    {
        type            zeroGradient;
    }
    plate
    {
        type            zeroGradient;
    }
    frontAndBack
    {
        type            empty;
    }
}


// ************************************************************************* //
