/*--------------------------------*- C++ -*----------------------------------*\
| =========                 |                                                 |
| \\      /  F ield         | OpenFOAM: The Open Source CFD Toolbox           |
|  \\    /   O peration     | Version:  v1812                                 |
|   \\  /    A nd           | Web:      www.OpenFOAM.com                      |
|    \\/     M anipulation  |                                                 |
\*---------------------------------------------------------------------------*/
FoamFile
{
    version     2.0;
    format      ascii;
    class       volScalarField;
    location    "6.6";
    object      p;
}
// * * * * * * * * * * * * * * * * * * * * * * * * * * * * * * * * * * * * * //

dimensions      [0 2 -2 0 0 0 0];


internalField   nonuniform List<scalar> 
9600
(
-2.06085e-10
0.000635261
-0.00580305
0.0010634
0.00688666
0.0019051
0.00214012
0.00773331
0.00525091
0.004517
0.0049118
0.00530926
0.00636409
0.0058018
0.00531482
0.00614422
0.00605199
0.00706522
0.00736475
0.00951369
-4.83081e-06
0.000619424
-0.00578264
0.00107369
0.00683398
0.00189818
0.00215084
0.00772451
0.00525307
0.00451614
0.0049127
0.00531859
0.00636064
0.00579093
0.00532261
0.00612389
0.00611386
0.00704234
0.00740009
0.0093701
-9.60754e-06
0.00059775
-0.00576714
0.0010762
0.00677791
0.00189605
0.00215737
0.00770687
0.00525889
0.00451159
0.00491661
0.00533292
0.0063524
0.00578137
0.0053315
0.00610359
0.00617802
0.0070015
0.00742848
0.00916384
-1.48638e-05
0.000570348
-0.00575373
0.0010964
0.006722
0.00190248
0.00216361
0.00768056
0.0052681
0.00450273
0.00491984
0.00535309
0.00634181
0.00577645
0.00533823
0.00608692
0.00623472
0.00695732
0.00743568
0.0089519
-2.10806e-05
0.000538254
-0.00573357
0.00113327
0.0066547
0.00192842
0.00217709
0.00764201
0.00528042
0.0044876
0.00492112
0.00537906
0.00632893
0.00577322
0.00534547
0.00607067
0.00628714
0.00691359
0.00742017
0.00874652
-2.82682e-05
0.000504939
-0.00569793
0.00117221
0.0065726
0.00197975
0.00220252
0.00758929
0.0052959
0.00446535
0.00492127
0.00540814
0.00631515
0.00577065
0.00535489
0.00605387
0.00633729
0.00687128
0.00738345
0.00855184
-3.61925e-05
0.000475136
-0.00564032
0.0011998
0.00647872
0.00205476
0.0022412
0.00752332
0.00531503
0.00443744
0.00492126
0.005439
0.0063027
0.00576793
0.00536595
0.00603781
0.00638459
0.00683044
0.00732948
0.00836771
-4.45119e-05
0.000452909
-0.00555726
0.00121049
0.0063796
0.0021454
0.00229154
0.00745447
0.00533804
0.00440651
0.00492178
0.00547136
0.00629223
0.00576383
0.00537755
0.00602303
0.006427
0.00679293
0.00726185
0.00819049
-5.27983e-05
0.000439669
-0.00544807
0.001206
0.00628153
0.00224139
0.00235039
0.00738644
0.00536498
0.0043751
0.00492304
0.00550451
0.00628313
0.00575769
0.00538857
0.00600951
0.00646319
0.00676025
0.00718192
0.00801677
-6.07394e-05
0.000436192
-0.00531401
0.00119307
0.00618842
0.00233317
0.00241396
0.00731985
0.00539585
0.00434508
0.00492473
0.00553722
0.00627491
0.00574943
0.00539784
0.00599753
0.00649237
0.00673178
0.00709079
0.00784536
-6.81404e-05
0.000442417
-0.00515778
0.00117902
0.00610114
0.0024151
0.00247868
0.00725552
0.00543032
0.00431744
0.00492635
0.00556855
0.00626734
0.00573912
0.00540451
0.00598747
0.00651357
0.00670589
0.00699115
0.00767565
-7.47942e-05
0.000457735
-0.00498323
0.00116866
0.00601811
0.00248545
0.00254192
0.00719324
0.00546742
0.00429243
0.00492767
0.00559812
0.00626008
0.00572716
0.00540811
0.00597942
0.00652636
0.00668109
0.00688607
0.00750583
-8.04639e-05
0.000480952
-0.00479476
0.0011637
0.00593692
0.00254464
0.0026022
0.00713244
0.00550593
0.00426978
0.00492865
0.00562605
0.00625277
0.00571443
0.00540832
0.00597324
0.00653138
0.00665537
0.00677756
0.00733393
-8.48815e-05
0.000510487
-0.00459654
0.00116328
0.00585559
0.00259413
0.00265912
0.00707272
0.0055448
0.00424883
0.00492919
0.00565285
0.00624518
0.00570184
0.00540484
0.0059687
0.00652985
0.00662611
0.00666703
0.00715964
-8.7772e-05
0.00054467
-0.00439189
0.00116677
0.00577301
0.00263566
0.00271311
0.00701397
0.00558321
0.0042289
0.00492916
0.00567926
0.00623703
0.00569002
0.00539767
0.00596522
0.00652313
0.0065911
0.00655581
0.00698408
-8.88695e-05
0.000582007
-0.004183
0.00117333
0.00568883
0.00267084
0.00276489
0.0069563
0.00562063
0.00420957
0.00492835
0.00570606
0.00622799
0.00567928
0.00538722
0.00596171
0.00651247
0.00654922
0.00644481
0.00680858
-8.79292e-05
0.000621304
-0.00397113
0.00118249
0.00560327
0.00270106
0.00281512
0.00689989
0.0056568
0.00419071
0.00492648
0.00573388
0.00621785
0.00566958
0.00537426
0.00595687
0.00649881
0.00650012
0.00633427
0.0066345
-8.47187e-05
0.00066166
-0.00375683
0.00119403
0.00551674
0.00272743
0.0028642
0.00684497
0.00569159
0.00417249
0.0049233
0.00576311
0.00620658
0.00566046
0.00535976
0.00594968
0.00648257
0.0064442
0.0062237
0.00646354
-7.90071e-05
0.000702424
-0.0035403
0.00120784
0.00542966
0.00275086
0.00291237
0.00679175
0.0057249
0.00415523
0.00491853
0.00579388
0.00619443
0.00565118
0.0053445
0.00593943
0.00646387
0.00638245
0.00611243
0.00629756
-7.05629e-05
0.000743126
-0.0033216
0.00122391
0.00534247
0.0027721
0.00295966
0.00674044
0.0057567
0.00413927
0.0049119
0.00582617
0.00618188
0.00564096
0.00532886
0.00592557
0.00644274
0.00631609
0.00599994
0.00613812
-5.91521e-05
0.000783417
-0.00310085
0.00124241
0.00525558
0.00279166
0.00300596
0.00669125
0.00578701
0.00412484
0.00490325
0.00585985
0.00616946
0.00562922
0.00531298
0.00590791
0.00641928
0.00624614
0.0058856
0.00598631
-4.45359e-05
0.000823072
-0.00287821
0.00126353
0.00516928
0.00280998
0.00305111
0.00664431
0.00581591
0.00411207
0.0048925
0.0058947
0.00615761
0.00561559
0.00529696
0.00588631
0.00639354
0.00617373
0.00576832
0.00584268
-2.64794e-05
0.000861974
-0.00265396
0.00128748
0.00508375
0.00282743
0.00309496
0.00659969
0.00584344
0.00410091
0.0048797
0.0059305
0.00614668
0.00559981
0.00528086
0.00586024
0.00636541
0.00610108
0.00564699
0.00570606
-4.76384e-06
0.000900112
-0.00242851
0.00131445
0.00499916
0.0028444
0.00313729
0.00655738
0.00586984
0.00409106
0.00486485
0.00596717
0.00613689
0.00558163
0.00526481
0.00582911
0.00633424
0.00603127
0.00552147
0.00557229
2.08209e-05
0.000937601
-0.00220238
0.0013446
0.00491563
0.00286121
0.00317785
0.00651714
0.00589559
0.00408226
0.00484767
0.00600477
0.00612855
0.00556058
0.00524914
0.00579315
0.00629878
0.00596687
0.00539377
0.00543465
5.04597e-05
0.000974641
-0.00197607
0.00137807
0.0048332
0.0028782
0.00321657
0.00647855
0.00592127
0.00407449
0.00482754
0.00604332
0.00612225
0.00553578
0.00523391
0.00575346
0.00625745
0.00590911
0.00526887
0.00528651
8.42952e-05
0.00101153
-0.00175019
0.001415
0.00475206
0.00289566
0.00325335
0.00644102
0.00594766
0.00406818
0.00480361
0.0060828
0.00611912
0.00550611
0.00521867
0.00571168
0.00620856
0.00585748
0.00515402
0.00512562
0.000122391
0.00104874
-0.00152537
0.00145545
0.00467251
0.00291383
0.00328831
0.00640384
0.00597501
0.004064
0.00477509
0.00612284
0.00612075
0.00547084
0.00520247
0.00567008
0.00615085
0.00580853
0.00505586
0.00495834
0.000164794
0.00108683
-0.00130218
0.00149945
0.00459488
0.00293286
0.00332181
0.0063663
0.00600319
0.00406269
0.00474115
0.00616224
0.00612884
0.00543008
0.00518382
0.00563146
0.00608486
0.00575583
0.00497704
0.00479906
0.00021143
0.0011264
-0.00108121
0.00154697
0.00451959
0.00295277
0.00335422
0.00632811
0.00603218
0.00406511
0.00470119
0.00619913
0.00614477
0.00538472
0.00516037
0.00559797
0.00601447
0.00569418
0.00491261
0.00466086
0.000262138
0.00116811
-0.000862895
0.00159789
0.00444705
0.00297348
0.00338607
0.00628914
0.00606165
0.0040722
0.00465527
0.00623138
0.00616895
0.0053361
0.00512956
0.00556978
0.00594501
0.00562351
0.00485311
0.00454878
0.000316817
0.00121269
-0.000647545
0.00165204
0.00437785
0.0029947
0.00341764
0.0062493
0.00609096
0.00408467
0.00460416
0.00625718
0.00620107
0.00528559
0.00508975
0.00554608
0.00587978
0.00554722
0.00479263
0.00445816
0.000375313
0.00126095
-0.000435323
0.00170924
0.0043126
0.00301597
0.00344874
0.0062094
0.00611946
0.00410295
0.00454868
0.00627508
0.00624107
0.00523451
0.0050395
0.00552697
0.00582079
0.00546708
0.00473083
0.00438194
0.000437454
0.00131567
-0.000226133
0.00176904
0.00425189
0.00303744
0.00347915
0.0061698
0.00614659
0.00412692
0.00448927
0.00628338
0.00628924
0.00518479
0.00497641
0.00551253
0.00577215
0.00538221
0.00466741
0.00431749
0.00050305
0.00137332
-1.95625e-05
0.00183085
0.00419626
0.00305955
0.00350854
0.00612484
0.0061722
0.00415628
0.0044262
0.00628029
0.00634562
0.00513937
0.00489724
0.00550019
0.00574116
0.00529329
0.00459736
0.00426473
0.000572013
0.00143532
0.000184956
0.00189422
0.00414599
0.00308275
0.00353639
0.00608063
0.00619672
0.00419089
0.00435996
0.00626397
0.00640944
0.00510235
0.00479991
0.00548328
0.0057343
0.00520783
0.00451326
0.00421961
0.000644292
0.0015017
0.000388205
0.00195875
0.00410107
0.00310806
0.00356173
0.00604404
0.00622103
0.00423097
0.00429121
0.0062325
0.00647883
0.00507892
0.00468518
0.00545242
0.00575263
0.00513958
0.00441142
0.00417122
0.000719954
0.00157211
0.000591181
0.0020242
0.00406097
0.00313684
0.00358366
0.00600877
0.00624649
0.00427694
0.00422057
0.00618405
0.0065512
0.0050746
0.00455677
0.00539841
0.00579037
0.00510197
0.00429756
0.00410754
0.000799303
0.00164564
0.000795017
0.00209077
0.00402442
0.00317052
0.00360219
0.00597491
0.00627419
0.00433011
0.00414857
0.00611624
0.00662299
0.00509451
0.00442098
0.00531369
0.00583692
0.00510401
0.00418544
0.00402008
0.000882715
0.00172131
0.00100081
0.00215935
0.00398956
0.00321059
0.00361844
0.00593739
0.00630376
0.00439236
0.00407677
0.00602657
0.00668884
0.00514273
0.00428722
0.005193
0.00587862
0.00515003
0.00409232
0.00390631
0.000970761
0.00179791
0.00120875
0.00223151
0.00395467
0.00325766
0.00363422
0.00589305
0.00633333
0.00446574
0.00400877
0.00591364
0.00674133
0.00522074
0.00416799
0.00503527
0.00589917
0.00523886
0.0040379
0.00377087
0.00106414
0.00187443
0.00141805
0.00230951
0.00391882
0.00331128
0.00365196
0.005841
0.00636076
0.00455133
0.00394925
0.00577844
0.00677206
0.00532533
0.00407683
0.00484636
0.00588109
0.00535962
0.00404194
0.00362963
0.00116361
0.00195017
0.00162727
0.0023963
0.00388146
0.00336945
0.00367434
0.00578092
0.00638294
0.00464847
0.00390368
0.00562546
0.00677265
0.00544775
0.00402534
0.00463991
0.00581177
0.00549077
0.00411697
0.00351169
0.00126988
0.00202483
0.00183444
0.00249508
0.00384299
0.00342843
0.00370456
0.00571461
0.00639529
0.00475402
0.00387776
0.00546171
0.00673745
0.00557654
0.00401961
0.00443285
0.00568977
0.00560803
0.00425837
0.00344917
0.00138343
0.00209845
0.00203687
0.00260836
0.00380501
0.00348407
0.00374481
0.00564394
0.006393
0.00486379
0.00387521
0.00529444
0.00666619
0.00570086
0.00405879
0.00424054
0.00552278
0.0056928
0.00444539
0.00346372
0.00150472
0.00217127
0.00223137
0.00273784
0.00377037
0.00353234
0.00379449
0.00557211
0.00637455
0.00497244
0.00389659
0.00513149
0.00656291
0.00581169
0.00413781
0.00407564
0.00532139
0.00573544
0.00465461
0.00355763
0.00163421
0.00224422
0.00241455
0.00288317
0.00374318
0.00357002
0.00385079
0.00550768
0.00634227
0.00507205
0.00393889
0.00498168
0.00643464
0.00590215
0.00424883
0.00394944
0.00509763
0.00572955
0.00486623
0.00371754
0.00177198
0.00231908
0.00258358
0.00304158
0.0037339
0.003596
0.00390963
0.00545686
0.00629877
0.00515601
0.00399719
0.00485159
0.00629138
0.00596921
0.00438187
0.00386988
0.00486748
0.00567017
0.00506225
0.00392592
0.00191779
0.00239791
0.00273665
0.00320916
0.00374635
0.00361069
0.00396415
0.00542489
0.00625165
0.00522452
0.00406322
0.00474025
0.00614247
0.00601473
0.00452816
0.00383783
0.00464802
0.00555898
0.00522444
0.00416568
0.00207122
0.00248277
0.00287278
0.00338085
0.00378413
0.00361599
0.00400582
0.00540765
0.00621249
0.00528186
0.00412989
0.00464583
0.00599245
0.0060424
0.00468322
0.00384887
0.00445079
0.00540577
0.00533811
0.00441899
0.00223136
0.00257602
0.00299241
0.00355041
0.00385002
0.00361959
0.00402865
0.00540173
0.0061884
0.00533339
0.00419553
0.00456608
0.00584213
0.00605202
0.00484322
0.00390054
0.00428444
0.00522448
0.00539651
0.00466794
0.00239685
0.00267977
0.00309736
0.00371135
0.00394409
0.0036302
0.00402918
0.00539294
0.0061806
0.00538998
0.00426299
0.00449786
0.00569238
0.00604123
0.00500142
0.00399165
0.00415893
0.00502964
0.00539831
0.00489466
0.0025663
0.00279542
0.00319131
0.0038577
0.00406226
0.00365844
0.00400854
0.00536648
0.00618459
0.00546265
0.00433717
0.00444028
0.00554352
0.00601042
0.00515023
0.00411627
0.00408292
0.00483829
0.00534638
0.00508194
0.00273837
0.00292365
0.00327943
0.00398473
0.00419662
0.00371278
0.00397462
0.00531278
0.00619325
0.0055561
0.00442792
0.00439752
0.00539464
0.00595965
0.00528502
0.0042645
0.00405843
0.0046698
0.00525259
0.00521566
0.00291168
0.00306459
0.00336744
0.00408896
0.00433753
0.00379925
0.00393853
0.00522758
0.00619203
0.00566778
0.00454529
0.00437625
0.00524829
0.00588608
0.00540178
0.00442879
0.00408017
0.00453758
0.0051372
0.00528957
0.00308535
0.00321694
0.00346074
0.00416964
0.00447364
0.00391973
0.00391588
0.00511395
0.00616421
0.00579276
0.00469267
0.00438527
0.00511394
0.00578954
0.00549351
0.00460404
0.00414285
0.00444565
0.00502082
0.00531098
0.00325954
0.0033804
0.00356125
0.00422712
0.00459495
0.0040707
0.00392372
0.00497592
0.00609786
0.00591648
0.00486732
0.00443017
0.00500083
0.00567806
0.0055526
0.00478067
0.00424351
0.00439404
0.00491713
0.00529838
0.00343344
0.00355469
0.00367047
0.00426539
0.00469565
0.00424169
0.00397138
0.00484025
0.00599302
0.00601716
0.00506465
0.00451428
0.00491613
0.00556286
0.00557865
0.00494489
0.00437658
0.00438415
0.00483246
0.00527057
0.00360392
0.00372912
0.00379431
0.00430023
0.00477287
0.00441684
0.00405887
0.00473158
0.00585874
0.00607681
0.00526984
0.00463792
0.0048666
0.00545132
0.00557787
0.00508701
0.00453136
0.00441902
0.004771
0.00523797
0.00377097
0.00390349
0.00393217
0.00433796
0.00482722
0.00458462
0.00417909
0.00466271
0.0057091
0.0060905
0.00546314
0.00479652
0.00486008
0.005351
0.00555554
0.00520455
0.00469448
0.0044975
0.00473935
0.00520249
0.0039355
0.0040747
0.00408036
0.00438474
0.00486505
0.00473787
0.00437453
0.00464324
0.00556615
0.0060646
0.00562922
0.00497844
0.00489966
0.00527447
0.00551752
0.00529707
0.00485526
0.00461169
0.00474764
0.00517026
0.00409711
0.00424002
0.0042359
0.00444581
0.00489257
0.00486828
0.00453633
0.00466707
0.00544724
0.00600791
0.00575974
0.00516836
0.00497927
0.00523333
0.00547538
0.00536368
0.00500508
0.00474793
0.00480115
0.00515854
0.00425657
0.00439968
0.0043941
0.00452141
0.00491687
0.00498401
0.00469954
0.00473074
0.00536279
0.00593493
0.00585277
0.00535463
0.00509155
0.00523021
0.0054434
0.0054093
0.00513749
0.00489112
0.00489152
0.00518328
0.00441389
0.00455409
0.00455019
0.00461066
0.00494372
0.00507118
0.0048555
0.00482424
0.00531635
0.00586239
0.00591261
0.00552828
0.00523069
0.00526421
0.00543102
0.00544513
0.00525301
0.00503313
0.00500286
0.00524388
0.00456854
0.0047015
0.00470256
0.0047122
0.00497741
0.00513626
0.00499865
0.00493655
0.00530775
0.00580262
0.00594712
0.00568076
0.00538817
0.00533573
0.00544171
0.00547931
0.00535575
0.00517305
0.00512609
0.00532974
0.00472058
0.00484487
0.00484835
0.00482148
0.00502081
0.00519154
0.00512546
0.00505946
0.00533386
0.00576488
0.00596748
0.00580926
0.00555017
0.00544164
0.00548294
0.00551898
0.00544879
0.00531044
0.0052596
0.00543416
0.00486791
0.00498046
0.00498808
0.00493738
0.00507586
0.00524575
0.00523615
0.00518463
0.00538878
0.00575448
0.00598718
0.00592006
0.00570787
0.00557314
0.00556185
0.00557611
0.00553687
0.00544292
0.00540105
0.00555415
0.0050125
0.00511282
0.00511672
0.00505279
0.00514202
0.00530113
0.00533203
0.00530776
0.00546533
0.00576986
0.00601383
0.00602105
0.00586281
0.00572169
0.00567626
0.00566368
0.0056307
0.00557121
0.00554724
0.00568751
0.00515082
0.00524
0.00523785
0.00516686
0.00521554
0.00533403
0.00541335
0.00542533
0.00555763
0.00580979
0.00605104
0.0061161
0.00601682
0.00588473
0.00581956
0.00578905
0.0057483
0.00570515
0.00569932
0.00583431
0.00527913
0.00535746
0.00535526
0.00527973
0.0052963
0.0053917
0.00548688
0.00553273
0.00565731
0.00587334
0.0061052
0.00621027
0.00617167
0.00606569
0.00599052
0.0059521
0.00590496
0.00586162
0.00586485
0.00599578
0.00540386
0.00547417
0.00545716
0.00537995
0.00538023
0.00545519
0.00555601
0.00563034
0.00575621
0.00595238
0.00617876
0.00631108
0.0063289
0.00626646
0.00619481
0.0061536
0.0061097
0.00606361
0.00606538
0.00618563
0.00551571
0.00558131
0.00555436
0.00547565
0.00546662
0.00551915
0.00561817
0.00571797
0.00585318
0.00603877
0.00626825
0.0064253
0.00649099
0.00648478
0.00643774
0.00639875
0.00636494
0.00632715
0.0063305
0.0064382
0.00561374
0.00567845
0.00564703
0.00556145
0.00554628
0.00558298
0.00567365
0.00578376
0.00593662
0.00612788
0.00636875
0.00656202
0.00667321
0.00672296
0.00671407
0.00667451
0.00664347
0.00662895
0.00664968
0.00677265
0.0056989
0.00577805
0.00573959
0.00565474
0.00564013
0.0056644
0.00573702
0.00583332
0.00598059
0.00619538
0.00648221
0.00675975
0.00697361
0.00712451
0.00720969
0.00720984
0.00715158
0.00704112
0.00693788
0.00692844
0.005769
0.00581258
0.00574285
0.00567858
0.00569126
0.00572406
0.00580534
0.00589289
0.00598188
0.00608685
0.00629249
0.00662514
0.00701935
0.00734242
0.00759001
0.00780707
0.00807948
0.00842085
0.00877094
0.0090417
0.00585439
0.00597788
0.00597038
0.00586306
0.00579227
0.00574422
0.00575835
0.00585143
0.00612027
0.00649774
0.00686767
0.00716094
0.00740758
0.00762009
0.00783268
0.00805145
0.00824559
0.00844696
0.00863283
0.00874518
0.00574404
0.00577381
0.00582621
0.00587044
0.00595602
0.00603417
0.00613126
0.00624508
0.00638763
0.00656797
0.00677562
0.006988
0.00722845
0.00748374
0.00775799
0.00809048
0.00847474
0.00888504
0.00926743
0.00953723
0.00593732
0.00609634
0.00614276
0.00609605
0.00609328
0.00613661
0.0062235
0.00631966
0.00648263
0.00670781
0.00701207
0.00730461
0.00755894
0.0077744
0.00790265
0.00793101
0.00786576
0.00770892
0.00751096
0.00734193
0.00578036
0.00582748
0.00597842
0.00610972
0.00622115
0.00628258
0.00636379
0.00643955
0.00659238
0.00678264
0.00699868
0.00723553
0.00747477
0.00774359
0.00805816
0.00840937
0.00880153
0.00919221
0.00952579
0.0097116
0.00590495
0.00614516
0.00631456
0.00637134
0.00643103
0.00648692
0.00656005
0.00658623
0.00670212
0.00688899
0.00711926
0.00739051
0.00765631
0.00790773
0.00816421
0.00840584
0.00863385
0.00883079
0.00897061
0.00899294
0.0119731
0.00838704
0.0025001
-0.00199026
-0.00272483
-0.00116992
0.000636826
0.00197977
0.00288607
0.00360525
0.00428346
0.00487023
0.00535933
0.00585082
0.00633718
0.00674664
0.00712116
0.00760037
0.00822936
0.00886911
0.0093731
0.0097644
0.0101606
0.0106497
0.0112058
0.0117141
0.0121422
0.012583
0.0130636
0.0135273
0.0140163
0.0146084
0.0152404
0.0158425
0.016425
0.0170091
0.0175848
0.018142
0.0186843
0.0192095
0.019736
0.0202749
0.0208021
0.0213168
0.0218714
0.0224794
0.0230927
0.0236815
0.0242966
0.0249756
0.0256588
0.026333
0.0270599
0.0278398
0.0285481
0.0291519
0.0297335
0.030402
0.0311894
0.0320442
0.0328952
0.0337347
0.0345569
0.0353498
0.0361668
0.036992
0.0378277
0.0387099
0.0396235
0.0405187
0.0414679
0.0424338
0.0434006
0.0443764
0.0453971
0.0464346
0.0474943
0.0485779
0.0496824
0.050817
0.0519697
0.0531771
0.0543544
0.0555711
0.056814
0.0581117
0.0594203
0.0607129
0.0620334
0.0633598
0.0647364
0.0661702
0.0675752
0.0690427
0.0704871
0.0719583
0.0734241
0.0748587
0.0761875
0.0773487
0.0115382
0.00827588
0.00259271
-0.00184142
-0.00263725
-0.00112707
0.000664475
0.00199859
0.00289896
0.00361483
0.00429148
0.00487732
0.00536553
0.00585639
0.00634231
0.00675115
0.00712485
0.00760332
0.00823201
0.00887174
0.00937558
0.00976653
0.0101624
0.0106511
0.0112072
0.0117155
0.0121435
0.0125841
0.0130648
0.0135284
0.0140172
0.0146093
0.0152413
0.0158434
0.0164259
0.0170099
0.0175857
0.0181428
0.0186851
0.0192103
0.0197368
0.0202756
0.0208029
0.0213175
0.021872
0.02248
0.0230933
0.0236821
0.0242971
0.0249761
0.0256593
0.0263334
0.0270603
0.0278402
0.0285486
0.0291523
0.0297338
0.0304023
0.0311897
0.0320445
0.0328955
0.033735
0.0345572
0.0353501
0.036167
0.0369923
0.0378279
0.0387101
0.0396237
0.0405189
0.0414681
0.042434
0.0434008
0.0443766
0.0453973
0.0464347
0.0474945
0.048578
0.0496825
0.0508171
0.0519698
0.0531773
0.0543546
0.0555712
0.0568142
0.0581118
0.0594204
0.0607131
0.0620335
0.0633599
0.0647365
0.0661703
0.0675753
0.0690428
0.0704872
0.0719584
0.0734242
0.0748588
0.0761875
0.0773487
0.0110455
0.00812151
0.00275909
-0.00157054
-0.00248803
-0.00107502
0.000690917
0.00202098
0.00291739
0.00362859
0.00430168
0.00488524
0.00537192
0.0058619
0.00634736
0.00675576
0.00712885
0.00760667
0.00823494
0.00887445
0.00937804
0.00976866
0.0101641
0.0106526
0.0112086
0.0117169
0.0121447
0.0125852
0.0130658
0.0135293
0.0140179
0.01461
0.0152422
0.0158443
0.0164267
0.0170107
0.0175864
0.0181435
0.0186858
0.0192109
0.0197374
0.0202763
0.0208035
0.0213181
0.0218726
0.0224806
0.0230939
0.0236826
0.0242975
0.0249765
0.0256597
0.0263338
0.0270607
0.0278406
0.028549
0.0291527
0.0297341
0.0304025
0.0311899
0.0320448
0.0328957
0.0337352
0.0345575
0.0353503
0.0361672
0.0369925
0.0378281
0.0387103
0.0396239
0.040519
0.0414682
0.0424341
0.043401
0.0443768
0.0453974
0.0464349
0.0474946
0.0485782
0.0496827
0.0508172
0.05197
0.0531774
0.0543547
0.0555713
0.0568143
0.0581119
0.0594206
0.0607132
0.0620336
0.06336
0.0647365
0.0661703
0.0675754
0.0690429
0.0704872
0.0719585
0.0734243
0.0748589
0.0761877
0.0773488
0.0105726
0.00797532
0.00298077
-0.00122029
-0.00228067
-0.00100213
0.000728381
0.00205463
0.00294599
0.00364989
0.00431676
0.0048964
0.00538075
0.00586901
0.00635335
0.00676156
0.0071348
0.00761213
0.00823927
0.00887782
0.00938106
0.00977165
0.0101669
0.010655
0.0112105
0.0117186
0.0121462
0.0125865
0.013067
0.0135302
0.0140186
0.0146107
0.0152431
0.0158451
0.0164275
0.0170114
0.0175871
0.0181443
0.0186866
0.0192117
0.019738
0.0202769
0.0208041
0.0213186
0.0218731
0.0224811
0.0230944
0.0236831
0.024298
0.024977
0.0256602
0.0263342
0.027061
0.027841
0.0285495
0.0291531
0.0297344
0.0304027
0.0311901
0.0320451
0.0328961
0.0337355
0.0345577
0.0353506
0.0361675
0.0369927
0.0378283
0.0387105
0.0396241
0.0405192
0.0414684
0.0424343
0.0434011
0.0443769
0.0453976
0.046435
0.0474947
0.0485783
0.0496828
0.0508174
0.0519701
0.0531775
0.0543548
0.0555714
0.0568144
0.058112
0.0594207
0.0607133
0.0620337
0.0633601
0.0647366
0.0661704
0.0675754
0.0690429
0.0704873
0.0719586
0.0734244
0.074859
0.0761879
0.077349
0.0101232
0.00783606
0.00321997
-0.000844217
-0.00204752
-0.00091769
0.000771761
0.00209622
0.00298374
0.0036791
0.00433769
0.00491209
0.00539357
0.00587916
0.00636125
0.00676927
0.00714365
0.0076208
0.00824572
0.00888203
0.00938476
0.00977607
0.0101716
0.0106589
0.0112134
0.0117209
0.0121484
0.0125885
0.0130686
0.0135313
0.0140194
0.0146115
0.0152439
0.0158461
0.0164285
0.0170123
0.0175878
0.018145
0.0186874
0.0192125
0.0197387
0.0202775
0.0208047
0.0213193
0.0218737
0.0224817
0.023095
0.0236837
0.0242985
0.0249775
0.0256607
0.0263346
0.0270614
0.0278415
0.0285501
0.0291536
0.0297347
0.0304029
0.0311904
0.0320455
0.0328964
0.0337358
0.0345581
0.0353509
0.0361677
0.0369929
0.0378285
0.0387107
0.0396243
0.0405194
0.0414685
0.0424345
0.0434013
0.044377
0.0453977
0.0464351
0.0474949
0.0485784
0.0496829
0.0508175
0.0519702
0.0531777
0.054355
0.0555715
0.0568145
0.0581121
0.0594208
0.0607134
0.0620338
0.0633602
0.0647367
0.0661705
0.0675755
0.069043
0.0704874
0.0719587
0.0734245
0.0748591
0.0761882
0.0773492
0.00969593
0.00768762
0.00345024
-0.000463532
-0.00179988
-0.00082648
0.000816217
0.00214053
0.00302618
0.00371294
0.00436241
0.00493127
0.00541007
0.0058926
0.00637156
0.0067793
0.00715568
0.00763292
0.00825443
0.00888698
0.00938896
0.00978194
0.0101786
0.0106648
0.0112175
0.0117243
0.012152
0.0125918
0.013071
0.013533
0.0140205
0.0146123
0.0152447
0.015847
0.0164295
0.017013
0.0175884
0.0181457
0.0186884
0.0192136
0.0197396
0.0202781
0.0208054
0.02132
0.0218745
0.0224823
0.0230956
0.0236843
0.0242991
0.0249781
0.0256612
0.0263351
0.027062
0.0278421
0.0285508
0.0291542
0.029735
0.030403
0.0311906
0.0320459
0.0328968
0.0337362
0.0345585
0.0353512
0.036168
0.0369932
0.0378287
0.0387109
0.0396245
0.0405196
0.0414687
0.0424347
0.0434015
0.0443772
0.0453979
0.0464353
0.047495
0.0485786
0.0496831
0.0508176
0.0519703
0.0531778
0.0543551
0.0555716
0.0568146
0.0581122
0.059421
0.0607135
0.0620339
0.0633603
0.0647368
0.0661707
0.0675756
0.0690431
0.0704876
0.0719588
0.0734247
0.0748594
0.0761886
0.0773496
0.00928864
0.00752228
0.00366347
-8.09133e-05
-0.00153685
-0.000727211
0.00086124
0.00218591
0.00307148
0.00374961
0.00438926
0.00495243
0.00542891
0.00590849
0.00638406
0.00679156
0.00717042
0.00764783
0.00826491
0.00889246
0.00939345
0.00978899
0.0101875
0.0106725
0.0112227
0.0117287
0.0121569
0.0125967
0.0130748
0.0135356
0.0140224
0.0146135
0.0152455
0.0158479
0.0164304
0.0170137
0.0175887
0.0181462
0.0186894
0.0192149
0.0197406
0.0202788
0.0208061
0.021321
0.0218755
0.0224831
0.0230962
0.0236851
0.0242999
0.0249787
0.0256618
0.0263357
0.0270627
0.0278429
0.0285515
0.0291548
0.0297354
0.0304033
0.0311909
0.0320463
0.0328973
0.0337366
0.0345589
0.0353516
0.0361684
0.0369936
0.037829
0.0387112
0.0396248
0.0405198
0.041469
0.0424349
0.0434017
0.0443774
0.0453981
0.0464355
0.0474952
0.0485787
0.0496832
0.0508178
0.0519705
0.053178
0.0543552
0.0555717
0.0568147
0.0581124
0.0594211
0.0607136
0.062034
0.0633604
0.0647369
0.0661708
0.0675758
0.0690433
0.0704877
0.0719589
0.0734249
0.0748597
0.0761892
0.07735
0.00890184
0.00734267
0.00385967
0.000303637
-0.00125707
-0.000617863
0.00090729
0.00223185
0.00311929
0.00378896
0.00441799
0.00497495
0.00544912
0.00592595
0.00639819
0.00680553
0.00718709
0.00766461
0.00827663
0.00889834
0.00939815
0.0097968
0.0101978
0.0106815
0.0112288
0.0117338
0.012163
0.012603
0.0130799
0.0135395
0.0140252
0.0146152
0.0152465
0.0158489
0.0164314
0.0170141
0.0175886
0.0181462
0.0186903
0.0192163
0.0197418
0.0202795
0.0208069
0.0213223
0.0218768
0.0224839
0.0230969
0.023686
0.0243008
0.0249793
0.0256623
0.0263364
0.0270635
0.0278436
0.0285524
0.0291556
0.0297359
0.0304036
0.0311913
0.0320468
0.0328978
0.0337371
0.0345595
0.0353521
0.0361688
0.036994
0.0378294
0.0387115
0.0396252
0.0405202
0.0414693
0.0424352
0.0434019
0.0443776
0.0453983
0.0464357
0.0474954
0.0485789
0.0496834
0.0508179
0.0519706
0.0531781
0.0543554
0.0555719
0.0568149
0.0581125
0.0594213
0.0607138
0.0620341
0.0633605
0.064737
0.0661709
0.0675759
0.0690434
0.0704879
0.071959
0.0734251
0.0748601
0.07619
0.0773506
0.00854009
0.0071561
0.00403813
0.00068652
-0.000961583
-0.000496865
0.000955115
0.002278
0.00316936
0.00383111
0.00444872
0.00499869
0.00547033
0.00594449
0.00641345
0.00682065
0.00720501
0.00768264
0.00828928
0.00890469
0.00940312
0.00980512
0.010209
0.0106914
0.0112353
0.0117392
0.0121698
0.0126104
0.0130862
0.0135446
0.0140291
0.0146176
0.0152479
0.0158502
0.0164325
0.0170143
0.017588
0.0181458
0.0186909
0.0192178
0.019743
0.0202802
0.0208079
0.021324
0.0218785
0.0224851
0.0230978
0.0236872
0.0243021
0.02498
0.0256627
0.026337
0.0270642
0.0278443
0.0285533
0.0291566
0.0297367
0.030404
0.0311917
0.0320474
0.0328984
0.0337376
0.0345601
0.0353527
0.0361693
0.0369945
0.0378299
0.038712
0.0396256
0.0405206
0.0414697
0.0424356
0.0434022
0.0443779
0.0453985
0.0464359
0.0474956
0.0485791
0.0496835
0.0508181
0.0519708
0.0531783
0.0543556
0.055572
0.056815
0.0581127
0.0594215
0.0607139
0.0620343
0.0633607
0.0647371
0.0661711
0.067576
0.0690435
0.0704881
0.0719591
0.0734255
0.0748606
0.076191
0.0773514
0.00820835
0.00696791
0.00419568
0.00106254
-0.000652031
-0.000362594
0.00100549
0.00232365
0.00322099
0.00387592
0.00448156
0.00502373
0.00549249
0.00596394
0.00642957
0.0068366
0.00722386
0.00770172
0.00830284
0.00891162
0.00940842
0.00981383
0.0102208
0.0107019
0.0112422
0.0117449
0.0121768
0.0126182
0.0130932
0.0135506
0.014034
0.0146207
0.0152496
0.0158516
0.0164337
0.0170146
0.0175871
0.0181448
0.018691
0.019219
0.0197442
0.0202809
0.0208089
0.0213261
0.0218808
0.0224865
0.0230989
0.0236888
0.0243038
0.024981
0.0256631
0.0263376
0.0270648
0.0278448
0.028554
0.0291577
0.0297376
0.0304047
0.0311924
0.032048
0.0328989
0.033738
0.0345606
0.0353534
0.0361699
0.0369951
0.0378306
0.0387126
0.0396262
0.0405212
0.0414703
0.0424361
0.0434026
0.0443783
0.0453989
0.0464363
0.0474959
0.0485794
0.0496837
0.0508183
0.0519709
0.0531785
0.0543557
0.0555721
0.0568151
0.0581128
0.0594217
0.0607141
0.0620344
0.0633608
0.0647373
0.0661712
0.0675762
0.0690437
0.0704883
0.0719593
0.0734258
0.0748614
0.0761922
0.0773523
0.00790758
0.00678101
0.00433036
0.00142784
-0.000330381
-0.000213992
0.00105894
0.00236795
0.0032733
0.00392328
0.00451682
0.0050504
0.00551579
0.00598434
0.00644652
0.00685334
0.00724365
0.0077219
0.0083174
0.00891918
0.00941409
0.00982289
0.010233
0.010713
0.0112496
0.0117508
0.0121841
0.0126263
0.0131006
0.0135571
0.0140397
0.0146246
0.0152518
0.0158533
0.0164352
0.017015
0.0175862
0.0181434
0.0186907
0.0192199
0.0197452
0.0202815
0.02081
0.0213283
0.0218833
0.0224882
0.0231002
0.0236908
0.0243059
0.0249822
0.0256638
0.0263382
0.0270651
0.0278447
0.0285542
0.0291586
0.0297388
0.0304058
0.0311934
0.032049
0.0328994
0.0337383
0.0345611
0.035354
0.0361705
0.0369958
0.0378313
0.0387132
0.0396268
0.0405219
0.0414709
0.0424367
0.0434032
0.0443788
0.0453994
0.0464367
0.0474962
0.0485797
0.049684
0.0508185
0.0519712
0.0531787
0.0543559
0.0555723
0.0568153
0.058113
0.0594219
0.0607143
0.0620346
0.063361
0.0647374
0.0661714
0.0675763
0.0690439
0.0704886
0.0719594
0.0734263
0.0748623
0.0761936
0.0773535
0.00763543
0.00659884
0.00444312
0.00177914
1.19301e-07
-5.06211e-05
0.00111659
0.00241077
0.00332575
0.00397315
0.00455481
0.00507906
0.00554043
0.00600577
0.00646437
0.00687098
0.00726453
0.00774334
0.00833306
0.00892742
0.00942013
0.00983233
0.0102458
0.0107246
0.0112573
0.0117569
0.0121916
0.0126346
0.0131081
0.0135641
0.014046
0.014629
0.0152543
0.0158552
0.0164369
0.0170156
0.0175852
0.0181418
0.01869
0.0192205
0.019746
0.0202819
0.020811
0.0213308
0.0218862
0.0224902
0.0231018
0.0236931
0.0243084
0.0249839
0.0256647
0.026339
0.0270653
0.027844
0.0285538
0.029159
0.0297397
0.030407
0.0311948
0.0320503
0.0329002
0.0337385
0.0345614
0.0353545
0.036171
0.0369965
0.0378322
0.038714
0.0396275
0.0405227
0.0414717
0.0424374
0.0434039
0.0443796
0.0454001
0.0464373
0.0474967
0.0485801
0.0496844
0.0508188
0.0519714
0.053179
0.0543561
0.0555724
0.0568154
0.0581132
0.0594222
0.0607145
0.0620347
0.0633611
0.0647376
0.0661716
0.0675765
0.069044
0.0704889
0.0719595
0.0734268
0.0748634
0.0761953
0.0773548
0.00738913
0.00642588
0.00453572
0.00211242
0.000335785
0.000128578
0.00118088
0.00245278
0.00337787
0.00402523
0.00459565
0.00510989
0.00556659
0.00602842
0.00648327
0.00688965
0.00728659
0.00776613
0.00834992
0.00893643
0.0094266
0.00984217
0.0102592
0.0107368
0.0112654
0.0117632
0.0121993
0.0126431
0.0131159
0.0135715
0.0140529
0.014634
0.0152572
0.0158573
0.0164387
0.0170163
0.0175842
0.01814
0.0186891
0.0192209
0.0197467
0.0202821
0.0208119
0.0213333
0.0218892
0.0224923
0.0231034
0.0236955
0.0243112
0.0249858
0.025666
0.0263401
0.0270655
0.0278429
0.0285526
0.0291587
0.0297401
0.0304081
0.0311966
0.0320523
0.0329014
0.0337388
0.0345614
0.0353547
0.0361713
0.036997
0.037833
0.0387148
0.0396283
0.0405236
0.0414726
0.0424381
0.0434047
0.0443805
0.045401
0.046438
0.0474974
0.0485807
0.0496848
0.0508192
0.0519718
0.0531793
0.0543563
0.0555726
0.0568156
0.0581133
0.0594224
0.0607147
0.0620349
0.0633613
0.0647377
0.0661717
0.0675767
0.0690442
0.0704893
0.0719596
0.0734274
0.0748648
0.0761973
0.0773564
0.00716588
0.00626522
0.00460911
0.00242403
0.00067409
0.000325494
0.00125472
0.00249483
0.00342895
0.00407884
0.00463925
0.00514315
0.00559456
0.00605252
0.00650339
0.00690945
0.00730991
0.00779035
0.00836809
0.00894631
0.00943357
0.00985246
0.010273
0.0107495
0.0112739
0.0117698
0.0122072
0.0126519
0.0131239
0.0135793
0.0140606
0.0146398
0.0152605
0.0158594
0.0164405
0.0170172
0.0175834
0.0181383
0.018688
0.0192211
0.0197472
0.0202824
0.0208128
0.0213359
0.0218924
0.0224946
0.0231052
0.0236981
0.0243143
0.024988
0.0256675
0.0263413
0.0270656
0.0278413
0.0285506
0.0291576
0.0297398
0.0304088
0.0311984
0.0320547
0.032903
0.0337392
0.0345613
0.0353546
0.0361713
0.0369973
0.0378337
0.0387155
0.0396291
0.0405246
0.0414736
0.0424389
0.0434056
0.0443816
0.0454021
0.046439
0.0474982
0.0485814
0.0496854
0.0508197
0.0519723
0.0531798
0.0543566
0.0555727
0.0568157
0.0581134
0.0594227
0.060715
0.0620351
0.0633615
0.0647379
0.0661718
0.0675769
0.0690443
0.0704897
0.0719597
0.0734281
0.0748664
0.0761996
0.0773582
0.00696177
0.00611767
0.00466505
0.00271251
0.00101329
0.00054137
0.00134062
0.00253792
0.00347842
0.00413323
0.00468551
0.00517917
0.00562475
0.00607837
0.00652491
0.00693045
0.00733453
0.00781608
0.00838766
0.00895712
0.00944106
0.0098632
0.0102875
0.0107628
0.0112828
0.0117767
0.0122154
0.0126609
0.0131324
0.0135879
0.0140692
0.0146464
0.0152643
0.0158618
0.0164425
0.0170181
0.0175827
0.0181365
0.0186869
0.0192213
0.0197478
0.0202826
0.0208138
0.0213385
0.0218957
0.022497
0.023107
0.0237008
0.0243174
0.0249904
0.0256692
0.0263427
0.0270657
0.0278393
0.0285481
0.0291557
0.0297389
0.0304089
0.0312
0.0320573
0.0329051
0.0337398
0.0345611
0.0353543
0.036171
0.0369975
0.0378344
0.0387162
0.0396298
0.0405256
0.0414746
0.0424396
0.0434064
0.0443827
0.0454033
0.0464402
0.0474992
0.0485823
0.0496861
0.0508203
0.0519728
0.0531803
0.0543571
0.055573
0.0568158
0.0581134
0.0594229
0.0607153
0.0620353
0.0633618
0.064738
0.0661719
0.067577
0.0690444
0.0704901
0.0719598
0.0734288
0.0748682
0.076202
0.0773602
0.00677231
0.00598317
0.00470733
0.00297799
0.00135074
0.000775837
0.0014409
0.00258374
0.00352613
0.0041876
0.00473411
0.00521819
0.00565759
0.0061063
0.00654802
0.00695277
0.00736053
0.00784337
0.00840867
0.00896889
0.0094491
0.00987447
0.0103026
0.0107768
0.0112921
0.0117839
0.0122238
0.0126703
0.0131414
0.0135974
0.014079
0.014654
0.0152685
0.0158642
0.0164445
0.0170192
0.0175822
0.0181349
0.0186857
0.0192216
0.0197485
0.0202828
0.0208147
0.0213413
0.0218991
0.0224994
0.0231089
0.0237036
0.0243207
0.0249929
0.025671
0.0263443
0.0270657
0.0278369
0.0285449
0.0291534
0.0297376
0.0304086
0.0312012
0.0320598
0.0329072
0.0337405
0.0345607
0.0353538
0.0361706
0.0369975
0.037835
0.0387169
0.0396306
0.0405267
0.0414756
0.0424403
0.0434072
0.0443838
0.0454047
0.0464416
0.0475004
0.0485833
0.049687
0.050821
0.0519734
0.0531808
0.0543577
0.0555735
0.0568159
0.0581133
0.059423
0.0607155
0.0620357
0.0633621
0.0647383
0.0661719
0.0675771
0.0690444
0.0704906
0.0719599
0.0734296
0.0748703
0.0762047
0.0773624
0.00659419
0.00586199
0.0047405
0.00322065
0.00168267
0.00102731
0.001558
0.00263471
0.00357235
0.00424105
0.00478447
0.00526033
0.00569351
0.00613667
0.00657289
0.00697647
0.00738794
0.00787224
0.00843112
0.00898164
0.00945775
0.00988632
0.0103185
0.0107914
0.0113019
0.0117913
0.0122326
0.0126801
0.0131512
0.013608
0.0140901
0.0146626
0.0152733
0.0158669
0.0164466
0.0170204
0.0175817
0.0181333
0.0186847
0.0192219
0.0197492
0.0202831
0.0208157
0.0213441
0.0219028
0.022502
0.0231108
0.0237064
0.0243241
0.0249955
0.0256729
0.0263459
0.0270658
0.0278343
0.0285412
0.0291508
0.0297365
0.0304083
0.0312022
0.0320618
0.0329091
0.0337412
0.0345602
0.0353531
0.0361701
0.0369975
0.0378356
0.0387175
0.0396313
0.0405278
0.0414767
0.042441
0.0434079
0.0443849
0.0454061
0.046443
0.0475017
0.0485844
0.0496881
0.0508218
0.051974
0.0531814
0.0543584
0.0555741
0.0568162
0.0581132
0.0594229
0.0607156
0.062036
0.0633626
0.0647386
0.066172
0.0675772
0.0690443
0.070491
0.07196
0.0734305
0.0748725
0.0762076
0.0773647
0.00642583
0.00575401
0.00476819
0.0034409
0.00200526
0.0012932
0.00169401
0.0026935
0.00361769
0.00429271
0.00483581
0.00530554
0.00573288
0.00616983
0.00659967
0.0070016
0.00741677
0.00790268
0.00845503
0.00899542
0.00946707
0.00989881
0.010335
0.0108066
0.0113122
0.0117991
0.0122418
0.0126906
0.0131617
0.0136196
0.0141024
0.0146722
0.0152786
0.0158698
0.0164489
0.0170217
0.0175813
0.0181318
0.0186837
0.0192223
0.01975
0.0202834
0.0208167
0.0213471
0.0219065
0.0225047
0.0231128
0.0237093
0.0243277
0.0249982
0.0256748
0.0263477
0.0270659
0.0278315
0.0285371
0.0291482
0.029736
0.0304087
0.0312032
0.0320635
0.0329106
0.0337417
0.0345596
0.0353523
0.0361696
0.0369976
0.0378363
0.0387183
0.0396321
0.040529
0.0414779
0.0424418
0.0434086
0.0443859
0.0454075
0.0464446
0.0475031
0.0485857
0.0496892
0.0508228
0.0519747
0.053182
0.0543591
0.0555749
0.0568165
0.058113
0.0594227
0.0607157
0.0620363
0.0633631
0.064739
0.066172
0.0675773
0.0690441
0.0704914
0.07196
0.0734314
0.074875
0.0762106
0.0773672
0.00626673
0.00565805
0.00479297
0.00364029
0.00231538
0.00156976
0.00185006
0.00276273
0.00366328
0.00434207
0.00488723
0.00535356
0.00577596
0.00620616
0.00662854
0.00702813
0.00744696
0.00793466
0.00848041
0.00901029
0.00947714
0.00991199
0.0103524
0.0108227
0.011323
0.0118073
0.0122515
0.0127018
0.0131731
0.0136323
0.0141157
0.0146825
0.0152843
0.0158729
0.0164513
0.0170232
0.017581
0.0181304
0.0186827
0.0192228
0.0197509
0.0202838
0.0208177
0.0213501
0.0219104
0.0225076
0.0231149
0.0237123
0.0243313
0.0250009
0.0256768
0.0263496
0.027066
0.0278286
0.0285329
0.0291459
0.0297364
0.0304101
0.0312047
0.0320649
0.0329116
0.0337419
0.0345587
0.0353514
0.0361693
0.0369979
0.0378372
0.0387192
0.0396331
0.0405302
0.0414791
0.0424426
0.0434093
0.0443869
0.0454088
0.0464461
0.0475045
0.048587
0.0496904
0.0508239
0.0519755
0.0531825
0.0543598
0.0555757
0.056817
0.0581128
0.0594224
0.0607156
0.0620366
0.0633637
0.0647395
0.0661721
0.0675775
0.069044
0.0704918
0.0719601
0.0734323
0.0748776
0.0762138
0.0773697
0.00611663
0.0055722
0.00481693
0.00382151
0.00261039
0.00185238
0.00202617
0.00284504
0.00371093
0.00438894
0.00493773
0.00540384
0.0058229
0.006246
0.00665971
0.00705605
0.00747843
0.00796812
0.00850723
0.00902631
0.00948804
0.00992592
0.0103705
0.0108394
0.0113344
0.011816
0.0122617
0.0127136
0.0131854
0.0136459
0.0141298
0.0146935
0.0152904
0.0158763
0.016454
0.0170248
0.0175808
0.018129
0.0186819
0.0192234
0.019752
0.0202842
0.0208188
0.0213532
0.0219145
0.0225106
0.0231171
0.0237154
0.0243351
0.0250038
0.0256789
0.0263516
0.0270663
0.0278257
0.0285287
0.029144
0.0297382
0.0304132
0.031207
0.0320661
0.0329123
0.0337418
0.0345577
0.0353507
0.0361692
0.0369985
0.0378384
0.0387204
0.0396341
0.0405315
0.0414803
0.0424434
0.0434101
0.044388
0.0454102
0.0464476
0.047506
0.0485883
0.0496917
0.050825
0.0519763
0.053183
0.0543606
0.0555767
0.0568176
0.0581127
0.059422
0.0607154
0.0620368
0.0633644
0.06474
0.0661722
0.0675776
0.0690438
0.0704922
0.0719601
0.0734333
0.0748805
0.0762172
0.0773724
0.00597583
0.00549421
0.00484145
0.00398796
0.00288831
0.00213625
0.0022214
0.00294296
0.00376292
0.00443365
0.00498642
0.00545563
0.00587364
0.0062896
0.00669337
0.00708536
0.00751109
0.00800303
0.00853552
0.00904351
0.00949986
0.00994067
0.0103895
0.010857
0.0113464
0.0118251
0.0122725
0.0127262
0.0131983
0.0136601
0.0141446
0.014705
0.0152968
0.01588
0.016457
0.0170266
0.0175807
0.0181276
0.0186811
0.0192242
0.0197531
0.0202846
0.0208199
0.0213565
0.0219189
0.0225137
0.0231194
0.0237187
0.024339
0.0250067
0.0256809
0.0263536
0.0270667
0.0278228
0.0285245
0.0291428
0.0297414
0.030418
0.0312105
0.0320675
0.0329126
0.0337415
0.0345566
0.0353501
0.0361694
0.0369994
0.0378398
0.0387217
0.0396353
0.040533
0.0414816
0.0424443
0.0434111
0.0443893
0.0454116
0.0464491
0.0475075
0.0485897
0.0496931
0.0508263
0.0519772
0.0531834
0.0543613
0.0555777
0.0568184
0.0581126
0.0594216
0.0607151
0.0620371
0.063365
0.0647407
0.0661723
0.0675777
0.0690436
0.0704926
0.0719602
0.0734343
0.0748835
0.0762208
0.0773752
0.00584615
0.00542183
0.00486607
0.00414317
0.00314864
0.00241694
0.00243374
0.00305857
0.00382169
0.00447707
0.00503272
0.00550804
0.00592786
0.00633705
0.00672968
0.00711618
0.00754494
0.00803936
0.00856527
0.00906189
0.00951263
0.00995631
0.0104094
0.0108754
0.011359
0.0118347
0.0122839
0.0127395
0.013212
0.0136749
0.0141598
0.0147168
0.0153036
0.0158841
0.0164603
0.0170287
0.0175806
0.0181263
0.0186804
0.0192252
0.0197544
0.0202851
0.0208211
0.02136
0.0219234
0.022517
0.0231218
0.023722
0.0243431
0.0250098
0.025683
0.0263557
0.0270673
0.0278201
0.0285204
0.029142
0.0297458
0.0304244
0.031215
0.032069
0.0329128
0.0337409
0.0345555
0.0353497
0.0361698
0.0370004
0.0378414
0.0387232
0.0396366
0.0405345
0.0414829
0.0424452
0.0434122
0.0443907
0.0454131
0.0464506
0.0475091
0.0485911
0.0496945
0.0508276
0.0519781
0.0531839
0.054362
0.0555788
0.0568193
0.0581126
0.0594211
0.0607148
0.0620373
0.0633657
0.0647413
0.0661725
0.0675779
0.0690434
0.070493
0.0719603
0.0734354
0.0748867
0.0762246
0.0773782
0.0057312
0.00535398
0.00488796
0.00429021
0.00339316
0.00269062
0.00265997
0.00319342
0.00388981
0.00452062
0.00507636
0.00556
0.00598489
0.00638836
0.00676891
0.00714874
0.00758006
0.00807706
0.00859646
0.00908147
0.00952637
0.00997292
0.0104303
0.0108947
0.0113723
0.0118449
0.0122959
0.0127536
0.0132262
0.0136901
0.0141755
0.014729
0.0153107
0.0158885
0.016464
0.017031
0.0175807
0.018125
0.0186799
0.0192264
0.0197559
0.0202856
0.0208223
0.0213636
0.0219282
0.0225206
0.0231243
0.0237255
0.0243474
0.0250129
0.0256852
0.0263579
0.0270679
0.0278174
0.0285165
0.0291417
0.029751
0.030432
0.0312204
0.0320708
0.0329128
0.0337401
0.0345545
0.0353494
0.0361704
0.0370016
0.0378432
0.0387249
0.039638
0.0405361
0.0414844
0.0424462
0.0434134
0.0443922
0.0454146
0.0464522
0.0475107
0.0485926
0.049696
0.050829
0.0519792
0.0531844
0.0543627
0.0555799
0.0568202
0.0581127
0.0594207
0.0607144
0.0620375
0.0633664
0.0647421
0.0661727
0.067578
0.0690432
0.0704934
0.0719605
0.0734366
0.0748899
0.0762287
0.0773813
0.0056343
0.00529327
0.00490343
0.00443029
0.00362566
0.00295438
0.00289543
0.00334833
0.00396997
0.00456602
0.00511745
0.00561056
0.00604386
0.00644347
0.00681131
0.00718325
0.00761656
0.00811612
0.00862907
0.00910228
0.00954111
0.00999051
0.0104522
0.0109149
0.0113864
0.0118557
0.0123087
0.0127685
0.0132411
0.0137056
0.0141914
0.0147416
0.0153182
0.0158933
0.016468
0.0170336
0.0175809
0.0181238
0.0186795
0.0192278
0.0197575
0.0202863
0.0208236
0.0213674
0.0219332
0.0225243
0.023127
0.0237291
0.0243518
0.0250161
0.0256873
0.02636
0.0270687
0.0278148
0.0285126
0.0291416
0.0297569
0.0304406
0.0312265
0.0320728
0.0329127
0.0337392
0.0345535
0.0353492
0.0361712
0.037003
0.0378451
0.0387267
0.0396394
0.0405379
0.0414859
0.0424472
0.0434148
0.044394
0.0454163
0.0464538
0.0475123
0.0485942
0.0496976
0.0508305
0.0519804
0.0531849
0.0543634
0.0555811
0.0568213
0.0581129
0.0594203
0.0607141
0.0620378
0.0633671
0.0647428
0.0661729
0.0675782
0.069043
0.0704939
0.0719607
0.0734378
0.0748933
0.0762329
0.0773847
0.00555491
0.00524736
0.00491062
0.00456101
0.00385066
0.00320719
0.00313442
0.00352303
0.00406488
0.00461506
0.00515654
0.0056592
0.00610391
0.00650209
0.00685703
0.00721986
0.00765461
0.0081567
0.00866316
0.00912438
0.00955686
0.0100091
0.0104752
0.0109362
0.0114012
0.0118672
0.0123223
0.0127842
0.0132566
0.0137216
0.0142076
0.0147544
0.015326
0.0158985
0.0164724
0.0170364
0.0175812
0.0181226
0.0186792
0.0192294
0.0197593
0.020287
0.0208249
0.0213714
0.0219385
0.0225282
0.0231297
0.0237329
0.0243564
0.0250195
0.0256895
0.0263622
0.0270696
0.0278124
0.0285089
0.0291417
0.0297632
0.0304497
0.0312331
0.032075
0.0329126
0.0337382
0.0345524
0.0353491
0.036172
0.0370044
0.0378471
0.0387286
0.0396409
0.0405397
0.0414875
0.0424484
0.0434162
0.0443958
0.0454181
0.0464555
0.0475141
0.0485958
0.0496992
0.0508321
0.0519817
0.0531855
0.0543642
0.0555823
0.0568224
0.0581131
0.0594199
0.0607139
0.0620381
0.0633678
0.0647436
0.0661731
0.0675784
0.0690428
0.0704943
0.0719611
0.0734392
0.0748969
0.0762374
0.0773882
0.00548594
0.00522573
0.00491323
0.00467634
0.00407112
0.00345082
0.00337126
0.00371563
0.00417719
0.00466958
0.00519459
0.00570593
0.00616425
0.00656356
0.00690604
0.00725872
0.0076944
0.00819907
0.00869887
0.00914775
0.00957361
0.0100286
0.0104995
0.0109587
0.0114169
0.0118793
0.0123366
0.0128007
0.0132727
0.0137379
0.0142241
0.0147676
0.0153343
0.0159041
0.0164772
0.0170396
0.0175816
0.0181216
0.0186791
0.0192312
0.0197613
0.0202878
0.0208263
0.0213756
0.021944
0.0225323
0.0231326
0.0237368
0.0243612
0.0250229
0.0256917
0.0263644
0.0270706
0.02781
0.0285053
0.029142
0.0297697
0.0304591
0.0312398
0.0320772
0.0329126
0.0337373
0.0345515
0.0353491
0.0361729
0.0370058
0.0378492
0.0387306
0.0396425
0.0405415
0.0414892
0.0424495
0.0434178
0.0443977
0.04542
0.0464572
0.0475159
0.0485975
0.0497009
0.0508339
0.051983
0.0531862
0.0543651
0.0555836
0.0568236
0.0581134
0.0594196
0.0607137
0.0620385
0.0633686
0.0647443
0.0661734
0.0675786
0.0690427
0.0704949
0.0719616
0.0734406
0.0749006
0.0762421
0.0773919
0.00541473
0.00523339
0.00492167
0.00477058
0.00428621
0.00369009
0.00360158
0.00392176
0.00430946
0.00473197
0.00523256
0.00575105
0.00622429
0.00662703
0.00695813
0.00730001
0.00773612
0.00824348
0.00873645
0.00917242
0.00959134
0.0100492
0.0105249
0.0109824
0.0114336
0.0118922
0.0123517
0.0128181
0.0132895
0.0137546
0.014241
0.0147812
0.0153429
0.0159101
0.0164825
0.0170431
0.0175823
0.0181206
0.0186791
0.0192332
0.0197635
0.0202887
0.0208278
0.02138
0.0219498
0.0225366
0.0231356
0.0237408
0.0243662
0.0250265
0.0256939
0.0263666
0.0270717
0.0278077
0.0285017
0.0291424
0.0297762
0.0304685
0.0312466
0.0320796
0.0329126
0.0337363
0.0345505
0.0353491
0.0361739
0.0370073
0.0378514
0.0387326
0.0396441
0.0405435
0.0414909
0.0424508
0.0434194
0.0443998
0.0454219
0.0464591
0.0475179
0.0485993
0.0497026
0.0508356
0.0519845
0.053187
0.0543659
0.0555849
0.0568248
0.0581137
0.0594192
0.0607136
0.062039
0.0633693
0.0647452
0.0661736
0.0675789
0.0690425
0.0704954
0.0719623
0.0734421
0.0749046
0.076247
0.0773958
0.00532694
0.00526345
0.0049495
0.0048436
0.00448993
0.00393095
0.00382414
0.00413435
0.00446323
0.0048057
0.00527109
0.00579494
0.00628389
0.00669174
0.00701288
0.00734382
0.00777993
0.00829012
0.00877622
0.00919858
0.00961
0.0100707
0.0105515
0.0110075
0.0114513
0.0119059
0.0123677
0.0128364
0.013307
0.0137717
0.0142582
0.0147952
0.0153519
0.0159165
0.0164882
0.0170469
0.0175831
0.0181198
0.0186794
0.0192356
0.019766
0.0202896
0.0208293
0.0213845
0.0219559
0.0225411
0.0231387
0.0237449
0.0243713
0.0250303
0.0256962
0.0263689
0.0270728
0.0278056
0.0284983
0.0291429
0.0297827
0.0304779
0.0312535
0.0320821
0.0329126
0.0337354
0.0345495
0.0353492
0.0361748
0.0370088
0.0378536
0.0387347
0.0396458
0.0405455
0.0414928
0.0424521
0.0434211
0.0444019
0.0454239
0.046461
0.0475198
0.0486011
0.0497045
0.0508375
0.051986
0.0531879
0.0543669
0.0555863
0.0568261
0.058114
0.0594189
0.0607136
0.0620395
0.0633702
0.064746
0.0661738
0.0675792
0.0690423
0.070496
0.071963
0.0734437
0.0749087
0.0762523
0.0773999
0.00521433
0.005299
0.00500803
0.00490417
0.00467256
0.00417646
0.00404287
0.00434542
0.00463725
0.00489526
0.00531095
0.0058377
0.00634352
0.00675731
0.00706958
0.00738989
0.00782594
0.00833922
0.00881848
0.00922654
0.00962962
0.0100931
0.0105794
0.0110339
0.0114701
0.0119204
0.0123846
0.0128557
0.0133252
0.0137893
0.0142759
0.0148096
0.0153614
0.0159234
0.0164943
0.0170511
0.0175842
0.0181192
0.0186798
0.0192382
0.0197687
0.0202907
0.0208309
0.0213892
0.0219622
0.0225458
0.0231418
0.0237491
0.0243767
0.0250342
0.0256985
0.0263712
0.0270741
0.0278036
0.0284951
0.0291435
0.0297893
0.0304872
0.0312603
0.0320847
0.0329127
0.0337346
0.0345486
0.0353492
0.0361758
0.0370104
0.0378559
0.0387369
0.0396475
0.0405476
0.0414947
0.0424535
0.0434229
0.044404
0.045426
0.046463
0.0475219
0.0486031
0.0497064
0.0508394
0.0519876
0.0531888
0.0543678
0.0555878
0.0568274
0.0581143
0.0594186
0.0607135
0.06204
0.063371
0.0647469
0.066174
0.0675795
0.0690422
0.0704966
0.0719638
0.0734454
0.0749131
0.0762578
0.0774042
0.00508288
0.00532041
0.00509776
0.00496776
0.00482642
0.00442238
0.00426517
0.00454966
0.00482608
0.00500523
0.00535438
0.00587871
0.0064039
0.00682399
0.00712752
0.00743766
0.007874
0.00839099
0.0088635
0.00925665
0.00965037
0.0101163
0.0106085
0.0110617
0.0114901
0.0119358
0.0124023
0.012876
0.0133442
0.0138072
0.0142939
0.0148245
0.0153714
0.0159308
0.016501
0.0170558
0.0175855
0.0181188
0.0186805
0.0192411
0.0197716
0.0202919
0.0208325
0.021394
0.0219688
0.0225506
0.0231451
0.0237535
0.0243823
0.0250382
0.0257008
0.0263735
0.0270755
0.0278017
0.028492
0.0291442
0.0297958
0.0304964
0.0312671
0.0320873
0.0329129
0.0337338
0.0345477
0.0353494
0.0361768
0.0370119
0.0378583
0.0387391
0.0396492
0.0405498
0.0414968
0.042455
0.0434247
0.0444063
0.0454282
0.0464651
0.047524
0.0486051
0.0497083
0.0508414
0.0519892
0.0531898
0.0543689
0.0555893
0.0568287
0.0581147
0.0594184
0.0607136
0.0620405
0.0633718
0.0647478
0.0661742
0.0675798
0.0690421
0.0704972
0.0719648
0.0734471
0.0749177
0.0762637
0.0774088
0.00494946
0.00531418
0.00520512
0.00505173
0.00495288
0.00465639
0.00449804
0.00474821
0.00502064
0.00513801
0.00540626
0.00591692
0.0064651
0.00689258
0.00718618
0.0074863
0.0079237
0.00844561
0.00891173
0.00928919
0.00967256
0.0101403
0.0106388
0.011091
0.0115114
0.0119521
0.012421
0.0128974
0.013364
0.0138257
0.0143123
0.0148398
0.0153819
0.0159388
0.0165081
0.0170609
0.0175872
0.0181185
0.0186815
0.0192443
0.0197748
0.0202932
0.0208342
0.021399
0.0219756
0.0225557
0.0231484
0.023758
0.0243881
0.0250424
0.0257032
0.0263759
0.027077
0.0278
0.028489
0.029145
0.0298023
0.0305055
0.0312739
0.03209
0.0329132
0.033733
0.0345469
0.0353496
0.0361779
0.0370135
0.0378607
0.0387414
0.0396511
0.0405521
0.0414989
0.0424566
0.0434266
0.0444086
0.0454305
0.0464673
0.0475263
0.0486071
0.0497103
0.0508434
0.0519909
0.0531909
0.05437
0.0555908
0.05683
0.058115
0.0594181
0.0607136
0.0620411
0.0633727
0.0647487
0.0661745
0.0675802
0.069042
0.0704978
0.0719658
0.0734489
0.0749225
0.0762698
0.0774136
0.0048294
0.0052813
0.00531012
0.00516651
0.00506575
0.00486497
0.00474135
0.00494916
0.00521188
0.00529093
0.00547336
0.00595262
0.00652576
0.00696441
0.00724579
0.00753493
0.00797437
0.00850306
0.00896371
0.00932442
0.00969636
0.0101652
0.0106699
0.0111219
0.0115341
0.0119694
0.0124406
0.0129198
0.0133848
0.0138448
0.014331
0.0148557
0.015393
0.0159472
0.0165158
0.0170664
0.0175891
0.0181185
0.0186827
0.0192479
0.0197783
0.0202947
0.0208359
0.0214042
0.0219827
0.0225609
0.0231518
0.0237626
0.0243942
0.0250468
0.0257056
0.0263783
0.0270787
0.0277985
0.0284862
0.029146
0.0298087
0.0305145
0.0312806
0.0320928
0.0329136
0.0337324
0.0345462
0.0353498
0.036179
0.0370151
0.0378632
0.0387437
0.0396529
0.0405544
0.0415012
0.0424582
0.0434286
0.0444111
0.0454328
0.0464695
0.0475286
0.0486093
0.0497125
0.0508455
0.0519927
0.0531921
0.0543711
0.0555924
0.0568314
0.0581154
0.0594179
0.0607137
0.0620416
0.0633736
0.0647497
0.0661747
0.0675806
0.0690419
0.0704985
0.0719671
0.0734508
0.0749274
0.0762764
0.0774186
0.00473009
0.00523481
0.00539419
0.00530646
0.00518562
0.0050418
0.00498332
0.00516204
0.00539712
0.00545584
0.0055613
0.00598943
0.00658331
0.0070404
0.00730767
0.00758277
0.00802509
0.00856279
0.00901978
0.00936285
0.00972181
0.0101915
0.0107023
0.011154
0.0115582
0.0119878
0.0124613
0.0129433
0.0134064
0.0138644
0.0143503
0.014872
0.0154046
0.0159563
0.016524
0.0170724
0.0175914
0.0181187
0.0186841
0.0192518
0.0197822
0.0202963
0.0208377
0.0214095
0.0219901
0.0225664
0.0231552
0.0237674
0.0244005
0.0250513
0.025708
0.0263808
0.0270805
0.0277972
0.0284836
0.0291471
0.0298151
0.0305233
0.0312873
0.0320957
0.0329141
0.0337318
0.0345455
0.0353501
0.0361801
0.0370168
0.0378657
0.0387461
0.0396549
0.0405569
0.0415035
0.0424599
0.0434307
0.0444136
0.0454352
0.0464719
0.047531
0.0486115
0.0497146
0.0508477
0.0519945
0.0531933
0.0543723
0.055594
0.0568327
0.0581159
0.0594177
0.0607138
0.0620422
0.0633746
0.0647508
0.0661749
0.067581
0.069042
0.0704992
0.0719684
0.0734528
0.0749326
0.0762833
0.0774239
0.00465147
0.0051895
0.00544919
0.00545176
0.00533092
0.00519621
0.00520636
0.00539096
0.00558386
0.0056222
0.00567018
0.00603429
0.00663594
0.00711963
0.00737393
0.00762965
0.00807468
0.00862398
0.00907991
0.00940534
0.00974906
0.0102191
0.0107362
0.0111874
0.0115836
0.0120072
0.012483
0.0129681
0.013429
0.0138847
0.01437
0.0148888
0.0154168
0.015966
0.0165328
0.017079
0.0175942
0.0181193
0.0186859
0.0192562
0.0197864
0.0202981
0.0208395
0.021415
0.0219978
0.0225721
0.0231588
0.0237723
0.024407
0.0250561
0.0257105
0.0263833
0.0270825
0.027796
0.0284813
0.0291483
0.0298215
0.030532
0.0312939
0.0320987
0.0329148
0.0337313
0.0345449
0.0353505
0.0361812
0.0370185
0.0378684
0.0387486
0.0396569
0.0405594
0.0415059
0.0424617
0.0434329
0.0444162
0.0454377
0.0464743
0.0475334
0.0486138
0.0497169
0.0508499
0.0519965
0.0531946
0.0543735
0.0555957
0.0568341
0.0581163
0.0594175
0.060714
0.0620428
0.0633755
0.0647518
0.0661752
0.0675814
0.069042
0.0704999
0.0719699
0.0734549
0.074938
0.0762905
0.0774295
0.00459214
0.00515653
0.0054814
0.00558017
0.00550471
0.00534977
0.00539738
0.00562623
0.0057841
0.00578445
0.00579319
0.00609443
0.00668535
0.00719927
0.00744658
0.00767651
0.00812183
0.00868581
0.00914373
0.00945258
0.00977871
0.0102476
0.0107719
0.0112225
0.01161
0.0120277
0.0125058
0.0129941
0.0134527
0.0139054
0.0143903
0.0149063
0.0154296
0.0159763
0.0165423
0.0170861
0.0175973
0.0181201
0.0186881
0.0192609
0.019791
0.0203001
0.0208414
0.0214206
0.0220058
0.0225781
0.0231624
0.0237772
0.0244138
0.025061
0.0257131
0.0263859
0.0270847
0.0277952
0.0284791
0.0291497
0.0298279
0.0305405
0.0313004
0.0321018
0.0329156
0.033731
0.0345444
0.035351
0.0361825
0.0370202
0.0378711
0.0387512
0.0396589
0.040562
0.0415085
0.0424636
0.0434351
0.0444188
0.0454404
0.0464768
0.047536
0.0486162
0.0497192
0.0508522
0.0519985
0.053196
0.0543748
0.0555974
0.0568356
0.0581168
0.0594174
0.0607142
0.0620434
0.0633765
0.064753
0.0661755
0.0675819
0.0690422
0.0705006
0.0719716
0.073457
0.0749435
0.0762982
0.0774354
0.00455288
0.00514243
0.00550568
0.0056757
0.00568969
0.00552626
0.00555958
0.00584735
0.00600547
0.00594925
0.00591987
0.00617194
0.00673724
0.00727639
0.00752601
0.00772547
0.00816553
0.00874737
0.00921067
0.00950454
0.00981167
0.0102769
0.0108094
0.0112601
0.0116374
0.0120488
0.0125297
0.0130216
0.0134776
0.0139268
0.0144111
0.0149245
0.015443
0.0159871
0.0165524
0.0170939
0.0176009
0.0181213
0.0186906
0.0192661
0.019796
0.0203024
0.0208433
0.0214264
0.0220142
0.0225843
0.0231661
0.0237823
0.0244208
0.0250662
0.0257157
0.0263885
0.027087
0.0277946
0.0284772
0.0291513
0.0298342
0.0305489
0.0313069
0.032105
0.0329165
0.0337307
0.034544
0.0353516
0.0361837
0.037022
0.0378738
0.0387539
0.039661
0.0405647
0.0415111
0.0424656
0.0434374
0.0444216
0.0454431
0.0464795
0.0475387
0.0486187
0.0497217
0.0508546
0.0520005
0.0531974
0.0543761
0.0555991
0.056837
0.0581173
0.0594173
0.0607144
0.0620439
0.0633775
0.0647542
0.0661757
0.0675824
0.0690424
0.0705013
0.0719734
0.0734593
0.0749492
0.0763062
0.0774416
0.00453399
0.00515089
0.00553727
0.00573708
0.00585958
0.00573802
0.00571538
0.0060349
0.00624065
0.0061312
0.00604369
0.00626097
0.00679833
0.00735101
0.00761069
0.00777916
0.00820562
0.00880739
0.00928045
0.0095606
0.00984854
0.0103076
0.0108478
0.0113007
0.0116667
0.0120701
0.0125545
0.0130508
0.0135038
0.0139489
0.0144322
0.0149434
0.0154573
0.0159986
0.0165632
0.0171024
0.017605
0.0181228
0.0186934
0.0192717
0.0198016
0.0203049
0.0208454
0.0214323
0.0220229
0.0225909
0.0231699
0.0237875
0.024428
0.0250715
0.0257183
0.0263912
0.0270896
0.0277942
0.0284756
0.029153
0.0298405
0.0305571
0.0313133
0.0321083
0.0329176
0.0337306
0.0345438
0.0353523
0.036185
0.0370238
0.0378767
0.0387566
0.0396632
0.0405675
0.0415139
0.0424677
0.0434399
0.0444244
0.0454459
0.0464822
0.0475414
0.0486213
0.0497242
0.0508571
0.0520027
0.0531989
0.0543775
0.055601
0.0568385
0.0581179
0.0594173
0.0607147
0.0620445
0.0633785
0.0647554
0.0661761
0.067583
0.0690427
0.0705021
0.0719754
0.0734618
0.0749551
0.0763146
0.0774481
0.00453038
0.00518387
0.00558854
0.00577768
0.00599089
0.00597431
0.00589348
0.00618407
0.0064665
0.00634158
0.00617137
0.00635156
0.00687069
0.00742689
0.00769865
0.00783949
0.00824283
0.00886408
0.00935325
0.00962049
0.009889
0.0103407
0.0108871
0.011344
0.0116989
0.0120914
0.0125794
0.0130816
0.0135318
0.0139718
0.0144536
0.0149628
0.0154724
0.0160107
0.0165745
0.0171116
0.0176099
0.0181247
0.0186965
0.0192779
0.0198076
0.0203077
0.0208475
0.0214383
0.0220319
0.0225978
0.0231739
0.0237927
0.0244356
0.0250772
0.025721
0.026394
0.0270925
0.0277942
0.0284742
0.0291549
0.0298469
0.0305651
0.0313196
0.0321117
0.0329189
0.0337306
0.0345436
0.0353531
0.0361863
0.0370257
0.0378797
0.0387595
0.0396654
0.0405705
0.0415168
0.0424699
0.0434424
0.0444274
0.0454488
0.046485
0.0475443
0.0486239
0.0497268
0.0508596
0.0520049
0.0532005
0.0543789
0.0556028
0.0568401
0.0581185
0.0594173
0.060715
0.0620452
0.0633795
0.0647567
0.0661764
0.0675835
0.0690431
0.0705029
0.0719776
0.0734644
0.0749612
0.0763234
0.077455
0.00453092
0.00524091
0.00566742
0.00581709
0.00607255
0.00620651
0.00611624
0.0063149
0.00665713
0.00657632
0.00632022
0.00643726
0.00694868
0.00750859
0.00778978
0.00790737
0.00827871
0.00891529
0.00942888
0.00968503
0.0099319
0.0103764
0.0109279
0.0113892
0.0117347
0.0121137
0.0126035
0.0131137
0.0135618
0.0139958
0.0144756
0.0149828
0.0154884
0.0160236
0.0165864
0.0171215
0.0176154
0.0181271
0.0187
0.0192845
0.0198143
0.020311
0.0208497
0.0214445
0.0220413
0.022605
0.0231779
0.023798
0.0244433
0.0250831
0.0257238
0.0263968
0.0270956
0.0277945
0.028473
0.0291569
0.0298532
0.030573
0.0313259
0.0321151
0.0329203
0.0337308
0.0345436
0.035354
0.0361878
0.0370275
0.0378827
0.0387624
0.0396677
0.0405735
0.0415199
0.0424721
0.043445
0.0444304
0.0454519
0.046488
0.0475472
0.0486267
0.0497294
0.0508622
0.0520073
0.0532023
0.0543804
0.0556048
0.0568416
0.0581191
0.0594174
0.0607154
0.0620458
0.0633806
0.064758
0.0661768
0.0675841
0.0690437
0.0705037
0.07198
0.0734672
0.0749674
0.0763326
0.0774622
0.00452167
0.00531752
0.0057778
0.00587452
0.00611083
0.00640343
0.00638406
0.00646026
0.00679834
0.00681108
0.00650558
0.00652531
0.00702261
0.00759629
0.00788624
0.00798381
0.00831564
0.00895891
0.00950578
0.00975624
0.00997656
0.0104135
0.0109714
0.0114364
0.0117737
0.0121383
0.0126268
0.0131462
0.0135942
0.0140212
0.014498
0.0150033
0.015505
0.0160375
0.0165991
0.0171321
0.0176218
0.0181301
0.0187038
0.0192915
0.0198215
0.0203146
0.020852
0.0214508
0.022051
0.0226126
0.0231822
0.0238034
0.0244513
0.0250893
0.0257267
0.0263997
0.0270989
0.0277952
0.0284722
0.0291591
0.0298594
0.0305807
0.031332
0.0321187
0.032922
0.0337311
0.0345438
0.035355
0.0361892
0.0370295
0.0378858
0.0387654
0.0396701
0.0405766
0.041523
0.0424745
0.0434477
0.0444336
0.045455
0.046491
0.0475503
0.0486296
0.0497322
0.0508648
0.0520097
0.053204
0.0543819
0.0556067
0.0568432
0.0581198
0.0594176
0.0607158
0.0620464
0.0633817
0.0647595
0.0661772
0.0675847
0.0690443
0.0705046
0.0719825
0.0734703
0.0749738
0.0763422
0.0774698
0.0044865
0.00540327
0.00591977
0.00596628
0.00612585
0.00654025
0.00667188
0.00665271
0.0069037
0.00701465
0.00672709
0.00663504
0.00708703
0.0076835
0.00798955
0.00807087
0.00835721
0.00899368
0.00958038
0.00983618
0.0100243
0.0104495
0.011018
0.0114869
0.0118151
0.0121658
0.0126502
0.0131779
0.0136285
0.0140487
0.014521
0.0150243
0.0155224
0.0160521
0.0166127
0.0171434
0.0176289
0.0181338
0.018708
0.0192989
0.0198294
0.0203188
0.0208545
0.0214572
0.022061
0.0226206
0.0231865
0.0238089
0.0244595
0.0250958
0.0257296
0.0264026
0.0271026
0.0277962
0.0284716
0.0291615
0.0298657
0.0305883
0.0313381
0.0321223
0.0329238
0.0337316
0.0345441
0.0353562
0.0361908
0.0370315
0.037889
0.0387685
0.0396725
0.0405798
0.0415263
0.042477
0.0434505
0.0444369
0.0454583
0.0464942
0.0475534
0.0486325
0.0497351
0.0508676
0.0520122
0.0532059
0.0543835
0.0556088
0.0568448
0.0581206
0.0594178
0.0607162
0.0620471
0.0633828
0.0647609
0.0661776
0.0675854
0.0690452
0.0705055
0.0719852
0.0734735
0.0749803
0.0763522
0.0774779
0.00441039
0.0054811
0.0060889
0.00610425
0.00614453
0.00660786
0.00694244
0.00690808
0.00700826
0.00716343
0.00696053
0.00678513
0.00715056
0.00776066
0.00809641
0.00817055
0.00840866
0.00902063
0.00964714
0.00992508
0.0100788
0.0104823
0.0110655
0.011543
0.0118592
0.0121952
0.0126752
0.0132089
0.0136636
0.0140786
0.0145451
0.0150457
0.0155405
0.0160673
0.0166271
0.0171557
0.0176367
0.0181381
0.0187127
0.0193067
0.0198378
0.0203234
0.0208571
0.0214638
0.0220714
0.0226289
0.023191
0.0238144
0.024468
0.0251025
0.0257327
0.0264055
0.0271065
0.0277976
0.0284714
0.0291641
0.029872
0.0305957
0.0313441
0.0321261
0.0329257
0.0337323
0.0345446
0.0353576
0.0361924
0.0370335
0.0378923
0.0387717
0.039675
0.0405832
0.0415297
0.0424796
0.0434534
0.0444402
0.0454617
0.0464975
0.0475567
0.0486356
0.049738
0.0508704
0.0520148
0.0532079
0.0543852
0.0556109
0.0568465
0.0581214
0.0594181
0.0607167
0.0620477
0.063384
0.0647625
0.0661781
0.067586
0.0690461
0.0705064
0.0719881
0.0734771
0.0749869
0.0763625
0.0774863
0.00428721
0.00552761
0.00627401
0.00629333
0.00619554
0.00661794
0.0071579
0.00721319
0.00715196
0.00726156
0.00717132
0.00697852
0.0072337
0.00782402
0.00819794
0.00828142
0.00847624
0.0090449
0.00970037
0.0100196
0.0101454
0.0105123
0.0111095
0.0116056
0.0119083
0.0122251
0.0127017
0.0132408
0.0136985
0.0141103
0.0145712
0.0150677
0.0155591
0.0160832
0.0166423
0.017169
0.0176454
0.0181431
0.018718
0.0193152
0.0198469
0.0203287
0.02086
0.0214704
0.0220822
0.0226378
0.0231956
0.02382
0.0244768
0.0251097
0.0257359
0.0264086
0.0271108
0.0277995
0.0284714
0.0291668
0.0298782
0.030603
0.0313499
0.0321299
0.0329279
0.0337331
0.0345453
0.0353591
0.0361942
0.0370356
0.0378957
0.0387751
0.0396776
0.0405866
0.0415333
0.0424824
0.0434565
0.0444437
0.0454653
0.0465008
0.0475601
0.0486387
0.049741
0.0508734
0.0520175
0.05321
0.0543869
0.055613
0.0568482
0.0581222
0.0594185
0.0607173
0.0620484
0.0633852
0.064764
0.0661787
0.0675867
0.0690473
0.0705075
0.0719912
0.073481
0.0749936
0.0763732
0.0774952
0.00412901
0.00551821
0.00645614
0.00652925
0.00630329
0.00660067
0.00729022
0.00753078
0.00736531
0.00734183
0.00732896
0.00719218
0.00735679
0.00788499
0.00828439
0.00839556
0.00856402
0.00907591
0.00973729
0.0101117
0.0102279
0.010544
0.0111455
0.0116726
0.0119663
0.0122556
0.0127277
0.0132749
0.0137338
0.0141423
0.0145994
0.0150911
0.0155783
0.0160998
0.0166581
0.0171834
0.0176552
0.0181486
0.0187237
0.0193242
0.0198568
0.0203345
0.020863
0.021477
0.0220935
0.0226472
0.0232004
0.0238254
0.0244859
0.0251173
0.0257391
0.0264116
0.0271153
0.0278018
0.0284718
0.0291698
0.0298845
0.0306102
0.0313557
0.0321339
0.0329303
0.0337341
0.0345461
0.0353607
0.036196
0.0370378
0.0378993
0.0387785
0.0396802
0.0405902
0.041537
0.0424852
0.0434596
0.0444473
0.045469
0.0465044
0.0475635
0.048642
0.0497442
0.0508764
0.0520203
0.0532122
0.0543886
0.0556152
0.0568499
0.0581231
0.059419
0.0607179
0.0620492
0.0633864
0.0647657
0.0661793
0.0675874
0.0690486
0.0705086
0.0719944
0.0734852
0.0750006
0.0763842
0.0775046
0.00396767
0.00543914
0.00660901
0.00679855
0.00648108
0.00659401
0.007334
0.00781588
0.00765157
0.00744683
0.00742888
0.00739044
0.00752361
0.00796549
0.00835471
0.00850004
0.0086685
0.00912532
0.00976239
0.0101909
0.0103255
0.0105854
0.0111711
0.0117383
0.012036
0.0122899
0.0127506
0.013311
0.0137718
0.0141737
0.0146285
0.0151167
0.0155983
0.0161168
0.0166746
0.0171987
0.0176664
0.018155
0.0187297
0.0193339
0.0198675
0.0203409
0.0208661
0.0214837
0.022105
0.0226574
0.0232055
0.0238307
0.0244952
0.0251254
0.0257426
0.0264146
0.0271202
0.0278045
0.0284725
0.0291729
0.0298908
0.0306172
0.0313614
0.032138
0.0329329
0.0337354
0.0345471
0.0353626
0.0361979
0.03704
0.0379029
0.0387821
0.0396829
0.0405938
0.0415408
0.0424882
0.0434629
0.044451
0.0454728
0.046508
0.0475671
0.0486454
0.0497474
0.0508795
0.0520232
0.0532145
0.0543905
0.0556175
0.0568517
0.0581241
0.0594196
0.0607185
0.0620499
0.0633877
0.0647674
0.06618
0.0675881
0.0690502
0.0705098
0.0719977
0.0734897
0.0750076
0.0763954
0.0775145
0.00383982
0.00529853
0.00670379
0.00708002
0.00672807
0.00663448
0.00731163
0.00802606
0.00798281
0.00761653
0.00749847
0.00753948
0.0077112
0.00808634
0.00842455
0.00858349
0.00877654
0.00920161
0.0097887
0.0102489
0.0104295
0.0106449
0.0111894
0.0117952
0.0121168
0.0123334
0.0127695
0.0133458
0.0138147
0.014206
0.0146566
0.0151447
0.0156202
0.016134
0.0166915
0.0172149
0.0176787
0.0181624
0.018736
0.0193439
0.0198793
0.0203482
0.0208694
0.0214904
0.022117
0.0226681
0.0232109
0.0238358
0.0245046
0.0251341
0.0257464
0.0264176
0.0271254
0.0278079
0.0284736
0.0291761
0.0298972
0.0306242
0.0313669
0.0321422
0.0329358
0.0337369
0.0345484
0.0353646
0.0362
0.0370422
0.0379066
0.0387858
0.0396857
0.0405976
0.0415448
0.0424913
0.0434663
0.0444548
0.0454768
0.0465118
0.0475708
0.0486489
0.0497507
0.0508827
0.0520262
0.0532169
0.0543924
0.0556198
0.0568536
0.0581251
0.0594203
0.0607192
0.0620507
0.063389
0.0647691
0.0661809
0.0675889
0.0690519
0.0705112
0.0720012
0.0734947
0.0750148
0.076407
0.0775248
0.00377338
0.0051264
0.00672014
0.00734609
0.00703263
0.00674777
0.00726366
0.00813629
0.00831357
0.00786886
0.00757897
0.00762965
0.00788371
0.0082497
0.00851901
0.00864748
0.0088694
0.00930119
0.00983381
0.0102866
0.0105253
0.0107267
0.0112101
0.0118369
0.0122031
0.0123915
0.0127873
0.0133753
0.0138622
0.0142421
0.0146825
0.015173
0.0156454
0.016152
0.0167084
0.017232
0.0176923
0.0181711
0.0187428
0.0193542
0.0198922
0.0203566
0.0208728
0.0214969
0.0221294
0.0226797
0.0232167
0.0238409
0.024514
0.0251433
0.0257505
0.0264206
0.0271308
0.0278118
0.0284751
0.0291795
0.0299036
0.0306311
0.0313724
0.0321464
0.0329389
0.0337386
0.0345498
0.0353667
0.0362021
0.0370446
0.0379105
0.0387896
0.0396886
0.0406014
0.041549
0.0424946
0.0434699
0.0444587
0.0454809
0.0465157
0.0475745
0.0486525
0.0497541
0.050886
0.0520294
0.0532194
0.0543944
0.0556222
0.0568555
0.0581263
0.0594211
0.06072
0.0620515
0.0633904
0.0647709
0.0661818
0.0675896
0.0690538
0.0705128
0.0720048
0.0735
0.0750223
0.0764187
0.0775356
0.0037801
0.00496026
0.00665676
0.00756397
0.00737379
0.00694447
0.00723387
0.00815083
0.00859424
0.00818978
0.00771362
0.00768375
0.00800713
0.00843022
0.00866004
0.00871306
0.0089315
0.0094056
0.00991229
0.010319
0.0105984
0.0108242
0.0112456
0.0118627
0.0122855
0.0124665
0.0128099
0.0133971
0.0139107
0.0142853
0.014708
0.0151992
0.0156737
0.0161726
0.0167249
0.0172494
0.0177074
0.0181809
0.0187502
0.0193647
0.0199059
0.0203662
0.0208765
0.0215031
0.0221421
0.0226921
0.023223
0.0238458
0.0245235
0.0251529
0.0257549
0.0264237
0.0271365
0.0278162
0.028477
0.029183
0.02991
0.030638
0.0313779
0.0321508
0.0329422
0.0337406
0.0345515
0.0353691
0.0362044
0.0370471
0.0379145
0.0387936
0.0396916
0.0406054
0.0415533
0.0424981
0.0434735
0.0444627
0.0454853
0.0465198
0.0475784
0.0486562
0.0497577
0.0508894
0.0520326
0.0532221
0.0543964
0.0556246
0.0568575
0.0581275
0.059422
0.0607208
0.0620523
0.063392
0.0647726
0.0661828
0.0675905
0.0690559
0.0705146
0.0720085
0.0735058
0.0750299
0.0764306
0.077547
0.00385816
0.00483372
0.00653563
0.00770391
0.00772122
0.00722178
0.00726126
0.00810191
0.00878463
0.00853962
0.00792933
0.00773962
0.00807069
0.00859066
0.00884776
0.00881065
0.00896502
0.00948921
0.0100231
0.0103691
0.0106444
0.0109201
0.0113058
0.0118814
0.012354
0.0125554
0.0128441
0.0134119
0.0139557
0.014336
0.0147369
0.0152217
0.0157027
0.0161973
0.016742
0.0172663
0.0177237
0.0181922
0.0187583
0.0193757
0.0199205
0.0203771
0.0208807
0.0215089
0.022155
0.0227055
0.0232299
0.0238506
0.024533
0.025163
0.0257597
0.0264269
0.0271425
0.0278211
0.0284793
0.0291866
0.0299165
0.030645
0.0313833
0.0321553
0.0329457
0.0337428
0.0345534
0.0353716
0.0362068
0.0370496
0.0379186
0.0387977
0.0396946
0.0406094
0.0415577
0.0425017
0.0434773
0.0444668
0.0454897
0.046524
0.0475824
0.04866
0.0497613
0.0508929
0.0520359
0.0532248
0.0543986
0.0556271
0.0568595
0.0581287
0.059423
0.0607217
0.0620531
0.0633936
0.0647745
0.066184
0.0675914
0.0690582
0.0705166
0.0720122
0.073512
0.0750378
0.0764426
0.0775587
0.00399878
0.00476795
0.00639309
0.00775401
0.00803682
0.00756242
0.00737179
0.00803476
0.00887023
0.00886914
0.00822423
0.00783846
0.00809405
0.00869693
0.00905347
0.00896616
0.00899586
0.00952957
0.0101442
0.0104587
0.0106778
0.0109944
0.0113886
0.0119083
0.0124029
0.012649
0.0128962
0.0134243
0.0139929
0.0143916
0.0147726
0.0152421
0.0157292
0.0162261
0.016762
0.0172823
0.0177405
0.0182052
0.018767
0.0193871
0.0199362
0.0203893
0.0208854
0.0215143
0.0221678
0.02272
0.0232374
0.0238552
0.0245427
0.0251738
0.0257647
0.02643
0.0271488
0.0278267
0.028482
0.0291904
0.0299229
0.0306519
0.0313887
0.0321599
0.0329494
0.0337452
0.0345556
0.0353745
0.0362093
0.0370522
0.0379229
0.0388019
0.0396978
0.0406136
0.0415623
0.0425055
0.0434813
0.0444711
0.0454944
0.0465283
0.0475865
0.048664
0.0497651
0.0508965
0.0520394
0.0532276
0.0544008
0.0556297
0.0568616
0.0581301
0.0594241
0.0607227
0.062054
0.0633953
0.0647763
0.0661853
0.0675924
0.0690606
0.070519
0.0720161
0.0735186
0.0750459
0.0764548
0.0775709
0.00418988
0.00476808
0.00626367
0.00772903
0.00828461
0.00793283
0.00757372
0.00799616
0.00886796
0.0091309
0.00856811
0.00801077
0.0081123
0.00873837
0.00923755
0.00918078
0.00906068
0.00952545
0.0102427
0.0105922
0.0107261
0.0110364
0.0114757
0.011958
0.0124373
0.0127347
0.0129673
0.0134416
0.0140205
0.014448
0.0148165
0.0152635
0.0157517
0.0162565
0.0167868
0.0172987
0.0177567
0.0182198
0.0187768
0.0193986
0.0199529
0.0204029
0.020891
0.0215194
0.0221804
0.0227354
0.0232459
0.0238595
0.0245522
0.0251853
0.0257701
0.026433
0.0271555
0.027833
0.0284852
0.0291942
0.0299294
0.0306588
0.0313942
0.0321647
0.0329533
0.0337478
0.034558
0.0353775
0.0362121
0.0370549
0.0379273
0.0388064
0.0397011
0.0406178
0.0415671
0.0425095
0.0434854
0.0444754
0.0454992
0.0465328
0.0475907
0.0486681
0.0497689
0.0509002
0.052043
0.0532305
0.0544031
0.0556323
0.0568637
0.0581316
0.0594254
0.0607237
0.0620549
0.0633972
0.0647781
0.0661867
0.0675936
0.0690631
0.0705217
0.07202
0.0735257
0.0750544
0.076467
0.0775836
0.00441798
0.00482973
0.00617004
0.00766165
0.00844809
0.00829213
0.00785607
0.00802402
0.00881698
0.00929651
0.00891573
0.00826286
0.00816388
0.00873294
0.00936415
0.00942422
0.00919235
0.00950489
0.0102876
0.0107466
0.0108176
0.0110576
0.0115438
0.0120339
0.0124734
0.012802
0.0130505
0.013472
0.0140397
0.0145011
0.0148683
0.0152889
0.0157706
0.0162856
0.0168163
0.0173178
0.0177715
0.0182349
0.0187881
0.0194103
0.0199704
0.0204182
0.0208973
0.0215242
0.0221928
0.0227518
0.0232554
0.0238636
0.0245616
0.0251977
0.0257761
0.0264357
0.0271623
0.0278402
0.0284889
0.0291981
0.029936
0.0306658
0.0313997
0.0321696
0.0329575
0.0337507
0.0345605
0.0353807
0.0362151
0.0370577
0.0379317
0.038811
0.0397046
0.0406221
0.041572
0.0425137
0.0434896
0.0444799
0.0455042
0.0465375
0.047595
0.0486723
0.0497729
0.0509041
0.0520467
0.0532335
0.0544055
0.055635
0.0568659
0.0581332
0.0594267
0.0607248
0.0620558
0.0633992
0.06478
0.0661882
0.0675949
0.0690657
0.0705247
0.072024
0.073533
0.0750633
0.0764792
0.0775966
0.00466896
0.00494786
0.00612038
0.00758163
0.00853546
0.00860384
0.00818874
0.0081378
0.00876329
0.00936865
0.00921942
0.00857332
0.00827922
0.00871356
0.00941948
0.00965392
0.00939822
0.00951017
0.0102714
0.0108842
0.0109631
0.0110869
0.0115756
0.0121199
0.0125298
0.0128521
0.0131329
0.0135209
0.0140555
0.0145462
0.0149265
0.0153204
0.0157877
0.0163118
0.0168488
0.0173415
0.0177862
0.018249
0.0188009
0.019423
0.0199885
0.0204355
0.0209047
0.0215284
0.022205
0.0227691
0.0232658
0.0238677
0.0245707
0.0252109
0.0257829
0.0264382
0.0271691
0.0278484
0.0284932
0.0292018
0.0299425
0.0306729
0.0314051
0.0321747
0.0329621
0.0337538
0.0345632
0.0353842
0.0362184
0.0370607
0.0379363
0.0388157
0.0397082
0.0406265
0.041577
0.0425181
0.043494
0.0444845
0.0455095
0.0465422
0.0475993
0.0486766
0.049777
0.0509081
0.0520506
0.0532366
0.054408
0.0556378
0.0568682
0.058135
0.0594281
0.0607261
0.0620567
0.0634014
0.0647819
0.0661897
0.0675965
0.0690685
0.0705281
0.0720282
0.0735406
0.0750725
0.0764915
0.0776099
0.00492553
0.00511955
0.00611815
0.00750673
0.00856705
0.00884798
0.00853294
0.00833442
0.00874872
0.00937613
0.00944666
0.00890368
0.00846926
0.00871672
0.00941675
0.00983037
0.00965036
0.0095809
0.0102211
0.0109684
0.0111435
0.0111573
0.0115767
0.0121889
0.0126145
0.0129004
0.0132013
0.0135863
0.014077
0.01458
0.0149882
0.0153603
0.0158035
0.0163348
0.0168826
0.0173701
0.0178031
0.0182615
0.0188138
0.0194369
0.0200072
0.0204544
0.0209136
0.0215321
0.0222169
0.0227876
0.0232772
0.0238715
0.0245794
0.0252249
0.0257906
0.0264405
0.0271756
0.0278574
0.0284984
0.0292055
0.029949
0.0306802
0.0314107
0.0321799
0.0329669
0.0337573
0.0345661
0.0353877
0.0362218
0.0370639
0.037941
0.0388206
0.039712
0.0406309
0.0415822
0.0425228
0.0434985
0.0444891
0.0455149
0.0465472
0.0476038
0.048681
0.0497812
0.0509122
0.0520546
0.0532398
0.0544105
0.0556407
0.0568706
0.0581369
0.0594295
0.0607274
0.0620577
0.0634037
0.0647839
0.0661913
0.0675985
0.0690712
0.0705319
0.0720327
0.0735485
0.0750821
0.0765038
0.0776234
0.0051639
0.00533678
0.0061709
0.00744906
0.00856272
0.00902395
0.00885364
0.00859101
0.00879853
0.00935672
0.0095912
0.00921205
0.00872093
0.00877319
0.00938693
0.0099343
0.00990517
0.00973042
0.0101791
0.0109832
0.0113207
0.0112883
0.0115767
0.0122189
0.0127141
0.0129663
0.0132518
0.0136564
0.0141134
0.0146038
0.0150477
0.0154118
0.0158197
0.0163528
0.0169174
0.0174028
0.0178231
0.0182735
0.0188256
0.019452
0.0200271
0.0204747
0.0209241
0.0215353
0.0222281
0.0228076
0.02329
0.023875
0.0245877
0.0252397
0.0257994
0.0264427
0.0271817
0.027867
0.0285046
0.0292094
0.0299552
0.0306876
0.0314164
0.0321851
0.0329719
0.0337612
0.0345692
0.0353914
0.0362255
0.0370672
0.037946
0.0388256
0.0397158
0.0406354
0.0415875
0.0425277
0.0435031
0.0444938
0.0455205
0.0465523
0.0476084
0.0486856
0.0497855
0.0509164
0.0520587
0.0532431
0.0544132
0.0556436
0.0568729
0.058139
0.0594311
0.0607289
0.0620588
0.0634061
0.064786
0.0661929
0.0676007
0.0690741
0.0705359
0.0720373
0.0735565
0.0750922
0.0765162
0.0776372
0.00536055
0.00557815
0.00628462
0.0074239
0.00853954
0.00914176
0.00912866
0.00887505
0.00891712
0.00934639
0.00966888
0.00946759
0.00900297
0.00889688
0.00936593
0.00997348
0.0101227
0.00993947
0.0101864
0.0109467
0.0114532
0.0114669
0.0116112
0.0122099
0.0128022
0.0130629
0.0132964
0.013716
0.0141668
0.0146245
0.015097
0.0154759
0.0158417
0.0163631
0.0169517
0.0174407
0.0178463
0.0182863
0.0188359
0.0194668
0.020049
0.020497
0.0209357
0.0215382
0.0222385
0.0228287
0.0233044
0.023878
0.0245952
0.0252555
0.0258095
0.0264449
0.0271876
0.0278772
0.0285115
0.0292134
0.0299614
0.0306952
0.0314224
0.0321904
0.0329771
0.0337654
0.0345726
0.0353953
0.0362293
0.0370706
0.0379511
0.0388309
0.0397197
0.0406398
0.041593
0.042533
0.0435079
0.0444985
0.0455263
0.0465575
0.0476131
0.0486903
0.0497899
0.0509208
0.0520629
0.0532465
0.0544159
0.0556467
0.0568753
0.0581412
0.0594326
0.0607304
0.0620599
0.0634087
0.0647883
0.0661945
0.0676033
0.069077
0.0705403
0.0720424
0.0735648
0.0751026
0.0765287
0.0776512
0.00550475
0.00581359
0.0064509
0.00744737
0.00851612
0.00921511
0.009351
0.0091567
0.00909253
0.00937168
0.00970571
0.00965896
0.00927946
0.00907766
0.00938394
0.00997294
0.0102807
0.0101724
0.010264
0.0108991
0.0115189
0.0116562
0.0117035
0.0121867
0.0128526
0.0131827
0.0133567
0.0137584
0.0142302
0.0146533
0.0151307
0.015546
0.0158773
0.0163649
0.0169806
0.0174861
0.0178738
0.0182993
0.0188458
0.0194799
0.020072
0.0205225
0.0209487
0.0215404
0.0222481
0.0228509
0.023321
0.0238808
0.0246013
0.0252722
0.0258211
0.026447
0.0271931
0.027888
0.0285192
0.0292176
0.0299675
0.0307028
0.0314286
0.032196
0.0329824
0.0337699
0.0345763
0.0353995
0.0362333
0.0370741
0.0379564
0.0388365
0.0397238
0.0406441
0.0415986
0.0425386
0.0435128
0.0445033
0.0455324
0.0465628
0.0476178
0.0486952
0.0497944
0.0509253
0.0520673
0.05325
0.0544186
0.05565
0.0568778
0.0581438
0.0594343
0.0607321
0.0620613
0.0634112
0.0647907
0.0661961
0.0676063
0.0690802
0.0705448
0.0720478
0.0735731
0.0751134
0.0765412
0.0776653
0.00560306
0.00601881
0.00664541
0.00752475
0.00851193
0.00925886
0.00952278
0.00941418
0.00930266
0.00944566
0.00973036
0.00979282
0.0095241
0.00928972
0.00945379
0.00996251
0.0103763
0.0103925
0.010403
0.0108805
0.0115293
0.0118172
0.0118504
0.0121837
0.0128556
0.0132987
0.0134474
0.0137902
0.0142897
0.0146987
0.0151527
0.0156115
0.0159327
0.0163644
0.0169957
0.0175376
0.0179097
0.0183116
0.0188553
0.0194922
0.0200945
0.0205516
0.020964
0.0215413
0.0222565
0.0228743
0.0233401
0.0238837
0.0246054
0.0252895
0.0258349
0.0264491
0.027198
0.0278997
0.0285277
0.0292218
0.0299738
0.0307106
0.0314349
0.0322017
0.032988
0.0337745
0.0345801
0.035404
0.0362377
0.0370776
0.0379617
0.0388424
0.0397283
0.0406483
0.0416043
0.0425446
0.0435178
0.0445081
0.0455386
0.0465684
0.0476227
0.0487003
0.049799
0.05093
0.0520717
0.0532537
0.0544215
0.0556533
0.0568803
0.0581464
0.0594361
0.0607337
0.0620628
0.0634138
0.0647933
0.0661976
0.0676096
0.0690835
0.0705495
0.0720537
0.0735815
0.0751244
0.076554
0.0776795
0.00567096
0.00618752
0.00684312
0.00764604
0.00854056
0.00928886
0.00964996
0.00963444
0.00952159
0.00956575
0.0097684
0.00988573
0.00972757
0.00950734
0.00957014
0.00997023
0.0104236
0.0105738
0.0105762
0.0109119
0.0115158
0.0119248
0.0120233
0.0122311
0.0128312
0.0133841
0.0135668
0.013829
0.014333
0.0147578
0.0151736
0.0156619
0.0160067
0.0163749
0.0169923
0.0175873
0.0179594
0.018325
0.0188612
0.0195043
0.0201163
0.0205834
0.0209836
0.0215411
0.0222623
0.0228987
0.0233622
0.0238873
0.0246074
0.0253067
0.0258511
0.0264516
0.0272018
0.027912
0.0285371
0.0292256
0.0299801
0.030719
0.0314414
0.0322073
0.0329939
0.0337795
0.0345839
0.0354088
0.0362426
0.0370812
0.0379669
0.0388485
0.0397329
0.0406525
0.0416101
0.0425509
0.043523
0.0445129
0.045545
0.0465739
0.0476276
0.0487055
0.0498038
0.0509349
0.0520762
0.0532574
0.0544243
0.0556568
0.0568829
0.0581493
0.0594379
0.0607354
0.0620647
0.0634163
0.0647962
0.0661992
0.0676132
0.069087
0.0705541
0.0720601
0.0735901
0.0751357
0.0765668
0.0776937
0.00571781
0.00632597
0.00703003
0.00779477
0.00860652
0.00932243
0.00974391
0.00981494
0.0097284
0.00971612
0.00983489
0.00995688
0.00989072
0.00971253
0.00971531
0.0100121
0.0104472
0.0107066
0.0107562
0.0109916
0.0115111
0.0119803
0.0121839
0.0123328
0.0128105
0.0134245
0.0136963
0.0138936
0.0143626
0.0148199
0.0152037
0.0156918
0.0160854
0.0164087
0.0169761
0.0176232
0.0180246
0.0183478
0.0188611
0.0195142
0.0201386
0.0206162
0.0210078
0.0215416
0.0222641
0.0229235
0.0233884
0.0238919
0.0246069
0.0253232
0.0258697
0.0264553
0.0272044
0.0279247
0.0285479
0.0292293
0.0299859
0.0307279
0.0314484
0.0322128
0.033
0.0337849
0.0345877
0.0354137
0.0362479
0.037085
0.0379722
0.0388549
0.0397379
0.0406565
0.0416159
0.0425576
0.0435283
0.0445178
0.0455516
0.0465797
0.0476326
0.0487108
0.0498085
0.0509399
0.0520809
0.0532614
0.0544273
0.0556605
0.0568855
0.0581523
0.05944
0.060737
0.062067
0.0634188
0.0647992
0.0662009
0.067617
0.069091
0.0705588
0.072067
0.0735988
0.075147
0.0765799
0.077708
0.00574477
0.00643792
0.00720079
0.00795689
0.00870559
0.00937318
0.00981895
0.00996086
0.00991143
0.00987543
0.00992953
0.0100238
0.0100191
0.00989632
0.00987099
0.0100862
0.0104697
0.0107951
0.010921
0.0111043
0.0115362
0.0120096
0.012307
0.0124681
0.0128218
0.0134257
0.0138085
0.0139878
0.0143913
0.0148755
0.0152497
0.0157099
0.0161533
0.0164678
0.0169614
0.017634
0.0180953
0.0183893
0.0188578
0.019517
0.0201625
0.0206511
0.0210358
0.0215445
0.0222615
0.0229464
0.0234195
0.0238987
0.0246037
0.0253385
0.0258907
0.0264605
0.0272061
0.0279371
0.02856
0.0292333
0.029991
0.0307371
0.0314563
0.0322183
0.0330059
0.0337908
0.0345917
0.0354188
0.0362537
0.0370889
0.0379774
0.0388614
0.0397432
0.0406605
0.041622
0.0425647
0.0435335
0.0445227
0.0455585
0.0465857
0.0476378
0.0487164
0.0498132
0.0509451
0.0520854
0.0532653
0.0544302
0.0556642
0.0568884
0.0581554
0.0594422
0.0607385
0.0620696
0.0634212
0.0648024
0.0662029
0.0676209
0.0690954
0.0705634
0.0720744
0.0736079
0.0751583
0.0765931
0.0777224
0.00575755
0.00652276
0.00734979
0.00812091
0.00882831
0.00944656
0.0098879
0.0100796
0.0100689
0.0100268
0.0100414
0.0100981
0.0101226
0.0100563
0.0100275
0.010184
0.0105066
0.010853
0.0110561
0.0112302
0.0115903
0.0120374
0.0123911
0.0126077
0.0128793
0.0134134
0.0138853
0.014099
0.0144313
0.0149184
0.0153068
0.0157299
0.0162024
0.0165435
0.0169655
0.0176217
0.0181552
0.0184527
0.0188603
0.0195069
0.0201838
0.0206909
0.0210675
0.02155
0.022256
0.0229657
0.023455
0.0239096
0.0245974
0.0253516
0.0259139
0.0264675
0.027207
0.0279492
0.0285733
0.0292378
0.0299954
0.0307463
0.0314651
0.032224
0.0330116
0.0337969
0.034596
0.0354239
0.0362598
0.0370932
0.0379827
0.0388682
0.0397485
0.040664
0.0416283
0.0425722
0.0435388
0.0445276
0.0455654
0.0465917
0.0476428
0.0487221
0.0498181
0.0509507
0.0520902
0.0532696
0.0544333
0.0556678
0.0568913
0.0581585
0.0594447
0.0607399
0.0620726
0.0634236
0.0648056
0.0662053
0.0676249
0.0691001
0.0705682
0.072082
0.0736172
0.0751695
0.0766065
0.0777368
0.00577281
0.00658587
0.00747239
0.00827592
0.0089646
0.00954144
0.00996163
0.0101791
0.0102044
0.0101627
0.0101559
0.0101807
0.0102096
0.01019
0.0101765
0.0102963
0.0105637
0.0108998
0.0111607
0.0113549
0.0116643
0.0120762
0.0124503
0.0127259
0.0129719
0.0134134
0.0139251
0.0142097
0.0144916
0.0149525
0.0153649
0.0157583
0.0162331
0.016619
0.0169975
0.0176026
0.0181922
0.0185306
0.0188824
0.0194865
0.0201934
0.0207363
0.021106
0.0215565
0.0222476
0.0229807
0.0234933
0.0239264
0.0245891
0.0253612
0.0259396
0.0264767
0.0272067
0.027961
0.0285878
0.0292428
0.0299993
0.0307552
0.0314746
0.0322303
0.0330171
0.033803
0.0346006
0.0354292
0.0362663
0.0370976
0.037988
0.0388753
0.0397543
0.0406669
0.0416349
0.0425802
0.0435439
0.0445325
0.0455724
0.046598
0.047648
0.0487279
0.0498228
0.0509561
0.0520949
0.0532738
0.0544368
0.0556716
0.0568947
0.0581616
0.0594474
0.0607412
0.0620759
0.0634262
0.0648087
0.0662081
0.0676288
0.0691052
0.070573
0.0720899
0.0736269
0.0751806
0.0766198
0.0777513
0.00580585
0.00663926
0.00757026
0.00841163
0.00910293
0.00965146
0.0100463
0.0102677
0.0103215
0.0102835
0.0102621
0.0102665
0.0102869
0.0102974
0.0103072
0.0104109
0.0106367
0.010948
0.0112419
0.0114695
0.0117517
0.0121297
0.0125032
0.012818
0.0130777
0.0134417
0.0139398
0.0143014
0.0145702
0.0149872
0.0154186
0.0157982
0.0162538
0.016681
0.01705
0.0175923
0.0182038
0.0186056
0.0189306
0.0194689
0.0201846
0.0207815
0.0211575
0.021566
0.0222343
0.0229912
0.0235332
0.0239494
0.0245801
0.0253656
0.025967
0.0264893
0.0272049
0.0279719
0.028604
0.0292483
0.0300027
0.0307639
0.0314849
0.0322372
0.0330227
0.0338089
0.034605
0.0354349
0.0362733
0.0371021
0.0379932
0.0388827
0.0397604
0.0406733
0.0416419
0.0425891
0.0435492
0.0445374
0.0455795
0.0466045
0.0476533
0.0487341
0.0498277
0.0509619
0.0520996
0.0532778
0.0544402
0.055675
0.0568983
0.0581647
0.0594503
0.0607427
0.0620795
0.063429
0.0648117
0.0662115
0.0676328
0.0691106
0.0705781
0.0720977
0.0736369
0.0751917
0.076633
0.0777658
0.00586183
0.00669521
0.00765233
0.00852457
0.00923164
0.00976672
0.0101401
0.0103524
0.0104222
0.0103922
0.0103579
0.010351
0.010361
0.010386
0.010417
0.0105177
0.0107176
0.0110006
0.0113067
0.0115669
0.0118427
0.0121931
0.0125584
0.0128929
0.013179
0.0135005
0.0139506
0.0143651
0.0146564
0.0150285
0.0154653
0.0158469
0.0162744
0.0167267
0.0171113
0.0176009
0.0182014
0.0186626
0.0189961
0.0194679
0.0201581
0.020813
0.0212239
0.0215868
0.0222138
0.0229946
0.0235761
0.0239794
0.0245717
0.025365
0.0259954
0.0265061
0.0272018
0.0279809
0.0286219
0.0292549
0.0300051
0.0307722
0.0314956
0.0322444
0.0330288
0.0338151
0.0346091
0.0354406
0.0362809
0.0371068
0.037998
0.0388905
0.0397667
0.040676
0.0416485
0.0425982
0.0435542
0.0445424
0.0455866
0.0466113
0.0476587
0.0487402
0.0498328
0.0509678
0.0521049
0.0532822
0.0544443
0.0556785
0.0569022
0.0581677
0.0594531
0.0607443
0.062083
0.0634319
0.0648144
0.0662153
0.0676369
0.069116
0.0705835
0.0721059
0.0736473
0.0752027
0.0766461
0.0777803
0.0059396
0.00676245
0.00772958
0.00861989
0.00934393
0.00987743
0.0102357
0.0104349
0.0105073
0.0104868
0.0104426
0.0104275
0.0104314
0.0104611
0.010509
0.0106115
0.0107997
0.0110589
0.0113632
0.0116479
0.0119291
0.0122617
0.0126147
0.0129578
0.0132664
0.0135759
0.0139749
0.014405
0.0147382
0.0150811
0.0155062
0.0158992
0.0163002
0.0167586
0.0171702
0.0176271
0.0181993
0.0186999
0.0190645
0.0194924
0.0201286
0.0208184
0.0212949
0.021629
0.0221883
0.022983
0.0236214
0.0240187
0.0245634
0.0253587
0.0260239
0.0265275
0.0271978
0.0279871
0.0286419
0.0292637
0.0300068
0.0307798
0.0315068
0.0322519
0.033035
0.0338217
0.034613
0.0354461
0.0362894
0.0371121
0.0380023
0.0388986
0.0397731
0.0406775
0.0416551
0.042608
0.0435592
0.0445472
0.0455934
0.046618
0.0476642
0.0487462
0.0498379
0.0509733
0.0521099
0.0532861
0.0544485
0.0556819
0.0569067
0.0581712
0.0594562
0.0607464
0.0620868
0.0634352
0.064817
0.0662197
0.0676411
0.0691215
0.0705891
0.0721138
0.0736578
0.0752137
0.076659
0.0777945
0.00603443
0.00684167
0.00780749
0.00870401
0.00943787
0.00997536
0.010325
0.0105122
0.0105786
0.0105639
0.0105149
0.0104906
0.0104928
0.010524
0.0105854
0.0106918
0.0108756
0.0111215
0.0114168
0.0117181
0.0120081
0.0123317
0.0126721
0.0130162
0.0133403
0.0136519
0.0140157
0.0144316
0.0148032
0.0151423
0.0155455
0.0159509
0.0163361
0.0167845
0.017222
0.0176643
0.018204
0.0187237
0.0191228
0.0195362
0.0201141
0.0207998
0.0213528
0.0216983
0.0221718
0.0229494
0.0236626
0.0240722
0.0245572
0.0253443
0.0260519
0.0265545
0.0271931
0.027989
0.0286629
0.0292755
0.0300075
0.030786
0.0315184
0.0322596
0.0330414
0.0338291
0.0346169
0.0354509
0.0362981
0.0371178
0.038006
0.0389068
0.0397806
0.0406812
0.0416617
0.0426182
0.0435648
0.0445524
0.0456005
0.0466249
0.0476701
0.0487522
0.0498435
0.0509791
0.0521152
0.0532902
0.0544527
0.055685
0.0569105
0.0581743
0.0594588
0.0607487
0.0620905
0.0634387
0.0648196
0.0662245
0.0676459
0.069127
0.0705954
0.0721221
0.0736685
0.0752249
0.0766716
0.0778088
0.00614399
0.00693137
0.00788788
0.00878155
0.00951558
0.0100546
0.0103992
0.0105768
0.0106337
0.0106192
0.0105698
0.0105377
0.0105407
0.0105754
0.0106474
0.0107604
0.0109418
0.0111842
0.0114701
0.0117804
0.0120798
0.0123991
0.0127315
0.0130716
0.0134053
0.0137217
0.0140667
0.0144578
0.0148468
0.0152019
0.0155857
0.0159955
0.0163788
0.0168094
0.0172647
0.0177074
0.0182173
0.0187428
0.0191697
0.0195852
0.0201225
0.0207739
0.021382
0.0217833
0.0221829
0.022897
0.0236859
0.0241424
0.0245603
0.0253189
0.0260771
0.0265891
0.0271893
0.0279858
0.028684
0.0292912
0.0300085
0.0307904
0.0315302
0.0322676
0.0330473
0.0338374
0.0346214
0.0354553
0.0363073
0.0371246
0.0380089
0.038915
0.0397877
0.0406813
0.0416677
0.0426279
0.04357
0.0445573
0.0456072
0.0466315
0.0476761
0.048758
0.0498491
0.0509845
0.0521203
0.0532943
0.0544574
0.0556888
0.0569151
0.058178
0.0594613
0.0607512
0.0620941
0.0634419
0.0648219
0.0662291
0.0676503
0.0691319
0.0706015
0.07213
0.073679
0.0752357
0.0766838
0.0778225
0.00626968
0.00703308
0.0079723
0.00885529
0.00958139
0.0101147
0.0104518
0.0106196
0.0106655
0.0106458
0.0105985
0.0105644
0.0105693
0.0106119
0.0106951
0.010819
0.0110015
0.0112451
0.0115256
0.011837
0.012145
0.0124608
0.0127893
0.0131246
0.0134623
0.0137848
0.0141196
0.0144907
0.0148784
0.0152528
0.0156297
0.0160336
0.0164237
0.0168375
0.0172957
0.0177487
0.018236
0.0187583
0.0192091
0.0196302
0.0201448
0.0207579
0.021382
0.0218602
0.0222321
0.0228442
0.0236767
0.0242222
0.0245854
0.0252835
0.0260933
0.026633
0.0271892
0.0279767
0.0287037
0.0293116
0.0300112
0.0307931
0.0315419
0.0322763
0.0330525
0.0338461
0.0346267
0.0354585
0.0363163
0.0371321
0.0380115
0.0389227
0.0397973
0.040687
0.0416743
0.0426383
0.0435764
0.0445633
0.0456144
0.0466384
0.0476827
0.0487641
0.0498556
0.0509905
0.0521257
0.0532986
0.0544621
0.0556924
0.0569193
0.0581821
0.0594643
0.060755
0.0620985
0.063446
0.0648253
0.0662348
0.0676559
0.0691375
0.0706086
0.0721385
0.0736895
0.075247
0.0766959
0.0778362
0.00641098
0.00714632
0.0080589
0.00892174
0.00963119
0.0101514
0.0104755
0.0106308
0.0106642
0.0106363
0.0105911
0.0105613
0.0105716
0.0106262
0.0107257
0.0108667
0.0110574
0.0113044
0.0115846
0.011892
0.0122046
0.0125193
0.0128446
0.0131774
0.0135135
0.0138406
0.0141691
0.0145263
0.0149063
0.0152919
0.0156745
0.0160713
0.0164687
0.016875
0.0173232
0.017786
0.0182608
0.0187709
0.0192433
0.0196716
0.0201689
0.0207556
0.021368
0.021907
0.0223053
0.0228114
0.0236273
0.0242883
0.0246393
0.0252443
0.0260895
0.0266827
0.0271957
0.02796
0.0287179
0.029335
0.0300158
0.030793
0.0315516
0.0322854
0.0330571
0.0338552
0.0346333
0.0354611
0.0363249
0.0371404
0.0380134
0.0389304
0.0398056
0.040687
0.0416792
0.0426465
0.0435821
0.0445683
0.0456204
0.0466443
0.0476885
0.0487693
0.0498613
0.0509955
0.0521299
0.0533027
0.0544665
0.055696
0.056923
0.0581851
0.0594658
0.0607575
0.0621016
0.0634485
0.0648277
0.0662393
0.0676605
0.0691418
0.0706149
0.0721466
0.0736994
0.0752573
0.0767073
0.077849
0.00657512
0.00727455
0.00814753
0.00897595
0.00965417
0.0101486
0.0104508
0.0105894
0.010611
0.0105764
0.0105357
0.0105169
0.0105411
0.0106139
0.0107372
0.0109029
0.0111101
0.0113627
0.0116436
0.0119453
0.0122554
0.0125716
0.012896
0.013229
0.0135619
0.0138904
0.014216
0.0145616
0.0149349
0.0153236
0.0157151
0.0161105
0.016512
0.0169194
0.0173532
0.0178183
0.0182923
0.0187879
0.0192763
0.0197172
0.0201955
0.0207674
0.0213635
0.0219305
0.0223886
0.0228278
0.0235629
0.0243251
0.0247277
0.0252245
0.0260645
0.0267356
0.0272192
0.0279408
0.0287272
0.0293636
0.0300263
0.0307936
0.0315605
0.0322947
0.0330615
0.0338643
0.0346411
0.0354634
0.0363328
0.0371494
0.0380156
0.0389368
0.0398168
0.0406936
0.0416852
0.042656
0.0435899
0.0445753
0.0456273
0.0466514
0.0476955
0.048776
0.049869
0.0510019
0.052135
0.0533079
0.0544717
0.0557006
0.056928
0.0581901
0.0594696
0.0607624
0.0621068
0.0634525
0.0648317
0.0662455
0.0676665
0.0691475
0.0706223
0.0721552
0.0737094
0.0752684
0.076719
0.0778617
0.00679872
0.00745373
0.00826498
0.00902818
0.00964541
0.0100889
0.010353
0.0104641
0.010472
0.0104354
0.0104071
0.0104091
0.0104586
0.0105612
0.0107185
0.0109188
0.011149
0.0114098
0.0116897
0.0119855
0.0122874
0.0126032
0.0129291
0.0132625
0.0135952
0.013924
0.014251
0.014589
0.0149574
0.015348
0.0157447
0.0161452
0.0165477
0.0169577
0.0173812
0.0178369
0.0183156
0.0188012
0.0192958
0.0197562
0.020217
0.0207737
0.0213624
0.0219277
0.022443
0.0228767
0.0234998
0.0243043
0.024819
0.025234
0.0260134
0.0267692
0.027257
0.0279187
0.0287222
0.0293912
0.0300388
0.0307921
0.0315666
0.0323022
0.0330655
0.0338742
0.0346498
0.0354654
0.0363402
0.0371578
0.038017
0.0389433
0.0398262
0.0406962
0.0416887
0.0426625
0.0435974
0.0445813
0.0456324
0.0466575
0.0477011
0.0487809
0.0498751
0.0510065
0.052138
0.0533122
0.0544759
0.0557039
0.0569309
0.0581923
0.0594708
0.060765
0.0621102
0.0634548
0.0648348
0.0662504
0.0676712
0.0691517
0.0706286
0.0721634
0.0737186
0.0752779
0.0767295
0.0778735
0.00712787
0.00775211
0.00849469
0.00916331
0.00968458
0.0100442
0.010245
0.0103133
0.0103051
0.0102772
0.0102759
0.0103142
0.0104026
0.0105423
0.0107287
0.0109545
0.0111996
0.0114632
0.0117375
0.0120253
0.0123194
0.0126297
0.0129567
0.0132884
0.0136238
0.0139558
0.014287
0.0146235
0.0149847
0.0153764
0.0157739
0.0161813
0.0165873
0.0169982
0.01742
0.0178629
0.0183415
0.0188255
0.0193172
0.0197968
0.0202525
0.0207856
0.0213741
0.0219302
0.0224735
0.0229495
0.0234839
0.0242493
0.0248913
0.0252935
0.0259663
0.0267777
0.0273144
0.0279117
0.0287074
0.0294199
0.0300587
0.030793
0.0315739
0.0323091
0.0330685
0.0338844
0.03466
0.0354668
0.0363474
0.0371676
0.0380186
0.0389487
0.039838
0.0407033
0.0416923
0.0426693
0.0436067
0.0445882
0.0456366
0.0466643
0.047708
0.0487872
0.0498832
0.0510127
0.0521421
0.0533176
0.0544816
0.0557087
0.0569361
0.0581973
0.059475
0.0607698
0.0621148
0.0634579
0.0648385
0.0662563
0.0676767
0.0691569
0.0706357
0.0721717
0.0737277
0.0752882
0.0767403
0.077885
0.00715277
0.00762322
0.00821287
0.00874836
0.00917417
0.00948837
0.00969959
0.00982822
0.00991588
0.00999681
0.0100976
0.0102247
0.0103803
0.0105641
0.0107703
0.0110031
0.0112481
0.0115049
0.01177
0.0120477
0.0123369
0.0126389
0.0129619
0.0132925
0.0136318
0.013974
0.0143121
0.0146547
0.0150109
0.0154006
0.0157977
0.0162068
0.0166181
0.0170261
0.0174495
0.0178843
0.0183551
0.0188433
0.0193319
0.0198231
0.0202882
0.0207964
0.0213785
0.0219358
0.0224817
0.0230098
0.0235112
0.0241892
0.0249116
0.0253762
0.0259422
0.0267493
0.0273666
0.0279218
0.0286797
0.0294378
0.0300817
0.0307927
0.0315796
0.0323157
0.0330688
0.0338938
0.0346728
0.0354685
0.0363519
0.0371773
0.0380185
0.0389466
0.0398487
0.0407109
0.0416931
0.0426752
0.0436193
0.0445968
0.0456405
0.0466718
0.0477152
0.0487928
0.04989
0.0510176
0.0521453
0.0533228
0.0544866
0.0557121
0.056939
0.0581996
0.0594772
0.0607737
0.0621194
0.0634614
0.0648433
0.0662623
0.0676817
0.0691616
0.0706422
0.0721798
0.073736
0.0752969
0.0767499
0.0778954
0.00907531
0.00887528
0.00858459
0.00837695
0.00830682
0.00837773
0.00858068
0.00887616
0.00921249
0.00954214
0.00984871
0.0101303
0.0103857
0.0106199
0.0108396
0.0110634
0.0112953
0.01154
0.0117968
0.0120669
0.0123524
0.0126475
0.0129602
0.0132896
0.0136315
0.0139837
0.0143286
0.0146771
0.0150335
0.0154185
0.0158189
0.0162283
0.0166463
0.0170557
0.0174782
0.0179124
0.0183694
0.0188583
0.0193481
0.0198419
0.0203224
0.0208131
0.0213753
0.0219389
0.0224817
0.0230405
0.0235521
0.0241467
0.0248826
0.0254467
0.0259585
0.0267046
0.0273993
0.0279563
0.0286557
0.0294429
0.0301095
0.0307964
0.031584
0.032325
0.0330679
0.0338984
0.0346874
0.0354722
0.0363545
0.0371887
0.0380232
0.0389483
0.0398619
0.0407222
0.0416904
0.0426758
0.0436312
0.0446027
0.0456391
0.0466763
0.0477216
0.048798
0.0498967
0.0510213
0.0521475
0.0533274
0.0544913
0.0557156
0.0569433
0.0582035
0.0594805
0.0607775
0.0621221
0.0634628
0.0648458
0.0662671
0.0676858
0.0691657
0.0706485
0.0721871
0.0737439
0.0753054
0.0767595
0.0779056
0.00864618
0.00830931
0.00791126
0.00763649
0.0075492
0.00765568
0.00793483
0.00832671
0.00876917
0.00920625
0.00960948
0.00997371
0.0102939
0.0105766
0.0108289
0.0110708
0.0113113
0.0115604
0.0118181
0.0120868
0.0123702
0.0126627
0.0129678
0.0132931
0.0136351
0.0139893
0.0143411
0.0146941
0.0150555
0.0154366
0.0158381
0.0162487
0.0166672
0.0170835
0.0175022
0.0179395
0.0183882
0.0188725
0.0193704
0.0198617
0.0203574
0.0208426
0.0213789
0.0219472
0.0224953
0.0230683
0.023607
0.024154
0.02485
0.0254931
0.0260117
0.026673
0.0274033
0.0280022
0.0286454
0.0294318
0.0301349
0.0308051
0.0315834
0.0323374
0.0330683
0.033897
0.0347035
0.0354787
0.0363517
0.0371984
0.0380267
0.0389438
0.0398735
0.0407392
0.0416892
0.0426778
0.0436508
0.0446167
0.0456415
0.0466841
0.047732
0.0488061
0.0499055
0.0510264
0.0521515
0.0533348
0.0544977
0.0557193
0.0569463
0.0582066
0.0594838
0.0607826
0.0621278
0.0634677
0.0648522
0.0662741
0.0676916
0.069171
0.070655
0.0721948
0.073751
0.0753133
0.0767676
0.0779142
0.00954393
0.00925578
0.00883148
0.00845841
0.00822041
0.00813342
0.00819486
0.00838099
0.0086573
0.00898744
0.00933793
0.00969453
0.0100389
0.0103692
0.0106778
0.0109738
0.0112594
0.0115415
0.0118221
0.0121033
0.0123922
0.0126854
0.0129882
0.0133038
0.0136361
0.01398
0.0143301
0.0146883
0.0150565
0.0154421
0.0158435
0.0162591
0.0166765
0.0171002
0.0175186
0.0179538
0.0184043
0.0188777
0.0193811
0.0198701
0.0203704
0.0208629
0.0213733
0.0219385
0.0224952
0.0230689
0.0236304
0.0241646
0.0248103
0.0254893
0.0260563
0.0266612
0.02738
0.028038
0.0286563
0.0294097
0.0301515
0.0308216
0.0315768
0.0323503
0.0330734
0.0338857
0.0347196
0.0354905
0.0363465
0.0372113
0.0380348
0.0389352
0.0398853
0.0407572
0.0416811
0.0426705
0.0436646
0.0446243
0.0456359
0.0466841
0.0477374
0.0488114
0.0499109
0.051027
0.0521514
0.053339
0.0545022
0.0557216
0.0569491
0.0582098
0.0594867
0.0607854
0.0621292
0.0634682
0.064854
0.0662774
0.0676942
0.0691739
0.0706598
0.0722004
0.0737572
0.07532
0.0767755
0.0779224
0.00737338
0.00762572
0.0079797
0.00829065
0.00851246
0.00864657
0.00872487
0.00879805
0.00890194
0.00906203
0.00928012
0.00955706
0.00987465
0.0102171
0.01056
0.0108938
0.0112167
0.0115259
0.0118299
0.0121255
0.0124214
0.0127194
0.0130233
0.0133313
0.0136471
0.0139784
0.0143223
0.0146888
0.0150661
0.0154584
0.0158596
0.0162733
0.0166901
0.0171126
0.017537
0.0179688
0.0184254
0.0188965
0.0193947
0.0198902
0.0203847
0.0208885
0.0213886
0.0219395
0.0225126
0.0230798
0.0236555
0.0242015
0.0248069
0.0254835
0.0260914
0.0266819
0.0273604
0.0280521
0.0286873
0.0293894
0.0301514
0.0308486
0.0315655
0.0323587
0.033089
0.0338663
0.0347286
0.03551
0.0363315
0.0372192
0.0380492
0.0389197
0.0398927
0.0407867
0.0416795
0.0426659
0.0436878
0.0446431
0.045639
0.0466904
0.0477474
0.0488214
0.0499215
0.0510317
0.0521544
0.0533467
0.0545089
0.055725
0.0569513
0.0582127
0.0594904
0.0607908
0.0621351
0.0634732
0.064861
0.0662845
0.0677001
0.0691791
0.0706657
0.0722074
0.0737629
0.0753261
0.0767819
0.0779293
0.00959617
0.00917341
0.00859523
0.00807441
0.00771552
0.00755191
0.00757463
0.00776112
0.00806661
0.00845227
0.0088774
0.00931252
0.00973607
0.0101365
0.0105118
0.0108613
0.0111946
0.0115122
0.0118221
0.0121225
0.0124182
0.012718
0.0130193
0.0133246
0.0136311
0.0139548
0.0142988
0.0146741
0.0150651
0.0154627
0.0158666
0.0162764
0.0166938
0.0171142
0.017542
0.017977
0.018432
0.0189085
0.0193975
0.0198973
0.0203906
0.0208934
0.0213998
0.0219322
0.0225153
0.0230804
0.0236509
0.0242207
0.0248067
0.0254687
0.0260994
0.0267004
0.027356
0.0280453
0.0287178
0.0293888
0.0301351
0.0308753
0.0315624
0.0323527
0.0331163
0.0338507
0.0347229
0.0355388
0.0363234
0.0372175
0.038071
0.0389083
0.0398865
0.040812
0.0416794
0.0426484
0.0436966
0.0446545
0.0456346
0.0466888
0.0477505
0.0488245
0.0499272
0.0510335
0.052153
0.0533496
0.0545132
0.0557274
0.0569537
0.0582152
0.0594925
0.060793
0.0621366
0.0634735
0.0648619
0.0662869
0.0677019
0.0691807
0.0706684
0.0722108
0.0737669
0.0753304
0.0767866
0.077933
0.00876107
0.00825267
0.00763664
0.00713151
0.00682734
0.0067498
0.00688889
0.00720898
0.00765211
0.00816181
0.00868975
0.00920188
0.00968121
0.0101176
0.0105115
0.0108669
0.0111965
0.0115095
0.0118142
0.012113
0.0124083
0.0127093
0.0130091
0.0133128
0.0136182
0.0139381
0.0142842
0.0146648
0.0150644
0.0154649
0.0158679
0.0162751
0.0166903
0.0171112
0.017538
0.0179774
0.0184309
0.0189096
0.0193974
0.0198949
0.0203927
0.0208913
0.0214041
0.0219344
0.0225163
0.0230892
0.0236525
0.0242323
0.024819
0.025467
0.0261023
0.0267093
0.0273606
0.0280376
0.0287236
0.0293992
0.0301222
0.0308836
0.0315746
0.0323446
0.0331312
0.0338591
0.0347096
0.0355515
0.0363282
0.0372096
0.0380843
0.0389144
0.0398809
0.0408279
0.041697
0.0426492
0.0437064
0.0446735
0.0456446
0.0466956
0.0477599
0.0488323
0.0499355
0.0510412
0.0521574
0.0533545
0.0545182
0.055731
0.056956
0.058218
0.0594961
0.0607976
0.062143
0.0634794
0.0648686
0.0662933
0.0677079
0.0691857
0.0706725
0.072216
0.0737706
0.0753355
0.0767903
0.0779395
)
;

boundaryField
{
    zeroGradientPlanes
    {
        type            zeroGradient;
    }
    inlet
    {
        type            zeroGradient;
    }
    plate
    {
        type            zeroGradient;
    }
    frontAndBack
    {
        type            empty;
    }
}


// ************************************************************************* //
