/*--------------------------------*- C++ -*----------------------------------*\
| =========                 |                                                 |
| \\      /  F ield         | OpenFOAM: The Open Source CFD Toolbox           |
|  \\    /   O peration     | Version:  v1906                                 |
|   \\  /    A nd           | Web:      www.OpenFOAM.com                      |
|    \\/     M anipulation  |                                                 |
\*---------------------------------------------------------------------------*/
FoamFile
{
    version     2.0;
    format      ascii;
    class       volScalarField;
    location    "10.1";
    object      p;
}
// * * * * * * * * * * * * * * * * * * * * * * * * * * * * * * * * * * * * * //

dimensions      [0 2 -2 0 0 0 0];


internalField   nonuniform List<scalar> 
9600
(
2.92942e-10
0.00218919
0.00662054
0.00451851
0.00456833
0.00836599
0.0090246
0.0107337
0.0134745
0.0144605
0.0132636
0.0153794
0.0160453
0.0168694
0.0176283
0.0183404
0.0195636
0.0218166
0.0240999
0.0282696
3.20468e-06
0.00216641
0.00662707
0.0045562
0.00454437
0.00831773
0.00902006
0.0107351
0.0134795
0.0144652
0.0132595
0.0153703
0.0160489
0.0168807
0.0176279
0.018335
0.0195693
0.0217914
0.0241098
0.0278245
3.01224e-06
0.00214623
0.00665
0.00458321
0.00450092
0.00825415
0.00902399
0.0107452
0.0134878
0.0144607
0.013255
0.0153528
0.0160615
0.0168945
0.0176235
0.0183278
0.0195714
0.0217622
0.0240889
0.0273473
1.37549e-06
0.00215205
0.00668447
0.00460099
0.00446666
0.00820964
0.00903497
0.010767
0.0135006
0.0144419
0.0132546
0.0153269
0.0160761
0.0169059
0.017616
0.0183194
0.0195699
0.0217284
0.0240409
0.0268964
2.79464e-06
0.00218818
0.00672336
0.00461024
0.0044532
0.00818749
0.00904819
0.0108026
0.0135192
0.0144089
0.0132577
0.015291
0.0160901
0.0169158
0.0176072
0.0183078
0.0195684
0.021688
0.0239744
0.0264729
1.0855e-05
0.00225187
0.00675665
0.00461387
0.00446869
0.00818394
0.00906356
0.0108514
0.0135435
0.0143655
0.0132642
0.0152477
0.0161046
0.0169246
0.0175979
0.0182936
0.0195677
0.0216421
0.0238909
0.0260661
2.81649e-05
0.00233677
0.00677444
0.00461561
0.0045151
0.00819522
0.00908003
0.0109106
0.0135728
0.014317
0.0132739
0.0152012
0.0161197
0.0169323
0.0175889
0.0182774
0.0195667
0.0215921
0.0237882
0.0256719
5.58967e-05
0.0024347
0.00677169
0.0046198
0.00458796
0.00821624
0.00909695
0.0109754
0.0136062
0.0142681
0.0132868
0.0151548
0.016135
0.0169395
0.0175798
0.0182593
0.0195636
0.0215378
0.0236647
0.0252899
9.3596e-05
0.00253923
0.00675021
0.00463036
0.00467595
0.00824183
0.00911242
0.0110411
0.0136424
0.0142217
0.013303
0.0151102
0.0161505
0.0169465
0.0175699
0.0182396
0.0195561
0.0214787
0.0235212
0.0249198
0.000139739
0.00264731
0.00671641
0.00464967
0.00476981
0.00826858
0.00912349
0.0111033
0.0136798
0.0141787
0.0133225
0.0150685
0.0161662
0.0169531
0.0175586
0.0182187
0.0195422
0.0214143
0.02336
0.0245594
0.000192614
0.00275826
0.00667727
0.00467794
0.00486889
0.0082956
0.00912778
0.011159
0.0137167
0.0141389
0.0133448
0.0150306
0.0161816
0.0169594
0.0175455
0.0181968
0.0195206
0.0213445
0.0231833
0.0242065
0.000250955
0.00287219
0.00663777
0.00471354
0.00497439
0.00832347
0.00912466
0.0112064
0.0137517
0.0141019
0.0133686
0.0149963
0.0161966
0.0169657
0.0175301
0.0181739
0.0194909
0.0212684
0.0229941
0.0238599
0.000314107
0.00298884
0.00660035
0.00475433
0.00508742
0.00835256
0.00911507
0.0112452
0.0137844
0.0140669
0.0133925
0.0149657
0.0162109
0.0169725
0.0175122
0.0181504
0.0194532
0.0211848
0.0227955
0.0235194
0.000381846
0.00310746
0.00656571
0.00479846
0.00520801
0.00838276
0.00910106
0.0112762
0.013815
0.0140335
0.0134151
0.0149384
0.0162239
0.0169802
0.0174918
0.0181257
0.0194085
0.0210928
0.0225907
0.0231853
0.000454155
0.00322717
0.00653382
0.00484466
0.00533513
0.00841382
0.00908489
0.0112999
0.0138439
0.0140016
0.0134352
0.014914
0.0162354
0.0169893
0.0174687
0.0180989
0.0193578
0.0209916
0.0223814
0.0228576
0.000531065
0.00334727
0.00650458
0.00489224
0.00546728
0.00844548
0.00906849
0.0113192
0.0138717
0.0139715
0.013452
0.0148923
0.016245
0.0169994
0.0174429
0.0180689
0.0193021
0.0208805
0.0221682
0.0225369
0.000612605
0.00346735
0.00647812
0.00494097
0.00560299
0.00847752
0.00905336
0.0113345
0.0138985
0.0139435
0.013465
0.0148731
0.0162526
0.0170101
0.0174148
0.0180342
0.0192417
0.0207595
0.0219513
0.0222238
0.000698804
0.00358718
0.00645475
0.00499096
0.00574094
0.00850988
0.00904058
0.0113468
0.0139244
0.0139183
0.0134739
0.0148563
0.0162582
0.0170205
0.0173849
0.0179938
0.0191764
0.0206292
0.0217307
0.0219188
0.000789716
0.00370661
0.00643492
0.0050425
0.00588016
0.00854258
0.00903076
0.0113568
0.0139495
0.0138961
0.0134782
0.0148417
0.0162622
0.0170296
0.0173537
0.0179471
0.0191057
0.020491
0.0215064
0.0216216
0.000885439
0.00382551
0.0064191
0.00509596
0.00601993
0.00857574
0.00902431
0.0113653
0.0139733
0.0138774
0.0134773
0.014829
0.016265
0.0170364
0.0173212
0.0178935
0.0190292
0.0203463
0.0212783
0.0213324
0.000986106
0.00394373
0.00640774
0.00515168
0.00615965
0.00860959
0.00902147
0.0113727
0.0139959
0.0138624
0.0134655
0.0148177
0.0162674
0.0170404
0.0172873
0.0178331
0.0189467
0.020196
0.0210462
0.0210512
0.00109188
0.00406109
0.00640126
0.00521006
0.0062988
0.00864438
0.00902233
0.0113798
0.0140169
0.0138513
0.0134502
0.0148071
0.0162698
0.0170411
0.0172516
0.0177655
0.0188579
0.020042
0.0208097
0.020777
0.00120296
0.00417739
0.00640003
0.00527152
0.00643686
0.00868035
0.00902697
0.0113887
0.0140361
0.0138442
0.0134361
0.0147963
0.0162725
0.0170384
0.0172139
0.0176908
0.0187617
0.019886
0.0205697
0.0205066
0.00131954
0.00429243
0.00640432
0.00533647
0.00657339
0.00871773
0.00903537
0.011396
0.0140534
0.0138409
0.013421
0.014785
0.0162754
0.0170318
0.0171742
0.0176096
0.0186571
0.0197293
0.0203286
0.0202356
0.00144185
0.00440607
0.00641429
0.00540526
0.00670804
0.00875664
0.0090475
0.0114031
0.0140688
0.0138411
0.0134039
0.0147727
0.0162786
0.0170211
0.0171319
0.0175226
0.0185432
0.0195723
0.0200907
0.0199611
0.0015701
0.00451818
0.00643
0.00547827
0.00684049
0.00879722
0.00906332
0.0114104
0.0140825
0.0138446
0.0133846
0.0147587
0.0162823
0.0170062
0.0170863
0.0174302
0.0184196
0.0194144
0.0198609
0.0196845
0.00170451
0.0046287
0.00645134
0.00555592
0.00697051
0.0088396
0.00908289
0.0114176
0.0140946
0.0138516
0.0133634
0.0147425
0.0162869
0.0169869
0.0170364
0.0173341
0.0182859
0.0192525
0.0196418
0.0194132
0.00184526
0.00473771
0.00647813
0.00563852
0.00709797
0.0088839
0.00910647
0.0114244
0.014105
0.0138624
0.0133398
0.0147229
0.0162932
0.0169637
0.0169806
0.0172358
0.0181443
0.0190824
0.0194308
0.0191563
0.00199244
0.00484542
0.00651022
0.0057263
0.00722284
0.00893014
0.00913426
0.0114307
0.0141135
0.013877
0.0133143
0.0146987
0.016301
0.016938
0.0169174
0.0171354
0.0179987
0.0189036
0.0192212
0.0189173
0.00214611
0.00495209
0.00654744
0.00581943
0.00734523
0.00897824
0.00916644
0.0114368
0.0141197
0.0138952
0.0132877
0.0146686
0.0163094
0.0169117
0.0168465
0.0170311
0.0178516
0.0187201
0.0190082
0.018691
0.00230623
0.00505813
0.00658964
0.00591801
0.00746524
0.00902804
0.0092034
0.0114429
0.0141235
0.0139169
0.0132609
0.0146316
0.0163166
0.0168858
0.0167683
0.0169218
0.0177027
0.018536
0.0187936
0.0184697
0.00247267
0.00516403
0.00663673
0.00602209
0.00758303
0.0090792
0.00924536
0.0114493
0.0141244
0.0139418
0.0132349
0.0145872
0.0163211
0.0168609
0.0166836
0.0168076
0.0175519
0.0183513
0.0185815
0.0182504
0.00264531
0.00527034
0.0066886
0.00613147
0.00769918
0.00913144
0.00929201
0.0114566
0.0141223
0.0139697
0.0132102
0.0145347
0.0163211
0.0168376
0.0165926
0.0166887
0.017402
0.0181648
0.0183719
0.0180354
0.00282393
0.0053777
0.00674526
0.00624561
0.00781442
0.00918482
0.00934278
0.0114654
0.0141169
0.0139998
0.0131881
0.0144741
0.0163153
0.0168167
0.0164953
0.0165637
0.0172572
0.0179786
0.0181607
0.0178258
0.00300838
0.00548663
0.00680698
0.00636406
0.00792913
0.00923946
0.00939713
0.011476
0.0141087
0.0140315
0.0131689
0.0144049
0.0163018
0.0167988
0.0163927
0.0164291
0.017119
0.0178
0.0179455
0.0176178
0.0031985
0.00559746
0.00687433
0.00648633
0.00804332
0.00929566
0.00945446
0.0114886
0.0140979
0.0140642
0.0131534
0.0143274
0.016279
0.0167845
0.0162867
0.0162818
0.0169842
0.0176371
0.0177302
0.0174047
0.00339406
0.00571038
0.00694816
0.00661208
0.00815675
0.00935398
0.00951385
0.0115032
0.0140854
0.0140976
0.0131414
0.0142417
0.0162455
0.0167744
0.0161808
0.01612
0.0168472
0.0174933
0.0175241
0.0171826
0.00359501
0.00582535
0.00702934
0.00674143
0.00826881
0.00941326
0.00957479
0.0115191
0.014072
0.0141316
0.0131333
0.0141476
0.0161988
0.0167688
0.0160796
0.0159435
0.0167017
0.0173681
0.0173377
0.0169536
0.00380146
0.00594208
0.00711866
0.00687477
0.00837848
0.00947926
0.0096375
0.0115352
0.0140579
0.0141664
0.0131296
0.0140447
0.0161361
0.0167678
0.015989
0.0157529
0.01654
0.0172576
0.0171812
0.0167258
0.00401354
0.00606005
0.00721685
0.00701295
0.00848456
0.00955049
0.00970152
0.0115499
0.0140421
0.0142027
0.0131318
0.0139333
0.0160532
0.0167695
0.0159162
0.0155524
0.0163536
0.0171535
0.017063
0.0165142
0.00423142
0.00617867
0.00732383
0.00715759
0.00858613
0.00962681
0.00976983
0.0115622
0.0140236
0.0142404
0.0131324
0.0138147
0.0159461
0.0167687
0.0158676
0.0153524
0.0161362
0.0170413
0.0169856
0.0163404
0.00445538
0.0062977
0.00743883
0.00731055
0.00868289
0.00970717
0.0098441
0.0115723
0.0140009
0.0142791
0.0131436
0.0136928
0.0158116
0.0167569
0.0158462
0.015166
0.0158891
0.0169035
0.0169379
0.016224
0.00468561
0.00641729
0.00756055
0.00747377
0.00877517
0.0097895
0.00992589
0.0115806
0.013972
0.0143173
0.0131723
0.0135724
0.015649
0.016725
0.0158493
0.015006
0.0156224
0.0167287
0.0168994
0.0161714
0.00492233
0.00653764
0.00768699
0.0076493
0.00886433
0.00987042
0.0100169
0.0115888
0.0139347
0.0143525
0.0132162
0.0134589
0.0154618
0.0166648
0.0158699
0.014882
0.015348
0.0165154
0.0168503
0.01617
0.00516568
0.00665947
0.00781552
0.0078384
0.00895334
0.00994622
0.0101169
0.0116
0.0138877
0.0143817
0.0132724
0.0133583
0.0152562
0.0165707
0.0158986
0.0148001
0.0150785
0.0162654
0.0167782
0.0161982
0.00541553
0.0067842
0.00794316
0.00804062
0.0090469
0.0100145
0.0102238
0.0116172
0.0138313
0.0144011
0.0133381
0.0132768
0.0150392
0.0164415
0.0159241
0.0147612
0.0148298
0.0159826
0.0166751
0.016238
0.00567152
0.00691393
0.00806746
0.00825367
0.00915007
0.0100743
0.0103338
0.0116429
0.0137671
0.0144154
0.0134113
0.0132194
0.0148209
0.016282
0.0159349
0.0147574
0.0146186
0.0156767
0.0165315
0.0162762
0.00593318
0.00705062
0.00818674
0.00847372
0.00926783
0.0101261
0.0104418
0.011679
0.0136993
0.0144087
0.0134855
0.0131854
0.0146116
0.0160996
0.0159245
0.0147762
0.0144536
0.0153667
0.0163402
0.0162991
0.00619993
0.00719607
0.00829998
0.00869571
0.0094044
0.0101728
0.0105407
0.0117257
0.013635
0.0143812
0.0135504
0.0131708
0.0144182
0.0159024
0.015894
0.0148069
0.0143326
0.015071
0.0161031
0.01629
0.00647077
0.00735218
0.0084077
0.00891375
0.00956169
0.01022
0.010624
0.0117803
0.0135805
0.0143022
0.0136021
0.0131718
0.0142427
0.015697
0.0158457
0.0148451
0.0142495
0.014801
0.0158313
0.0162339
0.00674446
0.00752055
0.00851153
0.00912213
0.00973934
0.0102755
0.010689
0.0118349
0.0135416
0.014262
0.013643
0.0131806
0.0140857
0.0154874
0.0157787
0.0148879
0.0142017
0.0145649
0.0155411
0.0161237
0.00701955
0.00770248
0.00861479
0.00931564
0.00993351
0.0103482
0.0107365
0.0118785
0.0135178
0.0142315
0.0136745
0.013191
0.0139463
0.0152775
0.0156927
0.0149288
0.0141862
0.0143698
0.0152503
0.0159613
0.00729456
0.00789826
0.0087221
0.00949057
0.0101373
0.010445
0.0107725
0.0119018
0.0135022
0.0142123
0.0137046
0.0132031
0.0138199
0.0150699
0.0155899
0.0149628
0.0141959
0.0142192
0.0149765
0.0157581
0.00756858
0.00810804
0.00883763
0.00964455
0.0103411
0.0105699
0.0108078
0.0119001
0.0134831
0.0142082
0.0137463
0.0132213
0.0137042
0.0148626
0.0154705
0.0149885
0.014225
0.0141107
0.014733
0.0155332
0.00784018
0.00833044
0.00896772
0.009779
0.010534
0.0107215
0.0108548
0.0118738
0.013448
0.0142353
0.0138088
0.0132521
0.0136039
0.0146556
0.0153318
0.0150034
0.0142712
0.0140405
0.0145256
0.0153057
0.00810889
0.00856224
0.00911264
0.00989969
0.010712
0.0108964
0.0109229
0.0118267
0.0133848
0.0142599
0.0138936
0.0133021
0.0135224
0.0144559
0.0151731
0.0149994
0.0143303
0.0140071
0.014355
0.0150887
0.00837606
0.00879676
0.00927328
0.0100069
0.0108656
0.0110852
0.0110266
0.0117773
0.0132894
0.0142698
0.0139998
0.0133782
0.0134636
0.0142702
0.015
0.0149694
0.0143929
0.0140089
0.0142226
0.0148885
0.00864283
0.00905525
0.00945385
0.0100943
0.0109763
0.0112719
0.0111734
0.0117551
0.0131686
0.0142477
0.0141158
0.013484
0.0134338
0.0141019
0.0148197
0.014913
0.0144479
0.0140407
0.0141321
0.0147091
0.00890678
0.00929585
0.00964923
0.0101919
0.0110664
0.0114489
0.0113513
0.0117669
0.0130358
0.0141841
0.0142171
0.0136163
0.0134417
0.0139574
0.0146368
0.0148341
0.0144874
0.0140926
0.0140866
0.0145589
0.00916714
0.00954145
0.00985575
0.0103032
0.0111397
0.0116039
0.0115426
0.0118162
0.0129113
0.0140866
0.0142849
0.0137651
0.0134902
0.0138477
0.0144586
0.0147342
0.0145074
0.0141521
0.0140831
0.0144503
0.00942333
0.00978072
0.0100728
0.0104303
0.0112009
0.0117321
0.0117369
0.0119049
0.0128107
0.0138928
0.014308
0.0139128
0.0135733
0.0137827
0.0142977
0.0146166
0.0145058
0.0142085
0.0141093
0.0143889
0.00967369
0.0100105
0.0102946
0.0105799
0.011264
0.0118349
0.0119196
0.0120243
0.0127512
0.013769
0.014294
0.0140451
0.0136841
0.0137609
0.014168
0.0144923
0.0144813
0.014256
0.0141497
0.0143672
0.00991937
0.010228
0.0105171
0.0107472
0.0113335
0.0119174
0.0120867
0.0121641
0.0127355
0.0136531
0.0142469
0.0141492
0.0138112
0.013777
0.0140743
0.0143756
0.0144368
0.0142901
0.0141938
0.0143716
0.0101647
0.0104557
0.0107272
0.0109128
0.0114094
0.0119886
0.0122365
0.0123155
0.0127607
0.0135593
0.0141769
0.0142176
0.0139427
0.0138313
0.0140195
0.0142785
0.014383
0.0143106
0.0142391
0.0143919
0.0104058
0.0106663
0.0109278
0.0110869
0.0115016
0.0120541
0.0123659
0.0124677
0.0128194
0.0134963
0.0141015
0.0142535
0.0140639
0.0139181
0.0140082
0.0142073
0.0143277
0.0143176
0.0142846
0.0144242
0.0106382
0.0108736
0.0111233
0.0112668
0.0116069
0.0121141
0.0124734
0.0126134
0.0129036
0.0134683
0.014036
0.0142676
0.0141654
0.0140204
0.0140356
0.0141683
0.0142819
0.0143148
0.0143263
0.0144669
0.0108623
0.0110706
0.0113105
0.0114453
0.0117235
0.0121781
0.0125651
0.0127482
0.0130045
0.0134743
0.0139907
0.0142711
0.0142511
0.0141249
0.0140921
0.0141678
0.0142589
0.0143123
0.0143622
0.0145168
0.0110798
0.0112675
0.0114843
0.0116113
0.0118462
0.0122494
0.0126463
0.0128707
0.0131146
0.01351
0.0139706
0.0142756
0.0143266
0.0142329
0.0141725
0.0142038
0.0142672
0.0143211
0.0143948
0.0145678
0.0112848
0.0114546
0.0116516
0.0117724
0.0119746
0.012327
0.0127181
0.0129788
0.0132272
0.0135689
0.0139792
0.0142903
0.0143972
0.0143482
0.0142777
0.0142724
0.0143102
0.0143532
0.0144336
0.0146196
0.0114748
0.0116236
0.0118102
0.0119295
0.0121061
0.0124121
0.0127864
0.0130748
0.0133368
0.0136417
0.0140162
0.0143256
0.0144718
0.0144713
0.0144114
0.0143777
0.0143902
0.0144184
0.0144913
0.0146793
0.0116552
0.0117959
0.0119545
0.0120611
0.0122274
0.0125022
0.0128567
0.0131632
0.0134438
0.013716
0.0140801
0.0143878
0.0145609
0.0146051
0.0145757
0.014532
0.0145204
0.0145286
0.0145795
0.0147525
0.0118173
0.0119478
0.0120874
0.0121843
0.0123438
0.012597
0.0129299
0.0132423
0.0135586
0.0138889
0.0141811
0.0144805
0.0146751
0.0147591
0.0147736
0.0147534
0.0147391
0.0147392
0.014766
0.0148971
0.0119585
0.012083
0.012214
0.0122964
0.0124421
0.0126796
0.0130108
0.0133171
0.0135853
0.0138684
0.0141886
0.0145048
0.014745
0.0148725
0.0149349
0.0149593
0.0149854
0.0150422
0.0151286
0.0152682
0.0120817
0.012211
0.0123319
0.012401
0.0125318
0.0127475
0.0130828
0.0134449
0.0138095
0.0141388
0.0144623
0.0147894
0.0150648
0.0152367
0.0153199
0.0153216
0.0152587
0.0152009
0.0152096
0.0152962
0.0121724
0.0122732
0.0123871
0.0124787
0.0126407
0.0128337
0.0129992
0.0132281
0.0134737
0.0138038
0.014215
0.014708
0.0151307
0.0154104
0.0156339
0.0159309
0.016282
0.0166571
0.0169962
0.0172649
0.0122935
0.0124095
0.0124826
0.01251
0.01266
0.012915
0.0133123
0.0137048
0.0140808
0.0143599
0.0146995
0.0150045
0.015306
0.0155597
0.0157749
0.0159427
0.0161462
0.0163835
0.0166606
0.016904
0.0121948
0.0122959
0.0125228
0.0127247
0.0129521
0.0131803
0.0134451
0.0136658
0.0139128
0.0141912
0.0145064
0.0148295
0.0151269
0.0154993
0.0159084
0.0163428
0.0167708
0.0171889
0.0175607
0.017813
0.0124295
0.012581
0.0127276
0.012817
0.0129975
0.0132411
0.0135437
0.0138612
0.0142142
0.0145727
0.0149214
0.015208
0.0154572
0.0156228
0.0157087
0.0157172
0.0156974
0.0156315
0.0155302
0.0154568
0.0122741
0.0124027
0.012675
0.0129283
0.0131796
0.0134105
0.0136699
0.0139081
0.0141525
0.0144159
0.0146919
0.0150245
0.0153591
0.0156902
0.0160815
0.0164939
0.0168909
0.017263
0.0175756
0.0177596
0.0124196
0.0125789
0.0128548
0.0130701
0.0132956
0.0135077
0.0137602
0.0140263
0.0143168
0.0146542
0.0149961
0.0152899
0.0155492
0.0157742
0.0159699
0.0161597
0.0163748
0.0166137
0.0168142
0.0169066
0.03146
0.0256633
0.0176863
0.0120286
0.0107579
0.0119828
0.0133448
0.0142132
0.0147818
0.0152592
0.0156944
0.0161187
0.0165183
0.0168253
0.0170883
0.0174035
0.0177175
0.0179424
0.0181431
0.0184629
0.0189081
0.0193433
0.0196922
0.0200094
0.0203807
0.0208259
0.0212645
0.0216283
0.0219826
0.0224104
0.0228356
0.0231943
0.0235568
0.0239727
0.0244356
0.0249469
0.0254987
0.0260345
0.0265256
0.0270056
0.0274997
0.0279963
0.0284804
0.0289331
0.0293682
0.0298373
0.0303548
0.03088
0.0313807
0.0319158
0.0325054
0.0330943
0.0336541
0.0342647
0.0349407
0.0356157
0.036263
0.0368724
0.0374263
0.0379817
0.0386309
0.0393757
0.040158
0.0409033
0.041644
0.0423917
0.0431195
0.0438384
0.0446177
0.045396
0.0461882
0.0470192
0.0478747
0.048716
0.0495744
0.0504672
0.0513815
0.052319
0.0532632
0.0542469
0.0552204
0.0562577
0.0573052
0.0583627
0.0594297
0.0605262
0.0616738
0.0628255
0.0639887
0.0651455
0.0662985
0.0675394
0.068761
0.0700243
0.0712833
0.0725438
0.0737884
0.0749722
0.0761002
0.0770647
0.0307113
0.0255181
0.0177719
0.0121744
0.0108472
0.0120258
0.0133714
0.0142318
0.0147954
0.0152698
0.0157029
0.0161258
0.0165246
0.0168309
0.0170931
0.0174078
0.0177216
0.017946
0.0181461
0.0184654
0.0189104
0.0193455
0.0196943
0.0200111
0.0203822
0.0208273
0.0212658
0.0216295
0.0219836
0.0224114
0.0228366
0.0231953
0.0235577
0.0239735
0.0244364
0.0249477
0.0254995
0.0260353
0.0265264
0.0270063
0.0275004
0.027997
0.0284811
0.0289338
0.0293688
0.0298378
0.0303554
0.0308805
0.0313813
0.0319162
0.0325058
0.0330948
0.0336546
0.034265
0.0349411
0.0356161
0.0362633
0.0368728
0.0374267
0.037982
0.0386312
0.039376
0.0401583
0.0409036
0.0416443
0.0423919
0.0431197
0.0438386
0.0446179
0.0453962
0.0461884
0.0470194
0.0478749
0.0487162
0.0495746
0.0504674
0.0513816
0.0523192
0.0532634
0.054247
0.0552206
0.0562578
0.0573053
0.0583628
0.0594298
0.0605263
0.0616739
0.0628256
0.0639888
0.0651456
0.0662986
0.0675395
0.0687611
0.0700244
0.0712834
0.0725439
0.0737885
0.0749723
0.0761002
0.0770647
0.0300197
0.0253862
0.0179473
0.0124401
0.0109989
0.0120808
0.0133971
0.0142516
0.0148122
0.0152836
0.0157137
0.0161343
0.0165316
0.0168368
0.017098
0.0174122
0.0177255
0.0179495
0.018149
0.0184679
0.0189127
0.0193477
0.0196963
0.0200129
0.0203837
0.0208286
0.0212671
0.0216307
0.0219846
0.0224124
0.0228376
0.0231962
0.0235584
0.0239742
0.024437
0.0249483
0.0255002
0.026036
0.026527
0.0270069
0.027501
0.0279976
0.0284817
0.0289344
0.0293693
0.0298383
0.0303559
0.030881
0.0313817
0.0319166
0.0325062
0.0330952
0.0336549
0.0342653
0.0349414
0.0356165
0.0362637
0.0368732
0.037427
0.0379822
0.0386314
0.0393762
0.0401586
0.0409038
0.0416445
0.0423921
0.0431199
0.0438388
0.044618
0.0453964
0.0461886
0.0470196
0.047875
0.0487163
0.0495747
0.0504675
0.0513817
0.0523193
0.0532635
0.0542472
0.0552207
0.0562579
0.0573054
0.0583629
0.0594299
0.0605264
0.061674
0.0628257
0.0639889
0.0651457
0.0662986
0.0675396
0.0687612
0.0700245
0.0712834
0.072544
0.0737886
0.0749724
0.0761003
0.0770648
0.029369
0.0252501
0.0181663
0.012774
0.0112068
0.0121587
0.0134336
0.0142807
0.0148381
0.0153047
0.0157294
0.0161455
0.0165403
0.0168445
0.017105
0.0174181
0.0177305
0.0179541
0.0181534
0.0184716
0.0189156
0.0193502
0.0196987
0.0200153
0.020386
0.0208305
0.0212687
0.0216321
0.0219858
0.0224135
0.0228387
0.023197
0.0235591
0.0239748
0.0244376
0.024949
0.0255009
0.0260368
0.0265277
0.0270075
0.0275017
0.0279982
0.0284823
0.028935
0.0293699
0.0298388
0.0303564
0.0308815
0.0313822
0.0319171
0.0325067
0.0330957
0.0336553
0.0342657
0.0349418
0.0356168
0.0362641
0.0368736
0.0374274
0.0379825
0.0386316
0.0393764
0.0401588
0.0409041
0.0416447
0.0423924
0.0431202
0.043839
0.0446182
0.0453965
0.0461887
0.0470197
0.0478752
0.0487165
0.0495749
0.0504676
0.0513819
0.0523195
0.0532636
0.0542473
0.0552208
0.056258
0.0573056
0.058363
0.05943
0.0605265
0.0616741
0.0628258
0.063989
0.0651458
0.0662987
0.0675397
0.0687613
0.0700246
0.0712835
0.0725441
0.0737887
0.0749725
0.0761005
0.077065
0.0287185
0.0250864
0.018393
0.0131307
0.0114394
0.0122486
0.0134756
0.0143172
0.0148728
0.015334
0.0157515
0.0161608
0.0165513
0.0168544
0.0171148
0.0174266
0.0177374
0.0179608
0.0181604
0.0184777
0.0189198
0.019353
0.0197018
0.0200191
0.0203897
0.0208334
0.0212709
0.0216341
0.0219878
0.0224153
0.0228401
0.0231981
0.0235599
0.0239755
0.0244383
0.0249497
0.0255017
0.0260375
0.0265284
0.0270083
0.0275025
0.027999
0.0284829
0.0289356
0.0293705
0.0298394
0.0303569
0.0308821
0.0313827
0.0319175
0.0325072
0.0330962
0.0336557
0.034266
0.0349422
0.0356172
0.0362645
0.036874
0.0374277
0.0379827
0.0386317
0.0393767
0.0401592
0.0409044
0.041645
0.0423927
0.0431204
0.0438392
0.0446184
0.0453967
0.0461889
0.0470199
0.0478754
0.0487167
0.049575
0.0504678
0.051382
0.0523196
0.0532637
0.0542474
0.0552209
0.0562581
0.0573057
0.0583632
0.0594301
0.0605266
0.0616742
0.0628259
0.0639891
0.0651459
0.0662988
0.0675398
0.0687614
0.0700247
0.0712836
0.0725442
0.0737888
0.0749726
0.0761007
0.0770652
0.0280644
0.024893
0.0186144
0.0134944
0.0116855
0.0123444
0.013518
0.014356
0.0149129
0.0153692
0.0157784
0.0161792
0.0165639
0.0168659
0.0171269
0.0174374
0.0177463
0.01797
0.0181709
0.018487
0.0189255
0.0193562
0.0197054
0.0200244
0.0203951
0.0208374
0.0212738
0.0216371
0.0219909
0.022418
0.0228421
0.0231996
0.023561
0.0239763
0.024439
0.0249505
0.0255024
0.026038
0.0265289
0.027009
0.0275034
0.0279998
0.0284836
0.0289362
0.0293712
0.0298401
0.0303575
0.0308826
0.0313832
0.0319181
0.0325077
0.0330967
0.0336562
0.0342665
0.0349426
0.0356177
0.0362651
0.0368746
0.0374281
0.0379829
0.0386319
0.039377
0.0401596
0.0409047
0.0416453
0.042393
0.0431207
0.0438394
0.0446186
0.045397
0.0461891
0.0470201
0.0478756
0.0487168
0.0495752
0.0504679
0.0513822
0.0523197
0.0532639
0.0542476
0.0552211
0.0562582
0.0573058
0.0583633
0.0594303
0.0605267
0.0616743
0.0628261
0.0639892
0.065146
0.0662989
0.0675399
0.0687615
0.0700248
0.0712838
0.0725443
0.073789
0.0749728
0.0761011
0.0770655
0.0274161
0.0246736
0.0188241
0.0138593
0.0119434
0.0124468
0.0135605
0.0143958
0.0149564
0.0154085
0.0158086
0.0161996
0.0165776
0.0168783
0.0171402
0.0174495
0.0177567
0.0179814
0.0181844
0.0184993
0.0189331
0.0193601
0.0197096
0.0200309
0.0204021
0.0208425
0.0212773
0.0216409
0.0219952
0.0224218
0.0228451
0.023202
0.0235628
0.0239775
0.02444
0.0249514
0.025503
0.0260383
0.0265293
0.0270098
0.0275044
0.0280007
0.0284842
0.028937
0.0293721
0.029841
0.0303582
0.0308832
0.0313839
0.0319188
0.0325083
0.0330972
0.0336568
0.034267
0.0349431
0.0356182
0.0362657
0.0368752
0.0374286
0.0379831
0.0386322
0.0393774
0.04016
0.0409051
0.0416457
0.0423934
0.0431211
0.0438397
0.0446189
0.0453973
0.0461893
0.0470203
0.0478758
0.0487171
0.0495753
0.0504681
0.0513823
0.0523199
0.053264
0.0542477
0.0552212
0.0562584
0.057306
0.0583634
0.0594304
0.0605268
0.0616745
0.0628262
0.0639893
0.0651462
0.066299
0.06754
0.0687616
0.0700249
0.0712839
0.0725444
0.0737892
0.0749731
0.0761016
0.0770659
0.0267835
0.0244296
0.0190159
0.0142224
0.0122143
0.0125587
0.0136043
0.0144358
0.0150025
0.0154513
0.0158415
0.0162216
0.0165922
0.0168913
0.0171542
0.0174624
0.0177679
0.0179942
0.0182002
0.018514
0.0189423
0.0193648
0.0197145
0.0200384
0.0204102
0.0208482
0.0212813
0.0216454
0.0220006
0.0224266
0.0228489
0.0232054
0.0235656
0.0239794
0.0244414
0.0249526
0.0255037
0.0260384
0.0265293
0.0270103
0.0275054
0.0280016
0.0284848
0.0289378
0.0293733
0.0298422
0.030359
0.0308839
0.0313848
0.0319197
0.0325089
0.0330977
0.0336574
0.0342676
0.0349436
0.0356188
0.0362664
0.036876
0.0374291
0.0379834
0.0386324
0.0393778
0.0401605
0.0409056
0.0416461
0.0423938
0.0431215
0.04384
0.0446193
0.0453976
0.0461896
0.0470206
0.0478761
0.0487173
0.0495756
0.0504683
0.0513825
0.0523201
0.0532642
0.0542479
0.0552213
0.0562585
0.0573062
0.0583636
0.0594305
0.0605269
0.0616746
0.0628264
0.0639895
0.0651463
0.0662991
0.0675401
0.0687618
0.070025
0.0712841
0.0725446
0.0737895
0.0749736
0.0761023
0.0770664
0.0261726
0.0241624
0.0191863
0.014582
0.0124989
0.0126821
0.0136498
0.0144754
0.0150505
0.015497
0.015877
0.0162454
0.0166077
0.0169049
0.0171688
0.0174759
0.0177795
0.0180077
0.0182171
0.0185302
0.0189529
0.0193704
0.01972
0.0200467
0.020419
0.0208545
0.0212855
0.0216503
0.0220065
0.0224319
0.0228533
0.0232096
0.0235694
0.0239821
0.0244435
0.0249543
0.0255046
0.0260383
0.026529
0.0270106
0.0275062
0.0280023
0.0284853
0.0289386
0.0293749
0.0298439
0.0303601
0.0308848
0.031386
0.0319209
0.0325097
0.0330983
0.0336581
0.0342683
0.034944
0.0356192
0.0362672
0.0368769
0.0374298
0.0379838
0.0386328
0.0393782
0.040161
0.0409061
0.0416466
0.0423944
0.043122
0.0438405
0.0446197
0.045398
0.04619
0.047021
0.0478764
0.0487176
0.0495758
0.0504686
0.0513828
0.0523203
0.0532643
0.0542481
0.0552215
0.0562586
0.0573063
0.0583637
0.0594307
0.0605271
0.0616748
0.0628265
0.0639896
0.0651464
0.0662992
0.0675402
0.0687619
0.0700251
0.0712843
0.0725447
0.0737898
0.0749742
0.0761033
0.0770671
0.025587
0.0238765
0.0193342
0.0149362
0.0127956
0.0128174
0.0136972
0.0145135
0.0150992
0.0155455
0.015915
0.0162707
0.0166243
0.0169193
0.0171842
0.01749
0.0177916
0.0180215
0.0182347
0.0185474
0.0189644
0.0193767
0.0197262
0.0200554
0.0204282
0.020861
0.0212899
0.0216555
0.0220129
0.0224375
0.0228579
0.0232144
0.0235739
0.0239857
0.0244464
0.0249565
0.0255057
0.0260383
0.0265285
0.0270106
0.0275068
0.0280027
0.0284855
0.0289393
0.0293766
0.0298459
0.0303614
0.0308859
0.0313875
0.0319225
0.0325107
0.033099
0.0336589
0.0342689
0.0349442
0.0356195
0.0362679
0.0368779
0.0374306
0.0379844
0.0386333
0.0393788
0.0401615
0.0409065
0.0416471
0.0423949
0.0431226
0.0438411
0.0446202
0.0453985
0.0461906
0.0470215
0.0478769
0.0487181
0.0495762
0.0504689
0.0513831
0.0523206
0.0532646
0.0542483
0.0552217
0.0562588
0.0573065
0.0583639
0.0594308
0.0605272
0.0616749
0.0628267
0.0639898
0.0651466
0.0662993
0.0675404
0.0687621
0.0700253
0.0712846
0.072545
0.0737902
0.0749751
0.0761045
0.0770678
0.0250298
0.0235781
0.019459
0.015281
0.0131014
0.012965
0.0137472
0.0145495
0.015148
0.0155964
0.0159554
0.0162976
0.0166417
0.0169345
0.0172005
0.0175051
0.0178043
0.0180357
0.0182528
0.0185652
0.0189766
0.0193837
0.0197329
0.0200647
0.0204379
0.0208678
0.0212946
0.021661
0.0220195
0.0224432
0.0228626
0.0232193
0.023579
0.0239901
0.0244499
0.0249592
0.0255072
0.0260384
0.0265281
0.0270104
0.027507
0.0280028
0.0284852
0.0289398
0.0293785
0.0298481
0.030363
0.0308871
0.0313894
0.0319244
0.0325119
0.0331
0.0336601
0.0342697
0.0349443
0.0356193
0.0362683
0.0368787
0.0374315
0.0379852
0.0386342
0.0393796
0.0401621
0.0409069
0.0416476
0.0423954
0.0431232
0.0438417
0.0446208
0.0453991
0.0461912
0.0470221
0.0478774
0.0487186
0.0495768
0.0504694
0.0513835
0.052321
0.0532649
0.0542486
0.0552219
0.056259
0.0573067
0.058364
0.059431
0.0605273
0.0616751
0.0628269
0.06399
0.0651467
0.0662995
0.0675405
0.0687622
0.0700254
0.0712849
0.0725452
0.0737907
0.0749762
0.076106
0.0770688
0.0245031
0.0232722
0.0195591
0.0156121
0.0134136
0.0131261
0.0138015
0.0145834
0.0151957
0.015649
0.0159982
0.0163261
0.01666
0.0169505
0.0172178
0.0175211
0.0178177
0.0180503
0.0182713
0.0185838
0.0189897
0.0193914
0.01974
0.0200744
0.0204481
0.0208751
0.0212995
0.0216667
0.0220263
0.0224491
0.0228673
0.0232243
0.0235844
0.0239948
0.0244539
0.0249624
0.0255088
0.0260386
0.0265277
0.0270103
0.0275071
0.0280025
0.0284847
0.0289401
0.0293803
0.0298506
0.0303647
0.0308886
0.0313914
0.0319266
0.0325134
0.0331012
0.0336616
0.0342708
0.0349443
0.0356189
0.0362682
0.036879
0.0374321
0.0379862
0.0386354
0.0393808
0.0401628
0.0409073
0.0416478
0.0423958
0.0431237
0.0438424
0.0446214
0.0453998
0.046192
0.0470228
0.0478781
0.0487193
0.0495774
0.05047
0.0513841
0.0523215
0.0532653
0.0542489
0.0552222
0.0562593
0.0573069
0.0583642
0.0594311
0.0605274
0.0616753
0.0628271
0.0639902
0.0651469
0.0662996
0.0675407
0.0687624
0.0700256
0.0712853
0.0725454
0.0737913
0.0749776
0.0761078
0.0770699
0.0240063
0.0229623
0.0196333
0.0159262
0.0137301
0.0133019
0.0138617
0.0146151
0.0152416
0.015703
0.0160434
0.0163564
0.0166794
0.0169673
0.0172362
0.0175382
0.0178318
0.0180654
0.0182904
0.0186031
0.0190034
0.0193996
0.0197478
0.0200848
0.0204588
0.0208827
0.0213046
0.0216726
0.0220335
0.0224552
0.0228721
0.0232294
0.0235899
0.024
0.0244584
0.0249659
0.0255108
0.0260389
0.0265273
0.0270101
0.0275071
0.028002
0.0284838
0.0289402
0.0293821
0.0298531
0.0303666
0.0308902
0.0313937
0.0319291
0.0325151
0.0331027
0.0336635
0.0342722
0.0349443
0.0356181
0.0362676
0.0368788
0.0374322
0.0379869
0.0386368
0.0393825
0.040164
0.0409077
0.041648
0.0423959
0.0431241
0.0438429
0.044622
0.0454005
0.0461929
0.0470236
0.0478787
0.0487201
0.0495783
0.0504709
0.0513849
0.0523222
0.0532658
0.0542494
0.0552227
0.0562597
0.0573073
0.0583644
0.0594313
0.0605275
0.0616755
0.0628273
0.0639904
0.0651471
0.0662998
0.0675408
0.0687626
0.0700257
0.0712857
0.0725457
0.0737919
0.0749793
0.07611
0.0770713
0.0235367
0.0226509
0.0196828
0.0162214
0.0140486
0.0134929
0.01393
0.0146454
0.015285
0.0157578
0.0160912
0.0163887
0.0167
0.0169851
0.0172555
0.0175563
0.0178467
0.018081
0.01831
0.0186232
0.019018
0.0194086
0.0197562
0.0200957
0.0204701
0.0208907
0.02131
0.0216788
0.0220409
0.0224615
0.022877
0.0232345
0.0235957
0.0240057
0.0244636
0.0249699
0.0255129
0.0260392
0.0265271
0.0270101
0.0275071
0.0280013
0.0284827
0.0289401
0.0293839
0.0298557
0.0303686
0.0308919
0.0313961
0.0319317
0.032517
0.0331043
0.0336656
0.0342739
0.0349445
0.0356171
0.0362664
0.0368778
0.0374317
0.0379872
0.0386382
0.0393846
0.0401656
0.0409084
0.0416481
0.0423957
0.0431242
0.0438433
0.0446224
0.0454011
0.0461938
0.0470245
0.0478794
0.0487208
0.0495792
0.0504719
0.0513858
0.052323
0.0532666
0.05425
0.0552232
0.0562601
0.0573077
0.0583648
0.0594315
0.0605276
0.0616756
0.0628276
0.0639906
0.0651473
0.0663
0.067541
0.0687628
0.0700258
0.0712862
0.072546
0.0737926
0.0749813
0.0761125
0.0770728
0.0230914
0.0223413
0.0197099
0.0164955
0.0143656
0.0136993
0.014009
0.0146758
0.0153256
0.0158128
0.0161415
0.0164234
0.0167221
0.0170038
0.0172758
0.0175755
0.0178625
0.0180973
0.0183304
0.0186441
0.0190334
0.0194183
0.0197653
0.0201074
0.020482
0.0208991
0.0213156
0.0216852
0.0220485
0.022468
0.0228819
0.0232398
0.0236018
0.0240119
0.0244694
0.0249745
0.0255152
0.0260396
0.0265268
0.0270101
0.0275071
0.0280006
0.0284815
0.0289399
0.0293858
0.0298585
0.0303707
0.0308937
0.0313987
0.0319344
0.0325189
0.033106
0.0336679
0.0342759
0.0349447
0.0356159
0.0362648
0.0368763
0.0374306
0.0379869
0.0386394
0.0393868
0.0401676
0.0409093
0.0416481
0.0423954
0.0431241
0.0438435
0.0446228
0.0454017
0.0461948
0.0470253
0.0478801
0.0487216
0.0495802
0.050473
0.0513869
0.052324
0.0532674
0.0542508
0.0552239
0.0562607
0.0573082
0.0583652
0.0594319
0.0605277
0.0616757
0.0628277
0.0639908
0.0651476
0.0663003
0.0675411
0.068763
0.0700259
0.0712867
0.0725463
0.0737934
0.0749836
0.0761153
0.0770745
0.0226683
0.0220363
0.0197167
0.0167465
0.0146778
0.0139209
0.0141016
0.0147081
0.015363
0.0158671
0.0161941
0.0164608
0.0167459
0.0170237
0.0172972
0.0175956
0.0178791
0.0181143
0.0183516
0.0186661
0.0190499
0.0194289
0.0197751
0.0201198
0.0204945
0.0209081
0.0213216
0.0216918
0.0220565
0.0224748
0.022887
0.0232453
0.0236084
0.0240191
0.0244761
0.0249797
0.0255177
0.02604
0.0265266
0.0270103
0.0275073
0.028
0.0284803
0.0289397
0.0293876
0.0298613
0.0303729
0.0308955
0.0314013
0.0319373
0.0325209
0.0331077
0.0336703
0.034278
0.0349451
0.0356144
0.0362627
0.0368742
0.0374291
0.0379863
0.0386402
0.0393889
0.0401697
0.0409104
0.0416481
0.0423949
0.0431237
0.0438436
0.044623
0.0454023
0.0461958
0.0470263
0.0478807
0.0487223
0.0495811
0.0504742
0.0513882
0.0523252
0.0532684
0.0542518
0.0552247
0.0562613
0.0573088
0.0583658
0.0594324
0.0605279
0.0616757
0.0628278
0.063991
0.0651479
0.0663006
0.0675413
0.0687632
0.0700259
0.0712871
0.0725467
0.0737942
0.0749862
0.0761184
0.0770763
0.022266
0.0217368
0.0197052
0.0169737
0.0149825
0.0141563
0.0142097
0.0147445
0.0153975
0.0159199
0.0162486
0.016501
0.016772
0.0170449
0.0173196
0.0176167
0.0178963
0.018132
0.0183738
0.0186893
0.0190674
0.0194403
0.0197857
0.0201329
0.0205077
0.0209175
0.0213279
0.0216987
0.0220648
0.0224818
0.0228923
0.023251
0.0236157
0.0240271
0.0244837
0.0249855
0.0255206
0.0260404
0.0265264
0.0270107
0.0275076
0.0279993
0.028479
0.0289394
0.0293896
0.0298643
0.0303752
0.0308974
0.031404
0.0319403
0.032523
0.0331095
0.0336728
0.0342803
0.0349455
0.0356129
0.0362603
0.0368719
0.0374275
0.0379855
0.0386408
0.0393906
0.0401718
0.0409116
0.0416481
0.0423943
0.0431233
0.0438436
0.0446232
0.0454028
0.0461968
0.0470272
0.0478814
0.0487229
0.049582
0.0504753
0.0513896
0.0523265
0.0532696
0.0542528
0.0552257
0.056262
0.0573094
0.0583665
0.059433
0.0605282
0.0616757
0.0628277
0.0639911
0.0651482
0.0663011
0.0675415
0.0687634
0.0700259
0.0712876
0.072547
0.0737951
0.074989
0.0761218
0.0770782
0.0218826
0.0214433
0.019678
0.0171782
0.0152768
0.0144023
0.0143347
0.0147876
0.01543
0.0159706
0.0163043
0.0165441
0.0168003
0.0170678
0.0173431
0.0176386
0.0179143
0.0181505
0.0183971
0.0187137
0.0190861
0.0194526
0.019797
0.0201467
0.0205217
0.0209276
0.0213346
0.021706
0.0220734
0.022489
0.0228977
0.0232571
0.0236236
0.0240361
0.0244923
0.0249919
0.0255236
0.0260408
0.0265263
0.0270111
0.0275081
0.0279988
0.0284777
0.0289392
0.0293916
0.0298674
0.0303776
0.0308993
0.0314068
0.0319435
0.0325252
0.0331113
0.0336754
0.0342828
0.0349461
0.0356114
0.0362576
0.0368693
0.0374259
0.0379851
0.0386415
0.0393921
0.0401735
0.0409126
0.0416479
0.0423936
0.0431228
0.0438436
0.0446234
0.0454034
0.0461978
0.0470282
0.0478822
0.0487236
0.0495828
0.0504764
0.051391
0.0523278
0.0532707
0.054254
0.0552268
0.0562628
0.05731
0.0583672
0.0594338
0.0605287
0.0616757
0.0628275
0.0639911
0.0651485
0.0663017
0.0675419
0.0687637
0.0700259
0.0712881
0.0725473
0.073796
0.0749922
0.0761255
0.0770803
0.0215166
0.0211562
0.0196382
0.0173615
0.0155577
0.0146548
0.0144774
0.0148402
0.0154617
0.0160184
0.0163603
0.0165896
0.0168313
0.0170925
0.017368
0.0176615
0.0179331
0.0181698
0.0184215
0.0187395
0.019106
0.0194657
0.019809
0.0201613
0.0205364
0.0209382
0.0213416
0.0217135
0.0220824
0.0224966
0.0229034
0.0232636
0.0236323
0.024046
0.0245015
0.0249989
0.025527
0.0260413
0.0265261
0.0270116
0.0275088
0.0279983
0.0284764
0.028939
0.0293937
0.0298706
0.0303801
0.0309013
0.0314097
0.0319467
0.0325275
0.0331132
0.033678
0.0342853
0.0349467
0.0356098
0.0362547
0.0368667
0.0374248
0.0379856
0.0386428
0.0393934
0.0401747
0.0409134
0.0416477
0.0423928
0.0431224
0.0438439
0.0446239
0.0454041
0.046199
0.0470293
0.0478829
0.0487243
0.0495836
0.0504775
0.0513924
0.0523292
0.053272
0.0542552
0.0552281
0.0562637
0.0573106
0.0583679
0.0594347
0.0605292
0.0616758
0.0628273
0.063991
0.0651487
0.0663023
0.0675423
0.068764
0.0700259
0.0712885
0.0725477
0.073797
0.0749955
0.0761295
0.0770825
0.0211671
0.0208754
0.0195877
0.0175251
0.0158228
0.0149097
0.0146377
0.0149051
0.0154943
0.016063
0.0164153
0.016637
0.0168648
0.0171194
0.0173945
0.0176855
0.0179527
0.0181899
0.018447
0.0187666
0.0191271
0.0194798
0.0198216
0.0201766
0.0205518
0.0209494
0.021349
0.0217214
0.0220917
0.0225045
0.0229094
0.0232705
0.0236416
0.0240565
0.0245114
0.0250063
0.0255307
0.0260419
0.026526
0.0270122
0.0275095
0.027998
0.0284751
0.0289387
0.0293959
0.029874
0.0303826
0.0309034
0.0314127
0.0319501
0.0325299
0.0331151
0.0336807
0.034288
0.0349474
0.0356083
0.0362518
0.0368642
0.0374245
0.0379872
0.038645
0.0393949
0.0401756
0.0409139
0.0416473
0.042392
0.0431221
0.0438443
0.0446245
0.045405
0.0462003
0.0470304
0.0478837
0.0487251
0.0495846
0.0504786
0.0513937
0.0523306
0.0532732
0.0542564
0.0552294
0.0562647
0.0573113
0.0583686
0.0594356
0.06053
0.0616759
0.0628269
0.0639908
0.0651489
0.0663029
0.0675428
0.0687644
0.0700259
0.071289
0.072548
0.073798
0.074999
0.0761337
0.0770848
0.0208345
0.0206002
0.0195271
0.0176713
0.016071
0.015163
0.0148144
0.0149842
0.0155299
0.0161046
0.0164685
0.0166855
0.0169009
0.0171488
0.017423
0.0177109
0.017973
0.0182107
0.0184735
0.0187949
0.0191494
0.0194947
0.019835
0.0201926
0.020568
0.0209612
0.0213568
0.0217297
0.0221015
0.0225128
0.0229157
0.0232778
0.0236515
0.0240677
0.0245218
0.0250141
0.0255346
0.0260427
0.0265259
0.0270129
0.0275104
0.0279978
0.0284739
0.0289385
0.0293982
0.0298774
0.0303853
0.0309055
0.0314158
0.0319537
0.0325324
0.0331171
0.0336835
0.0342908
0.0349483
0.0356068
0.0362489
0.036862
0.0374249
0.0379901
0.0386483
0.0393967
0.0401763
0.0409141
0.0416469
0.0423913
0.043122
0.043845
0.0446254
0.045406
0.0462017
0.0470316
0.0478846
0.048726
0.0495857
0.0504799
0.0513951
0.052332
0.0532745
0.0542577
0.0552307
0.0562658
0.0573119
0.0583693
0.0594366
0.0605308
0.0616761
0.0628266
0.0639905
0.065149
0.0663036
0.0675433
0.0687648
0.0700259
0.0712895
0.0725484
0.073799
0.0750026
0.0761382
0.0770873
0.0205202
0.0203302
0.0194552
0.0178024
0.0163029
0.015411
0.0150045
0.0150794
0.0155712
0.016144
0.0165191
0.016734
0.0169392
0.017181
0.0174538
0.0177379
0.0179943
0.0182322
0.018501
0.0188245
0.0191728
0.0195105
0.0198491
0.0202094
0.0205851
0.0209736
0.021365
0.0217383
0.0221118
0.0225215
0.0229224
0.0232856
0.0236619
0.0240793
0.0245325
0.0250222
0.0255388
0.0260436
0.0265259
0.0270136
0.0275115
0.0279977
0.0284727
0.0289382
0.0294005
0.029881
0.0303881
0.0309076
0.031419
0.0319574
0.032535
0.0331191
0.0336863
0.0342937
0.0349492
0.0356055
0.0362461
0.0368599
0.0374259
0.0379943
0.0386527
0.0393991
0.0401767
0.0409141
0.0416464
0.0423906
0.0431219
0.043846
0.0446264
0.0454072
0.0462033
0.0470329
0.0478854
0.0487269
0.0495871
0.0504813
0.0513965
0.0523334
0.0532758
0.0542591
0.0552321
0.0562669
0.0573126
0.05837
0.0594377
0.0605317
0.0616764
0.0628262
0.0639902
0.0651491
0.0663043
0.0675439
0.0687652
0.070026
0.07129
0.0725489
0.0738001
0.0750065
0.076143
0.07709
0.0202255
0.0200684
0.019371
0.0179185
0.01652
0.0156507
0.0152044
0.0151919
0.0156208
0.0161824
0.0165665
0.0167815
0.0169791
0.0172161
0.0174873
0.0177667
0.0180166
0.0182544
0.0185293
0.0188552
0.0191972
0.0195271
0.0198639
0.020227
0.020603
0.0209868
0.0213737
0.0217474
0.0221227
0.0225308
0.0229294
0.0232937
0.0236727
0.0240911
0.0245435
0.0250306
0.0255433
0.0260448
0.026526
0.0270144
0.0275126
0.0279977
0.0284715
0.028938
0.0294029
0.0298848
0.030391
0.0309099
0.0314223
0.0319613
0.0325378
0.0331212
0.0336893
0.0342967
0.0349502
0.0356041
0.0362434
0.0368581
0.0374275
0.0379995
0.0386582
0.0394019
0.0401771
0.0409139
0.041646
0.0423899
0.043122
0.0438471
0.0446277
0.0454085
0.0462049
0.0470342
0.0478862
0.048728
0.0495886
0.0504828
0.0513979
0.0523348
0.0532772
0.0542604
0.0552336
0.0562682
0.0573133
0.0583707
0.0594388
0.0605327
0.0616768
0.0628259
0.0639899
0.0651491
0.0663051
0.0675446
0.0687657
0.0700261
0.0712905
0.0725495
0.0738013
0.0750104
0.076148
0.0770928
0.0199484
0.0198206
0.0192756
0.0180174
0.016724
0.015881
0.0154094
0.0153217
0.0156814
0.0162214
0.0166107
0.0168271
0.0170197
0.0172536
0.0175236
0.0177976
0.0180403
0.0182774
0.0185584
0.0188869
0.0192227
0.0195444
0.0198793
0.0202454
0.0206217
0.0210006
0.0213828
0.0217569
0.0221341
0.0225406
0.0229369
0.0233022
0.0236838
0.0241033
0.0245547
0.0250393
0.0255481
0.0260461
0.0265262
0.0270153
0.0275139
0.0279979
0.0284704
0.0289378
0.0294054
0.0298888
0.030394
0.0309122
0.0314258
0.0319654
0.0325408
0.0331234
0.0336922
0.0342997
0.0349513
0.0356028
0.0362407
0.0368564
0.0374295
0.0380054
0.0386643
0.0394051
0.0401775
0.0409136
0.0416455
0.0423893
0.0431221
0.0438484
0.0446291
0.0454099
0.0462067
0.0470356
0.0478871
0.0487291
0.0495902
0.0504845
0.0513994
0.0523362
0.0532787
0.0542619
0.0552352
0.0562696
0.057314
0.0583715
0.0594399
0.0605338
0.0616773
0.0628256
0.0639896
0.0651492
0.0663059
0.0675452
0.0687663
0.0700262
0.0712911
0.0725501
0.0738026
0.0750146
0.0761532
0.0770959
0.0196822
0.0195913
0.0191742
0.0180965
0.0169153
0.0161021
0.0156149
0.0154669
0.0157556
0.0162632
0.0166522
0.0168704
0.0170599
0.0172933
0.017563
0.0178311
0.0180654
0.0183012
0.0185883
0.0189197
0.0192492
0.0195626
0.0198955
0.0202646
0.0206413
0.0210151
0.0213924
0.0217669
0.0221461
0.0225511
0.0229449
0.0233112
0.0236953
0.0241156
0.024566
0.0250482
0.0255533
0.0260477
0.0265265
0.0270164
0.0275154
0.0279982
0.0284694
0.0289376
0.029408
0.0298929
0.0303972
0.0309146
0.0314293
0.0319697
0.0325438
0.0331256
0.0336953
0.0343028
0.0349524
0.0356016
0.0362382
0.0368549
0.0374318
0.0380117
0.0386708
0.0394086
0.0401779
0.0409132
0.0416451
0.0423886
0.0431223
0.0438498
0.0446306
0.0454114
0.0462085
0.0470371
0.0478881
0.0487304
0.049592
0.0504864
0.051401
0.0523377
0.0532802
0.0542634
0.0552369
0.0562711
0.0573148
0.0583723
0.0594411
0.0605349
0.0616778
0.0628255
0.0639893
0.0651494
0.0663067
0.0675459
0.0687668
0.0700263
0.0712917
0.0725508
0.073804
0.075019
0.0761587
0.0770991
0.0194173
0.019379
0.0190752
0.018156
0.0170921
0.0163152
0.0158174
0.0156241
0.0158452
0.0163104
0.0166916
0.0169107
0.0170991
0.0173344
0.0176054
0.0178674
0.0180921
0.018326
0.0186191
0.0189534
0.0192766
0.0195814
0.0199124
0.0202848
0.0206619
0.0210303
0.0214024
0.0217774
0.0221588
0.0225621
0.0229533
0.0233205
0.0237071
0.0241282
0.0245776
0.0250575
0.0255587
0.0260495
0.026527
0.0270175
0.0275171
0.0279987
0.0284684
0.0289375
0.0294107
0.0298972
0.0304006
0.030917
0.031433
0.0319742
0.0325471
0.0331279
0.0336984
0.0343061
0.0349536
0.0356003
0.0362357
0.0368535
0.0374342
0.0380183
0.0386777
0.0394123
0.0401783
0.0409128
0.0416447
0.042388
0.0431226
0.0438512
0.0446321
0.0454129
0.0462105
0.0470386
0.0478891
0.0487317
0.049594
0.0504883
0.0514027
0.0523393
0.0532817
0.0542649
0.0552387
0.0562727
0.0573157
0.0583731
0.0594423
0.0605361
0.0616784
0.0628253
0.063989
0.0651495
0.0663076
0.0675465
0.0687674
0.0700264
0.0712924
0.0725516
0.0738056
0.0750236
0.0761644
0.0771025
0.0191467
0.0191753
0.0189866
0.0182003
0.0172505
0.0165213
0.0160162
0.0157884
0.0159509
0.0163664
0.0167301
0.0169481
0.0171368
0.017376
0.0176504
0.0179066
0.0181209
0.0183518
0.0186508
0.0189881
0.019305
0.019601
0.0199299
0.0203058
0.0206836
0.0210464
0.021413
0.0217883
0.0221721
0.0225738
0.0229622
0.0233302
0.0237192
0.024141
0.0245894
0.025067
0.0255645
0.0260516
0.0265276
0.0270189
0.027519
0.0279994
0.0284674
0.0289373
0.0294136
0.0299017
0.030404
0.0309195
0.0314368
0.0319789
0.0325505
0.0331303
0.0337016
0.0343094
0.0349548
0.0355991
0.0362333
0.0368522
0.0374367
0.0380249
0.0386846
0.039416
0.0401789
0.0409123
0.0416443
0.0423874
0.0431228
0.0438527
0.0446337
0.0454145
0.0462124
0.0470402
0.0478901
0.0487331
0.049596
0.0504903
0.0514044
0.0523409
0.0532834
0.0542665
0.0552405
0.0562745
0.0573167
0.0583739
0.0594436
0.0605373
0.061679
0.0628253
0.0639888
0.0651497
0.0663086
0.0675472
0.0687681
0.0700266
0.071293
0.0725526
0.0738073
0.0750283
0.0761705
0.0771062
0.0188721
0.0189688
0.01891
0.0182383
0.0173863
0.0167191
0.0162136
0.0159552
0.016071
0.0164345
0.0167694
0.0169825
0.0171726
0.0174175
0.0176974
0.0179487
0.0181519
0.018379
0.0186836
0.0190241
0.0193342
0.0196212
0.0199481
0.0203277
0.0207063
0.0210633
0.0214241
0.0217998
0.0221861
0.0225862
0.0229717
0.0233404
0.0237317
0.024154
0.0246014
0.0250769
0.0255707
0.0260539
0.0265284
0.0270203
0.0275211
0.0280003
0.0284666
0.0289373
0.0294165
0.0299064
0.0304076
0.0309221
0.0314408
0.0319837
0.032554
0.0331327
0.0337048
0.0343128
0.0349561
0.0355979
0.036231
0.036851
0.0374393
0.0380314
0.0386916
0.0394199
0.0401794
0.0409119
0.0416439
0.0423869
0.0431231
0.0438542
0.0446353
0.0454161
0.0462145
0.0470418
0.0478912
0.0487345
0.0495981
0.0504924
0.0514062
0.0523426
0.0532851
0.0542681
0.0552425
0.0562762
0.0573177
0.0583748
0.059445
0.0605386
0.0616797
0.0628252
0.0639886
0.06515
0.0663096
0.0675479
0.0687687
0.0700268
0.0712937
0.0725536
0.0738091
0.0750333
0.0761768
0.0771101
0.0186042
0.0187514
0.0188381
0.0182805
0.0175003
0.0169027
0.0164125
0.0161225
0.016201
0.0165172
0.0168128
0.0170137
0.0172061
0.0174584
0.0177458
0.0179935
0.0181853
0.0184077
0.0187176
0.0190613
0.0193646
0.0196421
0.0199669
0.0203505
0.0207301
0.0210812
0.0214357
0.0218118
0.0222008
0.0225993
0.0229818
0.0233511
0.0237446
0.0241672
0.0246136
0.0250871
0.0255772
0.0260566
0.0265293
0.0270219
0.0275234
0.0280015
0.0284659
0.0289372
0.0294196
0.0299113
0.0304114
0.0309248
0.0314448
0.0319888
0.0325577
0.0331352
0.0337082
0.0343163
0.0349574
0.0355967
0.0362289
0.03685
0.037442
0.0380379
0.0386985
0.0394238
0.0401801
0.0409116
0.0416436
0.0423864
0.0431234
0.0438558
0.044637
0.0454177
0.0462166
0.0470436
0.0478924
0.048736
0.0496002
0.0504946
0.0514081
0.0523444
0.0532869
0.0542699
0.0552445
0.0562781
0.0573188
0.0583758
0.0594463
0.0605398
0.0616804
0.0628252
0.0639884
0.0651503
0.0663106
0.0675486
0.0687694
0.070027
0.0712945
0.0725548
0.0738111
0.0750385
0.0761835
0.0771143
0.0183533
0.0185238
0.0187592
0.0183339
0.0176005
0.0170639
0.0166119
0.016293
0.0163351
0.0166142
0.0168648
0.0170423
0.0172365
0.0174987
0.0177949
0.0180405
0.018221
0.0184382
0.0187529
0.0191
0.0193962
0.0196635
0.0199861
0.0203742
0.0207551
0.0211001
0.021448
0.0218242
0.0222163
0.0226132
0.0229923
0.0233622
0.0237578
0.0241807
0.024626
0.0250976
0.0255841
0.0260595
0.0265305
0.0270237
0.027526
0.0280028
0.0284653
0.0289372
0.0294228
0.0299164
0.0304153
0.0309275
0.0314489
0.0319941
0.0325615
0.0331378
0.0337116
0.0343199
0.0349588
0.0355955
0.0362268
0.0368491
0.0374447
0.0380443
0.0387054
0.0394277
0.0401808
0.0409113
0.0416433
0.0423859
0.0431238
0.0438574
0.0446387
0.0454194
0.0462188
0.0470454
0.0478936
0.0487376
0.0496025
0.0504968
0.0514101
0.0523462
0.0532887
0.0542717
0.0552466
0.05628
0.05732
0.0583768
0.0594478
0.0605412
0.0616811
0.0628253
0.0639882
0.0651506
0.0663117
0.0675493
0.0687702
0.0700273
0.0712952
0.0725561
0.0738132
0.0750439
0.0761905
0.0771187
0.0181224
0.0182957
0.0186629
0.0183963
0.0177006
0.0171982
0.0168047
0.0164715
0.0164704
0.0167217
0.0169298
0.0170709
0.0172627
0.0175383
0.0178447
0.0180892
0.0182587
0.0184703
0.0187899
0.0191402
0.0194293
0.0196859
0.0200057
0.0203987
0.0207814
0.0211201
0.0214609
0.0218372
0.0222325
0.0226279
0.0230035
0.0233738
0.0237715
0.0241945
0.0246386
0.0251084
0.0255914
0.0260627
0.0265318
0.0270258
0.0275289
0.0280045
0.0284648
0.0289372
0.0294262
0.0299217
0.0304193
0.0309303
0.0314532
0.0319995
0.0325655
0.0331405
0.0337151
0.0343236
0.0349602
0.0355945
0.0362249
0.0368483
0.0374474
0.0380507
0.0387122
0.0394316
0.0401816
0.0409111
0.0416431
0.0423855
0.0431241
0.043859
0.0446404
0.0454211
0.0462211
0.0470472
0.047895
0.0487393
0.0496048
0.0504991
0.0514121
0.0523482
0.0532906
0.0542736
0.0552488
0.056282
0.0573212
0.0583779
0.0594493
0.0605425
0.0616818
0.0628253
0.063988
0.0651509
0.0663129
0.06755
0.0687709
0.0700277
0.071296
0.0725575
0.0738154
0.0750494
0.0761978
0.0771235
0.0179072
0.0180778
0.0185455
0.0184555
0.0178132
0.0173111
0.016979
0.0166598
0.0166098
0.0168334
0.0170089
0.0171044
0.0172842
0.017576
0.0178954
0.0181391
0.018298
0.0185038
0.0188288
0.0191824
0.019464
0.0197093
0.0200257
0.0204237
0.0208088
0.0211414
0.0214746
0.0218507
0.0222494
0.0226434
0.0230154
0.0233857
0.0237856
0.0242086
0.0246515
0.0251196
0.0255991
0.0260663
0.0265334
0.027028
0.027532
0.0280064
0.0284644
0.0289373
0.0294296
0.0299272
0.0304235
0.0309331
0.0314575
0.0320052
0.0325697
0.0331432
0.0337187
0.0343275
0.0349617
0.0355934
0.0362232
0.0368477
0.0374502
0.0380569
0.038719
0.0394356
0.0401825
0.040911
0.041643
0.0423851
0.0431245
0.0438608
0.0446422
0.0454228
0.0462234
0.0470492
0.0478963
0.048741
0.0496072
0.0505015
0.0514143
0.0523502
0.0532926
0.0542755
0.0552511
0.056284
0.0573225
0.058379
0.0594508
0.0605439
0.0616826
0.0628254
0.0639879
0.0651512
0.0663141
0.0675508
0.0687717
0.0700281
0.0712969
0.0725591
0.0738177
0.0750552
0.0762056
0.0771285
0.0177032
0.0178763
0.0184129
0.0184965
0.0179414
0.0174169
0.0171257
0.0168515
0.0167602
0.0169448
0.0170987
0.0171485
0.0173023
0.0176101
0.0179473
0.0181903
0.0183382
0.0185382
0.0188693
0.0192272
0.0195004
0.0197338
0.0200463
0.0204491
0.0208374
0.0211639
0.0214891
0.0218647
0.022267
0.0226599
0.0230279
0.0233982
0.0238
0.0242231
0.0246646
0.025131
0.0256072
0.0260702
0.0265353
0.0270305
0.0275354
0.0280087
0.0284643
0.0289375
0.0294333
0.029933
0.0304279
0.030936
0.031462
0.0320111
0.032574
0.0331459
0.0337223
0.0343315
0.0349633
0.0355925
0.0362216
0.0368474
0.0374531
0.0380631
0.0387256
0.0394396
0.0401835
0.0409109
0.0416429
0.0423847
0.043125
0.0438625
0.044644
0.0454246
0.0462258
0.0470512
0.0478978
0.0487428
0.0496097
0.050504
0.0514165
0.0523522
0.0532947
0.0542776
0.0552534
0.0562862
0.0573239
0.0583802
0.0594524
0.0605453
0.0616833
0.0628256
0.0639878
0.0651515
0.0663153
0.0675516
0.0687725
0.0700286
0.0712977
0.0725609
0.0738203
0.0750611
0.0762137
0.0771339
0.0175091
0.0176929
0.018276
0.0185088
0.0180739
0.0175325
0.0172458
0.0170324
0.0169264
0.0170582
0.0171925
0.0172061
0.0173218
0.0176386
0.0179995
0.0182435
0.018379
0.0185728
0.0189108
0.0192747
0.0195392
0.0197592
0.0200677
0.0204751
0.0208666
0.0211877
0.0215045
0.0218793
0.0222854
0.0226773
0.0230413
0.0234112
0.0238147
0.0242378
0.024678
0.0251429
0.0256158
0.0260745
0.0265374
0.0270332
0.0275392
0.0280112
0.0284643
0.0289377
0.029437
0.0299391
0.0304325
0.0309389
0.0314666
0.0320173
0.0325786
0.0331487
0.033726
0.0343356
0.0349649
0.0355916
0.0362202
0.0368472
0.037456
0.0380691
0.0387322
0.0394437
0.0401846
0.040911
0.0416429
0.0423845
0.0431255
0.0438643
0.0446458
0.0454264
0.0462283
0.0470534
0.0478993
0.0487447
0.0496122
0.0505065
0.0514188
0.0523544
0.0532969
0.0542797
0.0552558
0.0562884
0.0573253
0.0583815
0.059454
0.0605468
0.0616842
0.0628257
0.0639877
0.0651519
0.0663166
0.0675524
0.0687734
0.0700291
0.0712987
0.0725628
0.0738229
0.0750672
0.0762222
0.0771396
0.0173258
0.0175267
0.0181451
0.0184927
0.018193
0.0176669
0.0173531
0.0171889
0.0171036
0.0171828
0.017285
0.0172742
0.0173485
0.017662
0.0180502
0.0182993
0.0184205
0.0186071
0.0189525
0.0193247
0.0195814
0.019786
0.0200896
0.020502
0.0208967
0.0212125
0.021521
0.0218946
0.0223047
0.0226955
0.0230553
0.0234248
0.0238299
0.0242528
0.0246918
0.025155
0.0256248
0.0260792
0.0265398
0.0270362
0.0275433
0.0280142
0.0284646
0.028938
0.029441
0.0299454
0.0304372
0.0309419
0.0314712
0.0320236
0.0325833
0.0331516
0.0337298
0.0343399
0.0349666
0.0355908
0.036219
0.0368472
0.0374589
0.0380751
0.0387387
0.0394478
0.0401858
0.0409111
0.041643
0.0423842
0.043126
0.0438662
0.0446477
0.0454283
0.0462309
0.0470556
0.0479009
0.0487467
0.0496149
0.0505091
0.0514212
0.0523566
0.0532991
0.0542818
0.0552582
0.0562907
0.0573268
0.0583828
0.0594557
0.0605483
0.061685
0.062826
0.0639877
0.0651522
0.0663179
0.0675533
0.0687743
0.0700298
0.0712996
0.072565
0.0738258
0.0750734
0.0762311
0.0771457
0.0171513
0.0173767
0.0180269
0.0184588
0.0182837
0.0178125
0.0174669
0.0173173
0.0172769
0.0173257
0.0173784
0.0173461
0.0173859
0.017684
0.0180972
0.0183577
0.0184632
0.0186407
0.018994
0.0193763
0.0196274
0.0198149
0.0201116
0.0205298
0.0209279
0.0212381
0.0215383
0.0219107
0.0223248
0.0227148
0.0230701
0.0234388
0.0238456
0.0242682
0.0247058
0.0251677
0.0256342
0.0260844
0.0265425
0.0270395
0.0275477
0.0280175
0.028465
0.0289383
0.029445
0.029952
0.0304422
0.0309449
0.031476
0.0320302
0.0325882
0.0331546
0.0337336
0.0343443
0.0349685
0.0355902
0.0362179
0.0368474
0.0374619
0.0380809
0.0387452
0.039452
0.0401871
0.0409114
0.0416432
0.0423841
0.0431266
0.0438682
0.0446496
0.0454302
0.0462336
0.0470579
0.0479026
0.0487488
0.0496176
0.0505119
0.0514236
0.052359
0.0533014
0.0542841
0.0552607
0.056293
0.0573283
0.0583842
0.0594574
0.0605498
0.0616859
0.0628263
0.0639877
0.0651526
0.0663193
0.0675542
0.0687752
0.0700305
0.0713006
0.0725673
0.0738289
0.0750798
0.0762403
0.0771522
0.0169794
0.0172424
0.0179237
0.01842
0.0183414
0.0179502
0.0176012
0.0174308
0.017429
0.0174841
0.0174833
0.0174167
0.0174315
0.0177095
0.0181403
0.0184175
0.0185078
0.018673
0.0190349
0.0194289
0.0196768
0.019847
0.0201338
0.020558
0.020961
0.0212646
0.021556
0.0219275
0.022346
0.0227352
0.0230856
0.0234534
0.0238618
0.0242839
0.0247201
0.0251806
0.0256442
0.0260899
0.0265456
0.0270431
0.0275526
0.0280212
0.0284658
0.0289387
0.0294492
0.0299589
0.0304474
0.030948
0.0314808
0.032037
0.0325934
0.0331576
0.0337376
0.0343489
0.0349704
0.0355896
0.0362171
0.0368478
0.037465
0.0380867
0.0387515
0.0394561
0.0401886
0.0409118
0.0416435
0.0423841
0.0431272
0.0438702
0.0446516
0.0454321
0.0462363
0.0470602
0.0479044
0.0487509
0.0496204
0.0505147
0.0514262
0.0523614
0.0533039
0.0542865
0.0552634
0.0562955
0.0573299
0.0583857
0.0594592
0.0605514
0.0616868
0.0628266
0.0639877
0.065153
0.0663207
0.0675551
0.0687761
0.0700314
0.0713017
0.0725698
0.0738322
0.0750864
0.07625
0.0771591
0.0168019
0.0171222
0.0178366
0.0183861
0.0183731
0.0180608
0.0177532
0.0175505
0.0175514
0.0176418
0.0176094
0.017489
0.0174786
0.0177407
0.018182
0.0184779
0.0185549
0.0187036
0.0190747
0.0194826
0.0197286
0.0198829
0.0201571
0.0205859
0.0209959
0.0212928
0.0215736
0.0219447
0.0223684
0.022757
0.0231019
0.0234683
0.0238785
0.0243002
0.0247346
0.0251939
0.0256547
0.0260959
0.0265489
0.027047
0.0275578
0.0280254
0.0284668
0.0289392
0.0294535
0.0299662
0.0304529
0.0309511
0.0314857
0.032044
0.0325988
0.0331607
0.0337415
0.0343536
0.0349725
0.0355892
0.0362166
0.0368485
0.0374681
0.0380923
0.0387577
0.0394603
0.0401901
0.0409123
0.041644
0.0423841
0.0431279
0.0438723
0.0446536
0.0454341
0.0462392
0.0470627
0.0479062
0.0487532
0.0496233
0.0505175
0.0514289
0.0523639
0.0533064
0.0542889
0.055266
0.056298
0.0573315
0.0583872
0.0594611
0.060553
0.0616878
0.062827
0.0639878
0.0651534
0.0663222
0.0675562
0.0687771
0.0700324
0.0713028
0.0725726
0.0738357
0.0750931
0.0762601
0.0771665
0.0166103
0.0170091
0.0177665
0.0183634
0.0183929
0.0181335
0.0179029
0.0176957
0.0176555
0.0177781
0.0177554
0.0175758
0.0175229
0.017774
0.018225
0.0185396
0.018605
0.018732
0.019112
0.0195379
0.0197826
0.0199216
0.0201828
0.0206134
0.021032
0.0213237
0.0215915
0.0219614
0.0223921
0.0227804
0.0231192
0.0234835
0.0238954
0.024317
0.0247495
0.0252076
0.0256658
0.0261025
0.0265526
0.0270512
0.0275635
0.0280301
0.0284682
0.0289398
0.0294579
0.0299737
0.0304587
0.0309543
0.0314906
0.0320513
0.0326044
0.0331638
0.0337456
0.0343585
0.0349747
0.0355889
0.0362162
0.0368494
0.0374713
0.0380978
0.0387638
0.0394646
0.0401918
0.040913
0.0416445
0.0423842
0.0431287
0.0438745
0.0446556
0.0454362
0.0462421
0.0470653
0.0479081
0.0487555
0.0496263
0.0505205
0.0514317
0.0523665
0.053309
0.0542915
0.0552688
0.0563007
0.0573333
0.0583889
0.059463
0.0605546
0.0616888
0.0628275
0.0639879
0.0651538
0.0663238
0.0675572
0.0687781
0.0700336
0.071304
0.0725755
0.0738395
0.0750999
0.0762706
0.0771743
0.0163993
0.0168902
0.0177123
0.0183559
0.018415
0.0181711
0.0180258
0.0178691
0.0177663
0.0178797
0.0179039
0.0176893
0.0175695
0.0178029
0.0182688
0.0186044
0.0186601
0.0187585
0.0191442
0.0195948
0.0198398
0.019962
0.020211
0.0206417
0.0210681
0.0213574
0.0216107
0.0219768
0.0224163
0.0228059
0.0231377
0.0234991
0.0239126
0.0243343
0.024765
0.0252215
0.0256773
0.0261098
0.0265566
0.0270555
0.0275696
0.0280354
0.02847
0.0289405
0.0294624
0.0299815
0.0304648
0.0309576
0.0314955
0.0320588
0.0326103
0.033167
0.0337497
0.0343636
0.0349771
0.0355887
0.0362161
0.0368506
0.0374745
0.0381031
0.0387698
0.0394689
0.0401935
0.0409138
0.0416452
0.0423844
0.0431296
0.0438768
0.0446577
0.0454382
0.0462451
0.047068
0.0479102
0.048758
0.0496293
0.0505236
0.0514345
0.0523692
0.0533117
0.0542941
0.0552717
0.0563034
0.0573351
0.0583906
0.0594649
0.0605563
0.0616898
0.062828
0.0639881
0.0651543
0.0663254
0.0675584
0.0687791
0.0700349
0.0713052
0.0725786
0.0738436
0.0751069
0.0762814
0.0771826
0.0161729
0.0167487
0.0176664
0.0183666
0.0184519
0.0181887
0.0181025
0.0180513
0.0179088
0.017955
0.0180303
0.0178298
0.0176336
0.0178242
0.0183076
0.0186729
0.0187233
0.0187853
0.0191684
0.0196513
0.0199026
0.0200038
0.02024
0.0206722
0.0211048
0.021393
0.0216325
0.0219915
0.0224398
0.0228336
0.023158
0.0235149
0.0239298
0.0243519
0.024781
0.0252359
0.0256893
0.0261176
0.0265613
0.0270602
0.027576
0.0280413
0.0284722
0.0289413
0.029467
0.0299896
0.0304712
0.030961
0.0315005
0.0320665
0.0326165
0.0331703
0.0337538
0.0343688
0.0349797
0.0355888
0.0362163
0.0368521
0.0374779
0.0381084
0.0387757
0.0394732
0.0401955
0.0409147
0.041646
0.0423847
0.0431305
0.0438792
0.0446599
0.0454404
0.0462483
0.0470707
0.0479123
0.0487605
0.0496325
0.0505268
0.0514375
0.0523721
0.0533145
0.0542968
0.0552746
0.0563062
0.0573369
0.0583924
0.059467
0.060558
0.0616909
0.0628287
0.0639883
0.0651547
0.0663271
0.0675596
0.0687801
0.0700363
0.0713066
0.0725819
0.073848
0.0751141
0.0762926
0.0771914
0.0159499
0.0165709
0.0176134
0.0183949
0.018513
0.0182069
0.018127
0.0182114
0.0180945
0.0180324
0.0181154
0.0179785
0.0177301
0.0178459
0.0183339
0.0187404
0.0187978
0.0188178
0.0191831
0.0197027
0.0199726
0.020049
0.0202673
0.0207044
0.0211438
0.0214296
0.0216566
0.0220065
0.022462
0.0228627
0.0231808
0.0235314
0.0239471
0.0243698
0.0247974
0.0252509
0.0257018
0.026126
0.0265665
0.0270652
0.0275827
0.0280477
0.028475
0.0289423
0.0294717
0.0299981
0.0304779
0.0309646
0.0315055
0.0320744
0.0326229
0.0331736
0.0337579
0.0343743
0.0349824
0.035589
0.0362167
0.0368538
0.0374813
0.0381136
0.0387815
0.0394775
0.0401975
0.0409158
0.041647
0.0423851
0.0431315
0.0438817
0.0446622
0.0454426
0.0462515
0.0470736
0.0479146
0.0487631
0.0496358
0.0505301
0.0514406
0.052375
0.0533173
0.0542997
0.0552776
0.0563091
0.0573389
0.0583942
0.059469
0.0605598
0.0616921
0.0628293
0.0639885
0.0651552
0.0663288
0.0675609
0.0687812
0.070038
0.071308
0.0725854
0.0738528
0.0751214
0.0763041
0.0772008
0.0157607
0.0163572
0.0175321
0.0184328
0.0186024
0.018247
0.0181122
0.018319
0.0183092
0.0181441
0.0181624
0.018107
0.0178613
0.0178855
0.0183459
0.0187978
0.0188824
0.0188634
0.0191907
0.0197425
0.0200487
0.0201022
0.0202917
0.0207356
0.021187
0.021468
0.0216818
0.0220229
0.0224831
0.0228918
0.0232061
0.0235492
0.0239642
0.024388
0.0248142
0.0252664
0.025715
0.0261349
0.0265721
0.0270706
0.0275898
0.0280547
0.0284783
0.0289435
0.0294765
0.0300069
0.030485
0.0309682
0.0315106
0.0320825
0.0326296
0.033177
0.0337621
0.0343799
0.0349854
0.0355894
0.0362173
0.0368558
0.0374848
0.0381186
0.0387872
0.0394818
0.0401997
0.0409171
0.0416481
0.0423856
0.0431326
0.0438843
0.0446644
0.0454448
0.0462548
0.0470765
0.047917
0.0487659
0.0496392
0.0505335
0.0514438
0.052378
0.0533203
0.0543026
0.0552807
0.0563121
0.0573409
0.0583962
0.0594712
0.0605616
0.0616933
0.0628301
0.0639889
0.0651558
0.0663306
0.0675623
0.0687823
0.0700398
0.0713096
0.072589
0.0738579
0.0751289
0.076316
0.0772106
0.0156311
0.0161283
0.0174038
0.0184637
0.0187175
0.0183254
0.0180847
0.0183557
0.0185182
0.018313
0.0182007
0.0181897
0.0180077
0.0179607
0.0183551
0.0188358
0.0189679
0.0189281
0.0191997
0.019765
0.0201249
0.0201683
0.0203155
0.0207613
0.0212343
0.0215114
0.0217071
0.02204
0.0225049
0.0229204
0.023233
0.023569
0.0239815
0.024406
0.0248314
0.0252824
0.0257289
0.0261446
0.0265782
0.0270765
0.0275974
0.0280622
0.0284821
0.0289449
0.0294813
0.030016
0.0304926
0.0309718
0.0315156
0.032091
0.0326367
0.0331805
0.0337663
0.0343857
0.0349887
0.0355899
0.0362182
0.036858
0.0374884
0.0381236
0.0387928
0.0394862
0.0402019
0.0409185
0.0416494
0.0423862
0.0431338
0.043887
0.0446668
0.0454471
0.0462582
0.0470796
0.0479194
0.0487687
0.0496427
0.0505371
0.0514471
0.0523811
0.0533235
0.0543056
0.0552839
0.0563152
0.057343
0.0583982
0.0594734
0.0605635
0.0616946
0.062831
0.0639892
0.0651564
0.0663324
0.0675638
0.0687834
0.0700418
0.0713114
0.0725929
0.0738634
0.0751365
0.0763281
0.077221
0.0155712
0.0159166
0.0172232
0.0184656
0.018849
0.0184498
0.0180747
0.0183253
0.0186823
0.0185359
0.0182679
0.018223
0.0181377
0.0180748
0.0183814
0.0188546
0.0190412
0.01901
0.0192222
0.0197714
0.0201907
0.0202486
0.0203451
0.0207781
0.0212819
0.0215631
0.0217337
0.0220553
0.0225279
0.0229495
0.02326
0.0235907
0.0239999
0.0244239
0.0248488
0.0252987
0.0257435
0.0261551
0.0265847
0.0270826
0.0276054
0.0280705
0.0284865
0.0289465
0.0294862
0.0300255
0.0305006
0.0309757
0.0315204
0.0320996
0.0326443
0.033184
0.0337704
0.0343918
0.0349922
0.0355908
0.0362194
0.0368606
0.037492
0.0381285
0.0387984
0.0394907
0.0402044
0.0409201
0.0416509
0.042387
0.0431351
0.0438899
0.0446692
0.0454495
0.0462617
0.0470827
0.047922
0.0487717
0.0496464
0.0505407
0.0514505
0.0523844
0.0533267
0.0543088
0.0552872
0.0563184
0.0573451
0.0584003
0.0594757
0.0605654
0.061696
0.0628319
0.0639897
0.065157
0.0663343
0.0675654
0.0687845
0.070044
0.0713134
0.0725968
0.0738694
0.0751444
0.0763405
0.077232
0.0155728
0.0157526
0.0170051
0.0184153
0.0189805
0.018618
0.0181091
0.0182535
0.0187681
0.0187809
0.018398
0.0182335
0.0182209
0.0182075
0.018444
0.0188692
0.019091
0.019096
0.0192687
0.0197723
0.020236
0.0203374
0.020389
0.0207865
0.0213233
0.0216243
0.021766
0.022067
0.0225505
0.0229813
0.0232871
0.0236129
0.0240201
0.0244422
0.0248659
0.0253155
0.0257587
0.0261664
0.026592
0.0270889
0.0276139
0.0280796
0.0284915
0.0289482
0.0294912
0.0300354
0.0305094
0.0309797
0.0315251
0.0321084
0.0326523
0.0331877
0.0337745
0.0343981
0.034996
0.0355918
0.0362208
0.0368634
0.0374958
0.0381333
0.0388039
0.0394952
0.0402069
0.0409219
0.0416526
0.0423879
0.0431366
0.0438928
0.0446717
0.0454518
0.0462654
0.047086
0.0479247
0.0487747
0.0496501
0.0505445
0.0514541
0.0523878
0.05333
0.054312
0.0552906
0.0563217
0.0573474
0.0584025
0.0594781
0.0605673
0.0616974
0.0628329
0.0639902
0.0651578
0.0663362
0.0675671
0.0687856
0.0700464
0.0713155
0.0726009
0.0738757
0.0751525
0.0763531
0.0772435
0.0156195
0.0156533
0.0167797
0.0182987
0.0190879
0.0188197
0.0182048
0.0181769
0.0187631
0.0190039
0.0186018
0.0182614
0.0182483
0.0183263
0.0185451
0.0189024
0.019119
0.0191677
0.0193376
0.0197847
0.0202578
0.0204215
0.0204529
0.0207936
0.0213517
0.0216915
0.0218093
0.0220761
0.0225692
0.0230167
0.0233161
0.0236338
0.0240415
0.024462
0.0248828
0.0253322
0.0257745
0.0261787
0.0266001
0.0270955
0.0276227
0.0280896
0.0284973
0.02895
0.029496
0.0300455
0.0305187
0.0309841
0.0315295
0.0321172
0.0326609
0.0331916
0.0337784
0.0344045
0.0350003
0.0355931
0.0362224
0.0368665
0.0374997
0.038138
0.0388092
0.0394997
0.0402097
0.0409238
0.0416544
0.0423889
0.0431381
0.0438959
0.0446744
0.0454542
0.046269
0.0470894
0.0479276
0.0487779
0.0496539
0.0505484
0.0514577
0.0523912
0.0533334
0.0543154
0.0552941
0.0563251
0.0573497
0.0584049
0.0594806
0.0605693
0.061699
0.062834
0.0639907
0.0651586
0.0663382
0.0675689
0.0687868
0.0700489
0.071318
0.0726051
0.0738825
0.0751608
0.0763659
0.0772556
0.0156972
0.0156189
0.0165795
0.0181219
0.0191426
0.0190359
0.0183662
0.0181337
0.0186824
0.0191597
0.018857
0.0183476
0.0182423
0.018399
0.018663
0.0189742
0.019145
0.0192108
0.0194121
0.0198242
0.0202678
0.0204855
0.0205338
0.0208111
0.0213643
0.0217571
0.0218671
0.0220871
0.0225806
0.0230536
0.02335
0.0236536
0.024062
0.0244844
0.0249006
0.0253483
0.0257907
0.0261918
0.026609
0.0271026
0.0276316
0.0281003
0.028504
0.028952
0.0295008
0.0300561
0.0305287
0.0309887
0.0315338
0.0321261
0.0326699
0.0331958
0.0337823
0.034411
0.0350049
0.0355947
0.0362242
0.03687
0.0375038
0.0381426
0.0388146
0.0395043
0.0402125
0.0409259
0.0416564
0.0423902
0.0431398
0.0438992
0.0446771
0.0454568
0.0462728
0.047093
0.0479307
0.0487812
0.0496579
0.0505525
0.0514615
0.0523948
0.0533369
0.0543189
0.0552977
0.0563286
0.0573522
0.0584073
0.0594831
0.0605714
0.0617006
0.0628353
0.0639913
0.0651595
0.0663402
0.0675709
0.0687881
0.0700516
0.0713207
0.0726094
0.0738898
0.0751694
0.0763789
0.0772682
0.0157939
0.01564
0.0164288
0.0179127
0.0191238
0.0192391
0.0185844
0.0181549
0.0185641
0.0192176
0.0191201
0.0185144
0.0182411
0.0184135
0.0187638
0.0190842
0.0191958
0.0192284
0.0194679
0.0198916
0.0202878
0.0205219
0.0206166
0.0208497
0.0213668
0.0218116
0.0219389
0.0221068
0.022584
0.0230878
0.0233905
0.0236747
0.0240794
0.0245081
0.0249208
0.0253638
0.0258067
0.026206
0.0266188
0.0271101
0.0276408
0.0281118
0.0285117
0.0289543
0.0295051
0.0300669
0.0305397
0.0309939
0.0315378
0.0321349
0.0326793
0.0332002
0.0337861
0.0344177
0.0350099
0.0355966
0.0362262
0.0368737
0.037508
0.0381473
0.0388198
0.039509
0.0402156
0.0409283
0.0416586
0.0423915
0.0431417
0.0439025
0.0446799
0.0454593
0.0462767
0.0470966
0.0479339
0.0487846
0.0496619
0.0505567
0.0514654
0.0523985
0.0533406
0.0543225
0.0553015
0.0563322
0.0573547
0.0584098
0.0594857
0.0605735
0.0617023
0.0628366
0.063992
0.0651606
0.0663423
0.0675729
0.0687894
0.0700545
0.0713238
0.0726139
0.0738974
0.0751784
0.076392
0.0772813
0.0158964
0.0157071
0.0163356
0.0177039
0.0190311
0.0193974
0.0188369
0.0182555
0.0184536
0.0191767
0.0193415
0.0187532
0.0182869
0.0183889
0.0188159
0.0192076
0.0192928
0.0192451
0.0194852
0.0199654
0.0203394
0.0205423
0.0206814
0.0209096
0.0213722
0.0218475
0.0220174
0.0221416
0.0225826
0.0231148
0.0234363
0.0237006
0.0240937
0.0245307
0.0249445
0.0253803
0.0258215
0.0262209
0.0266298
0.027118
0.0276505
0.0281242
0.0285205
0.028957
0.0295091
0.0300777
0.0305516
0.0309995
0.0315416
0.0321437
0.0326892
0.0332049
0.03379
0.0344245
0.0350153
0.0355989
0.0362284
0.0368776
0.0375124
0.0381519
0.0388251
0.0395136
0.0402188
0.0409308
0.041661
0.042393
0.0431436
0.043906
0.0446828
0.045462
0.0462807
0.0471004
0.0479372
0.0487882
0.0496662
0.0505611
0.0514694
0.0524023
0.0533444
0.0543263
0.0553053
0.0563359
0.0573573
0.0584124
0.0594884
0.0605757
0.0617041
0.062838
0.0639927
0.0651618
0.0663444
0.0675751
0.0687909
0.0700575
0.0713273
0.0726184
0.0739054
0.0751877
0.0764051
0.0772948
0.0159873
0.0158122
0.0162976
0.0175204
0.0188854
0.0194869
0.0190925
0.018431
0.0183929
0.0190662
0.0194774
0.0190267
0.0184088
0.01836
0.0188084
0.0193094
0.0194345
0.019294
0.0194672
0.0200151
0.0204268
0.020573
0.0207164
0.0209764
0.0213953
0.0218666
0.022091
0.0221945
0.0225827
0.0231315
0.0234839
0.0237336
0.0241067
0.0245495
0.0249706
0.0253997
0.0258352
0.0262353
0.0266423
0.0271265
0.0276602
0.0281373
0.0285305
0.0289602
0.0295126
0.0300885
0.0305645
0.0310058
0.0315451
0.0321525
0.0326996
0.0332098
0.0337937
0.0344316
0.0350212
0.0356014
0.0362307
0.0368818
0.0375171
0.0381566
0.0388303
0.0395184
0.0402221
0.0409335
0.0416637
0.0423947
0.0431458
0.0439097
0.0446859
0.0454648
0.0462846
0.0471043
0.0479408
0.0487918
0.0496705
0.0505657
0.0514736
0.0524063
0.0533483
0.0543301
0.0553093
0.0563397
0.05736
0.0584151
0.0594912
0.060578
0.061706
0.0628396
0.0639935
0.0651631
0.0663466
0.0675774
0.0687926
0.0700607
0.0713311
0.0726231
0.0739137
0.0751974
0.0764184
0.0773088
0.0160462
0.0159445
0.0163123
0.0173744
0.0187145
0.0195034
0.0193198
0.0186607
0.0184086
0.0189316
0.0195095
0.0192854
0.0186088
0.0183659
0.018758
0.0193571
0.0195916
0.0194003
0.0194425
0.0200136
0.0205255
0.0206408
0.0207309
0.0210271
0.0214416
0.021883
0.0221495
0.0222613
0.0225926
0.023138
0.0235289
0.0237746
0.024122
0.0245641
0.0249965
0.0254234
0.0258497
0.0262482
0.0266555
0.0271362
0.0276701
0.0281512
0.0285418
0.028964
0.0295156
0.0300989
0.0305783
0.031013
0.0315483
0.0321611
0.0327108
0.033215
0.033797
0.0344388
0.0350278
0.0356042
0.0362331
0.0368862
0.0375219
0.0381613
0.0388356
0.0395232
0.0402255
0.0409364
0.0416665
0.0423966
0.043148
0.0439135
0.0446892
0.0454677
0.0462887
0.0471083
0.0479446
0.0487955
0.0496749
0.0505703
0.0514778
0.0524104
0.0533524
0.0543342
0.0553134
0.0563435
0.0573628
0.0584179
0.059494
0.0605804
0.0617079
0.0628413
0.0639943
0.0651647
0.0663489
0.0675797
0.0687945
0.0700639
0.0713353
0.072628
0.0739224
0.0752075
0.0764317
0.0773231
0.0160562
0.0160846
0.0163783
0.0172719
0.0185393
0.0194577
0.0194944
0.0189139
0.0185054
0.01882
0.0194535
0.0194816
0.0188595
0.0184379
0.0186975
0.0193409
0.0197266
0.0195644
0.0194501
0.0199609
0.020599
0.0207545
0.0207537
0.0210439
0.0214965
0.0219133
0.0221905
0.0223308
0.0226183
0.023138
0.0235662
0.023822
0.0241415
0.0245752
0.0250201
0.0254504
0.025867
0.0262595
0.026668
0.0271473
0.0276805
0.0281656
0.0285546
0.0289688
0.0295182
0.0301091
0.030593
0.0310212
0.0315513
0.0321695
0.0327226
0.0332208
0.0338
0.0344461
0.0350352
0.0356075
0.0362355
0.0368909
0.0375269
0.0381661
0.0388409
0.0395281
0.0402291
0.0409394
0.0416697
0.0423987
0.0431504
0.0439174
0.0446926
0.0454707
0.0462928
0.0471125
0.0479485
0.0487993
0.0496794
0.0505752
0.0514822
0.0524145
0.0533565
0.0543383
0.0553176
0.0563475
0.0573657
0.0584208
0.0594969
0.0605829
0.06171
0.0628431
0.0639951
0.0651663
0.0663513
0.0675821
0.0687966
0.0700672
0.0713399
0.0726331
0.0739313
0.0752181
0.076445
0.0773378
0.0160119
0.0162074
0.0164875
0.0172219
0.018375
0.0193656
0.019605
0.0191591
0.0186693
0.0187664
0.019348
0.0195871
0.0191173
0.0185836
0.0186625
0.0192758
0.0198054
0.0197559
0.0195231
0.0198881
0.0206143
0.0208912
0.020818
0.0210341
0.0215348
0.0219666
0.0222265
0.0223904
0.0226602
0.0231401
0.0235927
0.0238733
0.0241678
0.0245836
0.0250401
0.0254794
0.0258884
0.026271
0.0266786
0.0271591
0.0276919
0.0281801
0.0285688
0.0289746
0.0295203
0.030119
0.0306086
0.0310302
0.0315539
0.0321773
0.0327352
0.0332272
0.0338026
0.0344531
0.0350435
0.0356113
0.0362378
0.0368957
0.0375322
0.0381709
0.0388462
0.0395331
0.0402328
0.0409426
0.041673
0.0424011
0.0431531
0.0439214
0.0446961
0.0454737
0.0462969
0.0471168
0.0479528
0.0488032
0.049684
0.0505803
0.0514867
0.0524189
0.0533608
0.0543426
0.055322
0.0563515
0.0573686
0.0584239
0.0594998
0.0605855
0.0617121
0.062845
0.0639961
0.0651681
0.0663538
0.0675845
0.068799
0.0700707
0.0713448
0.0726385
0.0739403
0.0752292
0.0764585
0.0773527
0.0159206
0.0162912
0.0166196
0.0172307
0.0182389
0.019243
0.0196525
0.0193704
0.0188734
0.0187847
0.0192362
0.0196055
0.0193377
0.0187855
0.0186824
0.0191922
0.0198142
0.0199332
0.0196655
0.0198373
0.0205633
0.02101
0.0209387
0.0210281
0.0215352
0.0220305
0.0222759
0.0224346
0.0227082
0.0231525
0.0236084
0.023924
0.0242041
0.0245912
0.0250552
0.0255091
0.0259137
0.0262842
0.0266875
0.0271702
0.0277049
0.0281954
0.0285841
0.0289815
0.0295217
0.0301283
0.0306253
0.0310404
0.0315563
0.0321847
0.0327484
0.0332345
0.0338048
0.0344598
0.0350525
0.0356158
0.0362401
0.0369006
0.0375379
0.0381759
0.0388515
0.0395383
0.0402367
0.0409459
0.0416764
0.0424038
0.0431559
0.0439255
0.0446998
0.0454769
0.046301
0.0471213
0.0479572
0.0488072
0.0496888
0.0505855
0.0514913
0.0524233
0.0533652
0.054347
0.0553265
0.0563556
0.0573717
0.0584271
0.0595028
0.0605883
0.0617144
0.062847
0.0639971
0.0651701
0.0663565
0.0675869
0.0688017
0.0700743
0.0713501
0.0726442
0.0739496
0.0752406
0.076472
0.0773678
0.015798
0.0163282
0.0167484
0.0172922
0.0181495
0.0191085
0.0196443
0.0195316
0.0190869
0.0188687
0.0191536
0.0195624
0.0194918
0.0190095
0.0187686
0.0191249
0.0197661
0.0200604
0.0198513
0.0198458
0.0204736
0.0210717
0.0210956
0.021062
0.0215
0.0220784
0.0223508
0.0224741
0.0227489
0.023178
0.0236182
0.0239659
0.0242504
0.0246017
0.0250633
0.0255387
0.0259434
0.0262998
0.0266955
0.0271796
0.0277183
0.0282124
0.0286007
0.0289897
0.0295228
0.0301369
0.0306429
0.0310517
0.0315584
0.0321916
0.0327624
0.0332427
0.0338068
0.0344661
0.0350621
0.0356211
0.0362424
0.0369054
0.0375439
0.0381811
0.0388568
0.0395436
0.0402409
0.0409485
0.04168
0.0424066
0.0431591
0.0439299
0.0447036
0.0454802
0.0463051
0.047126
0.047962
0.0488112
0.0496935
0.0505909
0.0514961
0.0524278
0.0533697
0.0543516
0.0553311
0.0563598
0.0573748
0.0584305
0.0595058
0.0605912
0.0617167
0.0628491
0.0639983
0.0651722
0.0663594
0.0675893
0.0688048
0.070078
0.0713556
0.0726503
0.0739589
0.0752525
0.0764857
0.0773831
0.015659
0.0163247
0.0168541
0.0173851
0.0181162
0.0189861
0.0195941
0.0196382
0.0192839
0.0189985
0.0191201
0.0194895
0.0195724
0.0192168
0.0189079
0.0191014
0.0196892
0.0201213
0.0200416
0.0199267
0.0203881
0.0210612
0.0212476
0.021157
0.0214585
0.0220846
0.022442
0.0225291
0.0227762
0.023212
0.023633
0.0239955
0.0243032
0.0246212
0.0250627
0.0255642
0.0259793
0.0263186
0.026703
0.0271874
0.0277308
0.0282307
0.0286192
0.0289985
0.0295235
0.0301448
0.0306615
0.0310646
0.0315598
0.0321974
0.0327772
0.033252
0.0338085
0.0344719
0.0350724
0.0356272
0.036245
0.0369103
0.0375501
0.0381865
0.038862
0.0395489
0.0402452
0.0409521
0.0416839
0.0424096
0.0431623
0.0439344
0.0447078
0.0454834
0.0463091
0.0471309
0.047967
0.0488153
0.0496985
0.0505965
0.0515009
0.0524325
0.0533743
0.0543563
0.0553359
0.0563641
0.057378
0.0584341
0.0595089
0.0605943
0.0617192
0.0628513
0.0639997
0.0651744
0.0663626
0.0675916
0.0688082
0.070082
0.0713613
0.0726568
0.0739684
0.0752647
0.0764995
0.0773985
0.015511
0.0162909
0.0169307
0.0174861
0.0181317
0.0188964
0.0195204
0.0196938
0.0194482
0.0191499
0.0191413
0.0194194
0.019593
0.0193807
0.0190727
0.0191318
0.0196141
0.0201211
0.0202006
0.0200628
0.0203468
0.0209995
0.021354
0.0213007
0.0214484
0.0220441
0.0225208
0.0226126
0.0227959
0.0232396
0.0236587
0.0240148
0.0243537
0.0246564
0.0250577
0.0255785
0.0260209
0.0263435
0.026709
0.0271942
0.0277425
0.0282498
0.0286409
0.0290087
0.0295231
0.0301516
0.0306811
0.0310797
0.0315611
0.0322017
0.032793
0.0332629
0.0338097
0.034477
0.0350832
0.0356337
0.0362476
0.0369153
0.0375564
0.0381921
0.0388675
0.0395543
0.0402497
0.0409559
0.0416881
0.0424129
0.0431656
0.0439391
0.0447123
0.0454868
0.046313
0.0471361
0.0479723
0.0488194
0.0497034
0.0506023
0.051506
0.0524374
0.0533791
0.0543612
0.0553407
0.0563686
0.0573812
0.0584378
0.0595119
0.0605975
0.0617217
0.0628534
0.0640013
0.0651766
0.066366
0.067594
0.0688119
0.0700863
0.071367
0.0726638
0.073978
0.0752771
0.0765135
0.0774139
0.015359
0.016232
0.0169802
0.0175813
0.0181791
0.018848
0.019443
0.019706
0.019572
0.0192994
0.0192071
0.019377
0.0195766
0.0194937
0.019235
0.0192068
0.0195655
0.0200793
0.020306
0.0202198
0.0203662
0.0209248
0.0213943
0.0214555
0.0214975
0.0219837
0.0225601
0.0227212
0.0228285
0.023252
0.0236925
0.0240321
0.0243924
0.0247071
0.0250598
0.0255774
0.0260634
0.0263797
0.0267142
0.0271972
0.0277535
0.0282683
0.0286652
0.0290217
0.0295216
0.0301566
0.0307015
0.0310971
0.0315622
0.0322038
0.0328091
0.033276
0.0338109
0.0344813
0.0350949
0.035641
0.0362502
0.0369205
0.0375632
0.0381977
0.0388728
0.0395599
0.0402542
0.0409597
0.0416926
0.0424165
0.043169
0.0439439
0.0447171
0.0454903
0.0463168
0.0471415
0.047978
0.0488235
0.0497084
0.0506081
0.051511
0.0524424
0.0533839
0.0543662
0.0553457
0.0563731
0.0573845
0.0584417
0.0595151
0.0606009
0.0617246
0.0628555
0.0640033
0.0651789
0.0663696
0.0675964
0.0688158
0.070091
0.0713729
0.0726713
0.0739878
0.0752897
0.0765277
0.0774295
0.0152138
0.0161498
0.0170016
0.0176642
0.0182435
0.0188365
0.0193781
0.0196862
0.0196528
0.0194285
0.0192947
0.0193714
0.0195464
0.0195602
0.0193764
0.0193075
0.0195566
0.0200232
0.0203564
0.0203674
0.0204371
0.0208738
0.0213802
0.0215807
0.0216011
0.0219398
0.0225479
0.0228296
0.0228917
0.0232536
0.023724
0.0240565
0.0244144
0.024761
0.0250777
0.0255622
0.0260956
0.0264304
0.0267252
0.027194
0.0277633
0.0282871
0.0286905
0.0290382
0.0295195
0.0301584
0.0307226
0.0311178
0.0315639
0.0322037
0.032825
0.0332915
0.0338125
0.0344841
0.0351068
0.0356492
0.0362526
0.0369256
0.0375707
0.0382037
0.0388781
0.0395658
0.0402589
0.0409636
0.0416975
0.0424205
0.0431723
0.0439486
0.0447223
0.0454939
0.0463203
0.0471471
0.047984
0.0488277
0.0497136
0.0506143
0.0515161
0.0524474
0.0533887
0.0543715
0.0553507
0.0563778
0.057388
0.0584458
0.0595183
0.0606043
0.0617277
0.0628575
0.0640056
0.0651813
0.0663733
0.0675989
0.0688198
0.0700961
0.0713787
0.0726792
0.0739979
0.0753024
0.076542
0.077445
0.0150902
0.0160516
0.0169917
0.0177288
0.0183147
0.0188543
0.0193366
0.0196509
0.0196956
0.0195304
0.0193846
0.0193964
0.0195224
0.0195906
0.0194887
0.0194145
0.0195834
0.0199755
0.0203614
0.0204838
0.0205356
0.0208641
0.0213434
0.0216527
0.0217283
0.0219409
0.0224996
0.0229077
0.0229851
0.0232599
0.023743
0.0240928
0.0244296
0.0248074
0.0251166
0.0255454
0.0261066
0.0264885
0.0267506
0.0271848
0.0277678
0.0283086
0.0287177
0.0290584
0.029519
0.0301562
0.0307429
0.0311423
0.0315666
0.0322008
0.0328399
0.0333093
0.0338152
0.0344859
0.0351189
0.0356588
0.0362551
0.0369303
0.0375786
0.0382101
0.038883
0.0395716
0.0402639
0.0409673
0.0417026
0.042425
0.043176
0.0439533
0.0447277
0.0454976
0.0463239
0.047153
0.0479902
0.0488317
0.0497187
0.0506207
0.0515214
0.0524529
0.0533937
0.0543769
0.0553557
0.0563824
0.0573914
0.0584497
0.0595217
0.0606078
0.0617311
0.0628594
0.0640081
0.0651838
0.0663772
0.0676018
0.068824
0.0701016
0.0713845
0.0726873
0.0740083
0.0753152
0.0765565
0.0774606
0.0150011
0.015955
0.0169566
0.0177697
0.0183846
0.0188926
0.0193223
0.0196162
0.0197087
0.0196035
0.0194639
0.0194363
0.0195137
0.0195977
0.0195685
0.0195149
0.0196337
0.0199515
0.0203398
0.0205607
0.0206399
0.0208917
0.0213152
0.0216784
0.0218457
0.0219945
0.0224489
0.0229403
0.0230919
0.0232876
0.0237466
0.0241315
0.0244475
0.0248387
0.0251693
0.0255429
0.0260965
0.0265406
0.0267957
0.027176
0.0277594
0.0283294
0.0287483
0.0290806
0.0295205
0.0301509
0.0307609
0.0311715
0.0315721
0.032195
0.0328533
0.0333296
0.0338192
0.0344862
0.0351304
0.0356693
0.0362578
0.0369344
0.0375871
0.0382175
0.0388879
0.0395772
0.0402693
0.0409713
0.0417079
0.0424298
0.0431797
0.043958
0.0447335
0.0455013
0.0463272
0.0471593
0.0479967
0.0488358
0.0497239
0.0506272
0.0515265
0.0524583
0.0533986
0.0543826
0.0553611
0.0563874
0.0573953
0.0584539
0.0595252
0.0606112
0.0617347
0.0628611
0.064011
0.0651865
0.0663809
0.0676049
0.0688282
0.0701076
0.0713905
0.0726958
0.0740191
0.0753278
0.076571
0.0774763
0.0149484
0.0158768
0.0169106
0.0177856
0.0184433
0.0189409
0.0193309
0.0195936
0.0197032
0.0196494
0.0195273
0.019478
0.0195187
0.0195958
0.0196186
0.0196013
0.0196956
0.0199549
0.0203135
0.0206008
0.0207342
0.0209417
0.0213083
0.0216785
0.0219264
0.0220787
0.0224216
0.0229304
0.0231861
0.023343
0.0237452
0.0241625
0.0244725
0.024855
0.0252198
0.0255622
0.0260771
0.0265741
0.0268576
0.0271822
0.027739
0.0283433
0.0287859
0.0291066
0.0295222
0.0301428
0.0307747
0.0312036
0.031582
0.0321863
0.0328638
0.0333523
0.0338252
0.0344854
0.0351418
0.0356812
0.0362611
0.0369379
0.0375955
0.0382256
0.0388928
0.0395825
0.0402747
0.0409754
0.0417134
0.0424349
0.0431836
0.0439628
0.0447396
0.0455052
0.0463304
0.0471662
0.0480034
0.0488397
0.049729
0.050634
0.051532
0.052464
0.0534035
0.0543882
0.0553662
0.0563919
0.0573991
0.0584579
0.0595291
0.0606147
0.0617387
0.0628629
0.0640141
0.0651896
0.0663845
0.0676085
0.0688324
0.0701139
0.0713965
0.0727043
0.0740302
0.0753405
0.0765854
0.0774918
0.0149256
0.0158221
0.0168656
0.0177808
0.0184816
0.018987
0.0193524
0.0195861
0.0196902
0.0196714
0.0195726
0.0195124
0.0195284
0.0195914
0.0196436
0.0196649
0.0197541
0.0199746
0.0202946
0.020612
0.0208078
0.0210017
0.021323
0.0216779
0.0219716
0.0221677
0.0224329
0.0228999
0.0232493
0.0234184
0.0237528
0.0241831
0.0245055
0.0248674
0.0252589
0.0255988
0.0260634
0.0265833
0.0269197
0.0272105
0.0277144
0.0283412
0.0288281
0.029143
0.0295244
0.0301315
0.0307851
0.0312377
0.0315975
0.0321758
0.0328699
0.0333772
0.0338337
0.0344829
0.035152
0.0356942
0.0362649
0.0369408
0.037604
0.0382346
0.0388982
0.0395877
0.0402801
0.0409797
0.0417191
0.0424405
0.0431876
0.0439676
0.0447461
0.045509
0.0463332
0.0471735
0.0480105
0.048844
0.0497342
0.0506411
0.0515374
0.0524697
0.0534086
0.054394
0.0553718
0.0563966
0.0574034
0.0584617
0.059533
0.0606182
0.0617427
0.0628647
0.0640173
0.0651931
0.0663879
0.0676126
0.0688369
0.0701204
0.071403
0.0727129
0.0740416
0.0753532
0.0765997
0.0775074
0.0149236
0.0157874
0.0168257
0.0177635
0.0184972
0.0190211
0.0193752
0.0195895
0.0196788
0.0196752
0.0195992
0.0195357
0.0195367
0.0195871
0.019654
0.0197072
0.0198035
0.0200024
0.0202893
0.0206095
0.020857
0.0210626
0.021351
0.0216869
0.0219962
0.022241
0.0224774
0.0228737
0.0232768
0.0234967
0.0237758
0.0241941
0.0245386
0.0248816
0.0252842
0.0256415
0.0260659
0.0265788
0.0269683
0.0272583
0.0277
0.0283186
0.0288628
0.0291938
0.0295316
0.0301132
0.0307912
0.0312744
0.031619
0.032165
0.032871
0.0334036
0.0338458
0.0344788
0.0351612
0.0357089
0.0362695
0.0369426
0.0376121
0.0382439
0.0389038
0.0395928
0.0402854
0.040984
0.0417253
0.0424466
0.0431914
0.0439722
0.0447529
0.045513
0.0463356
0.0471811
0.0480175
0.0488477
0.0497391
0.0506483
0.0515432
0.0524757
0.053414
0.0544
0.0553777
0.0564014
0.0574081
0.0584657
0.0595374
0.0606219
0.0617467
0.0628666
0.0640205
0.0651969
0.066391
0.0676169
0.0688416
0.0701269
0.0714097
0.0727215
0.0740533
0.0753659
0.0766138
0.0775229
0.0149385
0.0157715
0.0167956
0.0177435
0.0184973
0.0190402
0.0193928
0.0195955
0.0196716
0.0196673
0.0196088
0.0195471
0.0195394
0.0195809
0.0196546
0.0197321
0.0198401
0.0200302
0.0202939
0.0206047
0.020884
0.0211146
0.0213842
0.0217018
0.0220124
0.0222893
0.0225343
0.0228677
0.0232774
0.0235628
0.0238164
0.0242039
0.0245689
0.0249006
0.0253
0.0256799
0.0260817
0.0265723
0.026998
0.0273121
0.0277079
0.0282868
0.0288769
0.0292551
0.0295539
0.0300862
0.0307865
0.0313141
0.0316475
0.0321536
0.0328668
0.0334309
0.033862
0.0344732
0.035168
0.0357257
0.0362757
0.0369437
0.0376198
0.0382541
0.03891
0.0395982
0.0402907
0.0409879
0.0417314
0.0424537
0.0431954
0.0439768
0.0447603
0.0455172
0.0463373
0.0471892
0.048025
0.0488518
0.0497441
0.0506554
0.0515489
0.0524812
0.0534192
0.0544055
0.0553833
0.0564056
0.0574128
0.0584695
0.0595418
0.060626
0.0617508
0.062869
0.0640239
0.0652013
0.0663942
0.0676216
0.0688466
0.0701333
0.0714167
0.0727301
0.0740651
0.0753786
0.0766275
0.077538
0.0149702
0.0157746
0.0167772
0.017724
0.0184871
0.0190415
0.0193969
0.0195924
0.0196604
0.0196486
0.0195998
0.0195439
0.0195314
0.0195687
0.0196453
0.0197425
0.0198628
0.0200521
0.0203029
0.0206022
0.0208976
0.021154
0.0214196
0.0217207
0.0220286
0.02232
0.0225854
0.0228836
0.0232661
0.0236039
0.023865
0.0242173
0.0245945
0.0249252
0.0253134
0.0257131
0.0261064
0.026572
0.0270153
0.0273584
0.0277357
0.0282631
0.0288657
0.0293124
0.029602
0.0300603
0.0307637
0.0313546
0.0316874
0.0321425
0.0328554
0.033458
0.0338831
0.0344663
0.0351713
0.0357441
0.036284
0.0369435
0.0376263
0.0382647
0.0389163
0.0396037
0.0402964
0.0409917
0.0417374
0.0424615
0.0431992
0.0439807
0.0447681
0.045522
0.0463396
0.0471978
0.0480329
0.0488559
0.0497492
0.0506625
0.0515552
0.0524871
0.0534251
0.0544113
0.0553894
0.0564103
0.0574177
0.0584734
0.0595458
0.0606299
0.0617543
0.0628713
0.0640273
0.0652058
0.0663972
0.0676265
0.0688522
0.0701397
0.0714242
0.0727391
0.0740771
0.0753913
0.0766413
0.0775532
0.0150135
0.0157936
0.0167705
0.0177054
0.0184691
0.0190268
0.0193835
0.0195731
0.019636
0.0196169
0.0195699
0.0195222
0.0195088
0.0195472
0.0196271
0.0197412
0.0198756
0.0200667
0.0203137
0.020603
0.0209053
0.0211804
0.0214511
0.0217409
0.0220446
0.0223429
0.0226235
0.0229124
0.0232599
0.0236207
0.023911
0.024237
0.024614
0.0249522
0.0253256
0.0257383
0.0261337
0.0265776
0.0270287
0.0273948
0.0277705
0.0282589
0.0288402
0.0293471
0.0296717
0.030052
0.0307194
0.031385
0.0317436
0.0321363
0.0328341
0.033484
0.0339108
0.0344592
0.0351699
0.0357637
0.0362957
0.0369429
0.0376314
0.0382756
0.0389226
0.039609
0.0403026
0.0409953
0.0417427
0.0424704
0.0432035
0.0439843
0.0447763
0.0455273
0.0463385
0.0472059
0.0480406
0.0488601
0.0497543
0.0506694
0.0515615
0.0524927
0.0534309
0.0544169
0.0553951
0.0564146
0.0574227
0.0584775
0.0595503
0.0606346
0.061758
0.062874
0.0640306
0.0652102
0.0664
0.0676312
0.0688577
0.0701455
0.0714313
0.0727477
0.0740886
0.0754039
0.076654
0.0775676
0.0150639
0.0158258
0.0167758
0.0176896
0.0184437
0.0189974
0.0193513
0.0195345
0.0195915
0.0195672
0.0195174
0.0194766
0.0194676
0.0195114
0.0195988
0.0197283
0.019881
0.020077
0.0203252
0.0206083
0.0209106
0.0211981
0.0214758
0.0217613
0.0220594
0.0223608
0.0226493
0.0229399
0.0232636
0.0236227
0.0239453
0.0242632
0.0246302
0.0249797
0.0253405
0.0257541
0.0261585
0.0265853
0.0270381
0.0274245
0.0278018
0.0282693
0.0288188
0.0293526
0.0297435
0.0300762
0.030664
0.0313907
0.0318143
0.0321452
0.0328018
0.0335044
0.0339469
0.0344544
0.0351633
0.0357832
0.036312
0.0369429
0.0376346
0.0382871
0.0389297
0.0396144
0.0403101
0.040999
0.0417471
0.0424796
0.043208
0.043987
0.044785
0.045534
0.0463545
0.0472149
0.048049
0.0488654
0.0497601
0.0506762
0.0515682
0.0524987
0.0534374
0.0544231
0.0554013
0.0564196
0.057428
0.0584818
0.0595545
0.0606393
0.0617616
0.0628775
0.064035
0.0652154
0.0664037
0.0676368
0.0688645
0.0701521
0.0714394
0.0727573
0.0741003
0.0754165
0.0766674
0.077582
0.0151211
0.0158686
0.0167915
0.0176763
0.0184094
0.0189494
0.0192938
0.0194673
0.0195164
0.0194886
0.0194371
0.0194021
0.0194034
0.0194574
0.0195574
0.019703
0.019878
0.0200851
0.0203354
0.020616
0.0209136
0.0212077
0.0214923
0.0217795
0.0220743
0.0223754
0.022668
0.0229605
0.0232734
0.0236212
0.0239655
0.0242919
0.0246474
0.0250064
0.025363
0.0257671
0.0261812
0.0265984
0.0270453
0.0274518
0.0278301
0.0282822
0.0288088
0.0293398
0.0297942
0.0301293
0.030616
0.0313581
0.0318835
0.0321775
0.03276
0.0335096
0.0339889
0.0344534
0.0351488
0.0357986
0.0363314
0.0369435
0.0376342
0.0382968
0.0389364
0.0396189
0.0403183
0.0410033
0.0417506
0.0424893
0.0432132
0.0439893
0.0447933
0.0455405
0.0463503
0.0472209
0.0480562
0.04887
0.0497652
0.0506818
0.0515743
0.052504
0.0534431
0.0544285
0.0554059
0.0564237
0.0574327
0.0584859
0.0595585
0.0606437
0.0617642
0.0628798
0.0640382
0.0652189
0.0664062
0.0676412
0.0688703
0.0701573
0.0714462
0.0727659
0.0741112
0.0754286
0.0766793
0.0775954
0.0151822
0.0159114
0.0168048
0.0176529
0.0183537
0.0188689
0.0191958
0.0193553
0.0193956
0.0193666
0.0193194
0.0192951
0.0193136
0.0193857
0.0195047
0.0196713
0.019871
0.0200962
0.0203496
0.0206275
0.0209181
0.0212118
0.0215017
0.0217932
0.022089
0.0223879
0.0226829
0.0229772
0.0232856
0.0236241
0.0239773
0.0243191
0.0246685
0.0250307
0.0253907
0.0257803
0.026198
0.0266164
0.0270533
0.0274783
0.0278627
0.0282965
0.0288126
0.0293306
0.0298214
0.0302017
0.0306073
0.0313012
0.0319377
0.032246
0.0327266
0.0334973
0.0340385
0.0344662
0.0351316
0.0358115
0.0363574
0.0369494
0.0376339
0.0383064
0.0389445
0.0396242
0.0403276
0.0410082
0.0417532
0.0424983
0.043219
0.0439912
0.0448018
0.0455474
0.046356
0.0472282
0.0480645
0.0488774
0.0497716
0.0506882
0.0515812
0.0525105
0.0534504
0.0544356
0.0554119
0.0564294
0.0574384
0.0584908
0.0595632
0.0606491
0.0617684
0.0628843
0.0640439
0.0652243
0.0664104
0.0676472
0.0688777
0.0701639
0.0714545
0.0727758
0.0741224
0.0754407
0.0766922
0.0776089
0.0152765
0.015952
0.0167908
0.0175826
0.018231
0.0187012
0.0189958
0.0191368
0.0191711
0.0191488
0.0191172
0.019118
0.0191671
0.0192717
0.0194221
0.0196189
0.0198467
0.0200932
0.0203518
0.0206247
0.0209092
0.0211983
0.0214914
0.0217887
0.0220886
0.0223875
0.022684
0.0229824
0.0232886
0.0236219
0.0239783
0.0243337
0.0246872
0.0250483
0.0254143
0.0257927
0.0262035
0.0266291
0.0270573
0.0274922
0.0278922
0.0283056
0.0288124
0.0293255
0.0298195
0.0302554
0.0306323
0.0312295
0.0319408
0.03233
0.0327116
0.0334562
0.0340773
0.0344904
0.0351075
0.0358121
0.0363827
0.0369565
0.0376303
0.0383118
0.0389499
0.0396285
0.0403374
0.0410137
0.0417559
0.0425072
0.0432248
0.0439926
0.0448092
0.0455553
0.046357
0.0472291
0.0480712
0.0488842
0.0497767
0.0506932
0.0515874
0.052516
0.0534563
0.0544411
0.0554154
0.0564334
0.0574431
0.0584948
0.0595669
0.0606528
0.0617702
0.0628862
0.0640474
0.0652273
0.0664132
0.0676522
0.0688837
0.070169
0.071461
0.0727845
0.0741326
0.0754519
0.0767032
0.0776211
0.0156239
0.0162464
0.0170026
0.0176902
0.0182274
0.0185912
0.0188029
0.0189016
0.0189272
0.0189203
0.0189173
0.0189581
0.0190506
0.0191953
0.0193778
0.0195957
0.019839
0.0200947
0.0203558
0.0206211
0.0208998
0.0211846
0.0214778
0.0217803
0.0220839
0.022388
0.0226877
0.0229931
0.0233004
0.0236293
0.0239858
0.0243468
0.0247087
0.0250696
0.0254382
0.0258143
0.0262137
0.0266436
0.0270718
0.0275061
0.0279256
0.0283278
0.0288137
0.0293346
0.0298181
0.0302885
0.0306937
0.0311937
0.0319032
0.0324118
0.0327428
0.0334054
0.034099
0.0345358
0.035092
0.0358054
0.0364117
0.036971
0.0376299
0.0383179
0.038956
0.0396333
0.0403483
0.04102
0.0417576
0.0425152
0.0432309
0.043994
0.0448167
0.0455642
0.0463627
0.0472391
0.0480795
0.0488938
0.0497817
0.0506975
0.051594
0.0525221
0.0534633
0.0544484
0.0554204
0.0564387
0.0574489
0.0584997
0.0595718
0.0606581
0.0617747
0.062891
0.064053
0.0652318
0.0664168
0.0676578
0.0688903
0.0701749
0.0714686
0.072794
0.0741428
0.0754629
0.0767152
0.0776334
0.015572
0.0160709
0.0166754
0.017227
0.0176777
0.0180176
0.0182344
0.0183716
0.0184761
0.0185756
0.0186798
0.01881
0.0189694
0.0191584
0.0193688
0.0195948
0.0198373
0.0200879
0.0203452
0.0206042
0.0208752
0.0211578
0.0214478
0.0217528
0.0220599
0.0223733
0.022682
0.0229946
0.0233075
0.0236331
0.0239895
0.0243524
0.0247215
0.0250866
0.0254531
0.0258304
0.0262207
0.0266461
0.0270807
0.0275124
0.0279459
0.0283539
0.0288116
0.0293359
0.0298189
0.0302927
0.03075
0.0311982
0.031843
0.0324538
0.0328101
0.0333663
0.0340876
0.0345869
0.0350882
0.0357851
0.0364331
0.0369878
0.0376287
0.0383211
0.0389599
0.0396355
0.0403587
0.0410289
0.0417594
0.0425223
0.0432379
0.0439939
0.0448216
0.0455746
0.0463667
0.0472378
0.0480862
0.0489054
0.0497873
0.0507021
0.0516023
0.0525295
0.0534702
0.0544545
0.0554243
0.0564434
0.0574546
0.0585042
0.0595758
0.0606614
0.0617767
0.0628938
0.0640574
0.0652355
0.0664211
0.0676642
0.068897
0.0701805
0.0714752
0.0728028
0.0741523
0.0754729
0.0767255
0.0776443
0.0173535
0.017202
0.0169603
0.0167937
0.0167485
0.0168244
0.017044
0.0173615
0.0177131
0.0180635
0.018387
0.0186742
0.0189285
0.0191629
0.0193887
0.0196089
0.0198362
0.0200741
0.020324
0.0205818
0.0208474
0.0211294
0.0214172
0.0217206
0.0220313
0.0223522
0.0226739
0.0229921
0.0233119
0.0236365
0.02399
0.0243559
0.0247277
0.0251015
0.0254677
0.0258457
0.0262347
0.0266498
0.0270892
0.0275221
0.0279594
0.0283807
0.0288163
0.0293283
0.0298222
0.0302904
0.0307844
0.031229
0.031786
0.0324425
0.0328811
0.0333547
0.034048
0.034626
0.0351054
0.0357612
0.0364448
0.0370094
0.0376306
0.0383246
0.0389655
0.0396361
0.0403669
0.0410405
0.0417605
0.0425265
0.0432466
0.043995
0.0448255
0.0455894
0.0463743
0.0472342
0.0480922
0.0489173
0.0497892
0.0507016
0.0516074
0.0525347
0.0534758
0.0544594
0.0554269
0.0564473
0.0574595
0.0585075
0.0595796
0.0606657
0.0617802
0.062898
0.0640617
0.0652381
0.066423
0.0676685
0.068902
0.0701849
0.0714816
0.072811
0.074161
0.0754822
0.0767358
0.0776552
0.0169056
0.0166441
0.0162861
0.0160301
0.0159619
0.0161033
0.0163992
0.0167958
0.0172409
0.0176969
0.0181185
0.0184871
0.018805
0.0190868
0.0193438
0.0195836
0.0198184
0.0200586
0.0203088
0.0205688
0.020834
0.021113
0.0214
0.0216978
0.0220079
0.02233
0.0226593
0.0229844
0.0233101
0.0236417
0.0239919
0.0243628
0.0247353
0.0251142
0.0254842
0.0258578
0.0262505
0.0266555
0.0270961
0.0275358
0.0279723
0.028408
0.028834
0.0293236
0.029827
0.0302985
0.0308079
0.0312783
0.0317742
0.0324132
0.0329458
0.0333898
0.034011
0.0346477
0.0351431
0.0357449
0.036443
0.0370326
0.037635
0.0383258
0.0389734
0.0396342
0.0403712
0.0410574
0.0417629
0.0425281
0.0432562
0.0439948
0.0448241
0.045603
0.0463824
0.0472281
0.0480987
0.0489363
0.0497962
0.0507048
0.0516181
0.0525453
0.0534849
0.0544666
0.0554314
0.056454
0.0574672
0.0585129
0.0595837
0.0606695
0.0617829
0.0629016
0.064067
0.0652428
0.0664288
0.067676
0.0689091
0.0701911
0.0714883
0.0728197
0.0741696
0.0754908
0.0767452
0.0776645
0.0178068
0.0175192
0.0171011
0.0167392
0.0165128
0.0164478
0.0165341
0.0167494
0.0170509
0.0174014
0.0177723
0.0181425
0.0184976
0.0188321
0.0191481
0.0194448
0.0197281
0.020003
0.0202773
0.0205516
0.0208264
0.0211057
0.0213913
0.0216851
0.0219884
0.0223044
0.022629
0.0229591
0.0232899
0.0236328
0.0239849
0.0243575
0.0247341
0.025112
0.0254916
0.0258625
0.0262585
0.0266625
0.0270958
0.0275431
0.0279742
0.0284177
0.0288468
0.0293118
0.0298173
0.0302994
0.0308103
0.031304
0.0317749
0.0323647
0.0329562
0.0334295
0.0339789
0.0346327
0.0351799
0.0357399
0.0364253
0.0370529
0.0376431
0.0383232
0.0389856
0.039631
0.0403668
0.041063
0.0417629
0.0425263
0.0432691
0.0439944
0.0448208
0.0456214
0.0463929
0.0472175
0.0481013
0.0489513
0.049797
0.0506989
0.051621
0.0525506
0.0534896
0.0544688
0.0554313
0.0564566
0.0574716
0.0585153
0.0595859
0.0606726
0.061786
0.0629051
0.06407
0.0652441
0.0664298
0.067679
0.0689125
0.070194
0.071493
0.0728259
0.0741762
0.0754979
0.0767531
0.0776733
0.0155412
0.0158393
0.0162258
0.0165659
0.0168258
0.0169971
0.0170968
0.0171759
0.0172827
0.0174487
0.0176811
0.0179702
0.018301
0.0186488
0.0190005
0.0193388
0.0196595
0.0199647
0.0202595
0.0205488
0.0208328
0.0211159
0.0213989
0.0216907
0.0219848
0.0222896
0.0226054
0.0229368
0.0232789
0.0236332
0.0239944
0.0243635
0.0247421
0.0251165
0.025498
0.025874
0.0262662
0.0266781
0.0271036
0.0275524
0.0279862
0.0284255
0.0288693
0.0293154
0.0298138
0.0303124
0.0308177
0.0313294
0.0318031
0.0323515
0.0329554
0.0334753
0.0339902
0.0346115
0.0352096
0.0357606
0.0364004
0.0370657
0.0376593
0.0383126
0.0390014
0.0396337
0.0403546
0.0410859
0.0417687
0.0425179
0.0432856
0.0439949
0.0448086
0.0456414
0.0464086
0.0472055
0.0481057
0.0489752
0.0498068
0.0507012
0.0516309
0.0525628
0.053501
0.0544766
0.0554352
0.0564635
0.0574799
0.0585208
0.0595892
0.0606756
0.0617885
0.0629086
0.0640752
0.0652486
0.0664358
0.0676864
0.0689194
0.0702001
0.0714987
0.0728336
0.0741833
0.0755048
0.0767607
0.0776806
0.0176753
0.0172909
0.0167546
0.016277
0.0159436
0.0157969
0.0158475
0.0160657
0.0164008
0.0168067
0.0172504
0.0177008
0.0181387
0.0185487
0.0189307
0.0192859
0.0196166
0.0199311
0.0202293
0.0205228
0.0208096
0.0210948
0.0213785
0.0216682
0.0219604
0.0222596
0.0225737
0.0229056
0.0232596
0.0236249
0.0239934
0.0243617
0.0247364
0.0251136
0.0254918
0.0258764
0.0262681
0.0266836
0.0271107
0.0275504
0.0279925
0.0284239
0.0288763
0.0293221
0.0298022
0.0303173
0.0308159
0.0313305
0.0318194
0.0323438
0.0329382
0.0334853
0.0340073
0.0345936
0.0352096
0.0357894
0.0363835
0.0370626
0.0376837
0.0383002
0.0390093
0.0396483
0.0403342
0.0410975
0.0417842
0.0425045
0.0432985
0.0440059
0.0447935
0.0456522
0.0464303
0.0471924
0.0480985
0.0489905
0.0498106
0.0506943
0.0516312
0.0525658
0.053505
0.0544795
0.0554342
0.0564644
0.0574835
0.0585233
0.059591
0.0606781
0.0617907
0.0629109
0.0640776
0.0652495
0.0664361
0.0676882
0.0689215
0.0702017
0.0715014
0.0728375
0.0741876
0.0755093
0.0767656
0.0776845
0.0167472
0.0163099
0.0157603
0.015307
0.0150416
0.014994
0.0151637
0.0155124
0.0159842
0.0165155
0.0170603
0.0175869
0.0180765
0.0185206
0.0189188
0.019279
0.0196075
0.0199176
0.0202123
0.0205034
0.0207898
0.0210742
0.0213598
0.0216485
0.0219403
0.022239
0.0225537
0.0228873
0.0232464
0.0236198
0.0239913
0.0243608
0.0247311
0.0251091
0.0254865
0.0258722
0.0262671
0.0266803
0.0271118
0.0275466
0.0279903
0.0284226
0.0288718
0.0293255
0.0297975
0.0303162
0.0308201
0.0313301
0.0318312
0.0323523
0.0329371
0.0334898
0.0340208
0.034597
0.0352018
0.0358016
0.0363845
0.0370514
0.0376977
0.0383008
0.0390058
0.0396655
0.0403303
0.0410954
0.0418008
0.0425011
0.0433029
0.044036
0.0447915
0.0456502
0.0464485
0.0471987
0.0480965
0.0490048
0.0498266
0.0507016
0.05164
0.0525763
0.0535144
0.054489
0.0554408
0.05647
0.0574896
0.0585284
0.0595942
0.0606806
0.0617932
0.0629134
0.0640823
0.0652546
0.0664419
0.0676944
0.0689277
0.0702076
0.0715055
0.072843
0.0741924
0.0755146
0.0767711
0.0776899
)
;

boundaryField
{
    zeroGradientPlanes
    {
        type            zeroGradient;
    }
    inlet
    {
        type            zeroGradient;
    }
    plate
    {
        type            zeroGradient;
    }
    frontAndBack
    {
        type            empty;
    }
}


// ************************************************************************* //
