/*--------------------------------*- C++ -*----------------------------------*\
| =========                 |                                                 |
| \\      /  F ield         | OpenFOAM: The Open Source CFD Toolbox           |
|  \\    /   O peration     | Version:  v1906                                 |
|   \\  /    A nd           | Web:      www.OpenFOAM.com                      |
|    \\/     M anipulation  |                                                 |
\*---------------------------------------------------------------------------*/
FoamFile
{
    version     2.0;
    format      ascii;
    class       volScalarField;
    location    "8.1";
    object      p;
}
// * * * * * * * * * * * * * * * * * * * * * * * * * * * * * * * * * * * * * //

dimensions      [0 2 -2 0 0 0 0];


internalField   nonuniform List<scalar> 
9600
(
-1.87742e-10
0.00327208
0.00805761
0.00275433
-0.00309149
0.00483123
0.00642901
0.00505456
0.00943882
0.0108039
0.00978603
0.0109384
0.0104966
0.012529
0.0122016
0.0139179
0.0144151
0.0167131
0.0191773
0.0220884
2.55082e-06
0.00327252
0.0080511
0.00276967
-0.00307578
0.00481216
0.00641393
0.00506097
0.00943769
0.0108225
0.00979842
0.0109295
0.0104931
0.0125122
0.0122401
0.0139022
0.014428
0.0166823
0.0191904
0.0217565
5.70527e-06
0.00328295
0.0080477
0.0027867
-0.00305972
0.00478102
0.00639403
0.00509817
0.00944584
0.0108561
0.00981482
0.010902
0.0104942
0.0124812
0.0122808
0.0138763
0.014444
0.0166362
0.0191839
0.0213511
1.22281e-05
0.00331396
0.00803589
0.00280927
-0.00302438
0.00476326
0.0063759
0.00516808
0.00945629
0.0108982
0.00984147
0.0108669
0.0105061
0.012441
0.0123229
0.0138445
0.0144579
0.016583
0.0191462
0.0209753
2.64503e-05
0.0033613
0.0080058
0.00283812
-0.00295522
0.00476438
0.00635588
0.00525924
0.00946938
0.0109466
0.0098792
0.0108322
0.0105296
0.0123987
0.012367
0.0138084
0.0144712
0.0165208
0.0190874
0.0206351
5.0816e-05
0.00341582
0.00795227
0.0028739
-0.00284475
0.00478273
0.00633104
0.0053648
0.0094885
0.0109975
0.00992767
0.0108034
0.0105643
0.01236
0.012413
0.0137703
0.0144836
0.0164509
0.0190123
0.0203194
8.57527e-05
0.0034703
0.00787702
0.00291558
-0.00269616
0.00481608
0.00630206
0.00548003
0.00951585
0.0110478
0.00998511
0.0107818
0.0106095
0.0123272
0.0124608
0.0137318
0.0144939
0.0163763
0.0189194
0.0200205
0.000130121
0.00352089
0.00778625
0.00296158
-0.00251953
0.00486125
0.00626921
0.00559976
0.00955055
0.0110944
0.0100482
0.010766
0.0106639
0.0123007
0.0125099
0.0136933
0.0145008
0.0162987
0.0188061
0.0197353
0.000181967
0.00356689
0.0076867
0.00301112
-0.00232561
0.0049113
0.0062311
0.00571878
0.00958893
0.0111342
0.0101125
0.0107541
0.0107258
0.0122801
0.0125606
0.013655
0.0145026
0.0162188
0.0186715
0.0194628
0.000239401
0.00360953
0.00758712
0.00306457
-0.0021209
0.00495757
0.00618654
0.00583284
0.00962631
0.0111641
0.0101734
0.0107447
0.0107929
0.0122645
0.0126101
0.0136172
0.0144977
0.0161377
0.0185172
0.0192016
0.000301088
0.00365054
0.00749236
0.00312248
-0.00190705
0.00499466
0.0061365
0.00593948
0.0096589
0.0111823
0.0102273
0.0107365
0.0108634
0.012253
0.0126586
0.0135806
0.0144855
0.0160568
0.0183458
0.0189496
0.000366287
0.00369129
0.007401
0.00318494
-0.00168361
0.00502037
0.00608412
0.00603838
0.0096852
0.0111881
0.0102719
0.0107291
0.0109356
0.0122457
0.0127056
0.0135465
0.0144662
0.0159773
0.0181616
0.0187056
0.000434652
0.00373261
0.00731237
0.00325149
-0.00145008
0.00503865
0.00603334
0.00613107
0.0097055
0.0111822
0.0103068
0.0107224
0.0110084
0.0122426
0.0127505
0.0135161
0.0144401
0.0158998
0.01797
0.0184697
0.000506044
0.0037748
0.00722544
0.00332147
-0.00120693
0.00505199
0.00598856
0.00621942
0.00972147
0.0111661
0.0103325
0.0107166
0.0110805
0.0122434
0.0127933
0.0134901
0.0144076
0.0158247
0.0177763
0.0182421
0.000580397
0.00381773
0.00713984
0.0033945
-0.000955633
0.00506252
0.00595061
0.00630452
0.00973541
0.0111416
0.0103501
0.0107124
0.0111511
0.0122482
0.0128333
0.0134674
0.0143695
0.0157519
0.0175837
0.0180221
0.000657657
0.00386121
0.00705557
0.00347032
-0.000698231
0.00507192
0.0059196
0.00638677
0.00974965
0.0111109
0.0103612
0.0107103
0.0112198
0.0122565
0.0128697
0.0134468
0.0143267
0.0156803
0.017393
0.0178073
0.000737804
0.00390518
0.00697294
0.00354855
-0.000436681
0.00508128
0.0058951
0.00646614
0.00976617
0.0110758
0.0103669
0.0107109
0.0112864
0.012268
0.0129019
0.0134267
0.0142791
0.0156083
0.0172039
0.0175953
0.00082087
0.00394962
0.00689236
0.00362875
-0.000172336
0.00509137
0.00587648
0.00654239
0.00978669
0.0110381
0.010368
0.0107144
0.011351
0.0122822
0.0129293
0.0134062
0.0142265
0.0155342
0.0170168
0.0173841
0.000906932
0.00399449
0.00681428
0.00371054
9.40214e-05
0.00510277
0.00586319
0.00661534
0.0098116
0.0109996
0.0103651
0.010721
0.0114135
0.0122984
0.0129523
0.0133849
0.0141676
0.0154577
0.0168336
0.0171718
0.000996078
0.00403968
0.00673924
0.00379367
0.000361754
0.00511608
0.00585503
0.00668498
0.00984032
0.0109617
0.0103582
0.0107304
0.0114742
0.012316
0.0129709
0.0133624
0.0141023
0.0153784
0.0166563
0.0169575
0.00108842
0.00408504
0.00666781
0.00387809
0.000630214
0.00513177
0.00585201
0.00675139
0.0098724
0.0109257
0.0103477
0.0107424
0.0115335
0.0123346
0.0129847
0.0133387
0.0140311
0.0152953
0.0164859
0.0167422
0.00118412
0.00413042
0.00660058
0.00396388
0.000898847
0.00515025
0.00585419
0.00681474
0.00990717
0.0108929
0.0103335
0.0107563
0.0115918
0.0123539
0.0129934
0.0133136
0.0139545
0.0152073
0.0163224
0.0165274
0.00128335
0.00417567
0.0065381
0.00405116
0.0011671
0.00517187
0.00586158
0.00687529
0.00994397
0.0108641
0.0103162
0.0107713
0.0116496
0.0123735
0.0129968
0.0132871
0.0138732
0.0151137
0.0161661
0.0163135
0.00138631
0.00422067
0.00648077
0.00414012
0.00143436
0.00519696
0.00587426
0.00693329
0.00998222
0.0108402
0.010296
0.0107869
0.0117073
0.012393
0.0129941
0.013259
0.0137881
0.0150142
0.0160186
0.0161013
0.00149325
0.00426522
0.00642901
0.00423103
0.00169998
0.0052258
0.00589235
0.0069891
0.0100213
0.0108216
0.0102735
0.0108023
0.0117651
0.0124126
0.0129849
0.0132291
0.0137
0.0149072
0.0158815
0.0158949
0.00160439
0.00430915
0.00638322
0.0043242
0.00196328
0.00525863
0.00591592
0.00704317
0.0100606
0.010809
0.0102492
0.0108165
0.0118232
0.0124323
0.0129688
0.0131973
0.0136097
0.0147902
0.0157544
0.015703
0.00171997
0.00435234
0.0063438
0.00442
0.00222369
0.00529568
0.00594494
0.00709581
0.0100994
0.0108029
0.0102242
0.0108285
0.0118816
0.0124527
0.0129452
0.013163
0.01352
0.0146615
0.0156317
0.0155341
0.00184022
0.00439472
0.00631308
0.00451885
0.00248075
0.00533716
0.00597948
0.00714742
0.0101369
0.0108034
0.0101994
0.0108373
0.0119402
0.0124747
0.0129138
0.0131251
0.0134345
0.0145224
0.015504
0.0153898
0.00196537
0.00443627
0.00628709
0.0046212
0.00273409
0.00538317
0.00601985
0.00719844
0.0101724
0.0108105
0.0101757
0.0108419
0.0119982
0.0124992
0.0128753
0.0130823
0.0133547
0.0143776
0.0153636
0.015264
0.00209562
0.00447714
0.00626495
0.00472738
0.00298347
0.00543362
0.0060663
0.00724966
0.0102051
0.0108243
0.010154
0.0108415
0.0120544
0.0125268
0.0128311
0.0130333
0.0132798
0.0142321
0.0152103
0.0151467
0.00223115
0.00451761
0.00624779
0.00483769
0.00322886
0.00548835
0.00611879
0.00730193
0.0102343
0.0108443
0.0101357
0.0108358
0.0121079
0.0125576
0.0127825
0.0129774
0.0132086
0.0140899
0.0150483
0.0150297
0.00237209
0.00455809
0.00623563
0.00495234
0.00347044
0.00554721
0.00617691
0.00735602
0.0102596
0.01087
0.0101219
0.0108245
0.0121574
0.0125921
0.0127306
0.0129144
0.0131403
0.0139527
0.0148805
0.0149092
0.00251857
0.00459911
0.00622806
0.00507137
0.00370877
0.00561012
0.00624014
0.00741265
0.010281
0.0109005
0.0101136
0.0108072
0.0122013
0.0126304
0.0126765
0.0128436
0.013071
0.0138233
0.0147082
0.0147832
0.00267065
0.00464126
0.0062246
0.00519471
0.00394443
0.00567704
0.00630802
0.00747245
0.0102988
0.0109346
0.0101115
0.0107842
0.0122381
0.0126723
0.0126219
0.0127639
0.013013
0.0137062
0.0145339
0.0146489
0.00282834
0.00468526
0.0062248
0.00532207
0.00417799
0.00574817
0.00638009
0.00753592
0.0103134
0.0109715
0.0101158
0.0107557
0.0122664
0.0127176
0.0125689
0.0126752
0.0129593
0.0136043
0.0143626
0.0145027
0.00299163
0.00473187
0.00622822
0.005453
0.00441007
0.00582378
0.00645548
0.00760317
0.0103256
0.0110108
0.0101267
0.0107214
0.0122848
0.0127658
0.0125202
0.0125781
0.012904
0.0135187
0.0142012
0.0143439
0.00316049
0.00478167
0.00623496
0.00558708
0.00464111
0.00590447
0.0065332
0.00767382
0.0103359
0.0110524
0.0101449
0.0106817
0.0122914
0.0128157
0.012478
0.0124736
0.0128436
0.0134491
0.0140567
0.0141765
0.00333483
0.00483515
0.00624544
0.00572377
0.00487121
0.00599155
0.00661269
0.00774671
0.0103446
0.0110961
0.0101713
0.0106368
0.0122842
0.0128663
0.0124448
0.0123629
0.0127753
0.0133933
0.0139345
0.0140098
0.00351448
0.00489273
0.00626028
0.00586308
0.00509992
0.00608587
0.00669408
0.00782084
0.0103518
0.0111419
0.0102069
0.0105878
0.0122605
0.0129153
0.0124237
0.0122484
0.0126967
0.0133481
0.0138373
0.013855
0.00369943
0.00495454
0.00628008
0.00600545
0.00532615
0.00618765
0.00677839
0.0078959
0.0103572
0.0111886
0.0102532
0.0105368
0.0122176
0.0129591
0.0124177
0.0121339
0.012605
0.013309
0.0137658
0.013722
0.00388971
0.00502085
0.00630495
0.0061513
0.00554873
0.00629683
0.00686717
0.00797148
0.01036
0.011235
0.0103112
0.0104877
0.0121548
0.0129922
0.0124282
0.0120257
0.0124973
0.0132692
0.0137196
0.0136185
0.00408516
0.00509234
0.00633484
0.00630116
0.00576741
0.00641268
0.00696206
0.00804732
0.0103592
0.0112799
0.0103811
0.0104447
0.012073
0.0130088
0.0124549
0.011932
0.0123715
0.0132189
0.0136958
0.0135516
0.00428553
0.00517007
0.00636889
0.00645549
0.00598343
0.00653319
0.00706361
0.00812484
0.0103545
0.011321
0.0104617
0.0104113
0.0119743
0.0130041
0.0124951
0.0118609
0.0122318
0.0131466
0.0136859
0.013525
0.00449055
0.0052552
0.00640587
0.00661433
0.00619924
0.00665584
0.00717061
0.00820658
0.0103471
0.0113555
0.0105511
0.0103909
0.011862
0.0129751
0.0125436
0.0118187
0.0120833
0.0130426
0.0136765
0.0135352
0.00469979
0.00534921
0.00644457
0.0067767
0.00641828
0.00677955
0.00728135
0.0082936
0.0103378
0.011381
0.0106467
0.0103868
0.0117415
0.0129206
0.0125943
0.0118088
0.0119415
0.0129036
0.0136518
0.013573
0.00491263
0.00545375
0.00648446
0.0069405
0.00664409
0.00690495
0.00739269
0.00838579
0.0103286
0.0113968
0.010745
0.0104005
0.0116192
0.0128425
0.0126406
0.0118294
0.0118202
0.0127351
0.0135969
0.0136266
0.00512825
0.00557031
0.00652579
0.00710284
0.00687904
0.00703373
0.00750046
0.0084825
0.0103233
0.0114027
0.0108418
0.0104322
0.0115017
0.0127442
0.0126772
0.0118751
0.0117292
0.0125505
0.0135001
0.0136799
0.00534578
0.00569995
0.00656994
0.00725981
0.00712351
0.00716954
0.00760147
0.00858179
0.010326
0.0114008
0.0109332
0.0104801
0.0113944
0.0126302
0.0127007
0.0119401
0.0116738
0.0123659
0.0133571
0.0137127
0.00556438
0.00584337
0.00661959
0.00740697
0.0073753
0.00731835
0.00769486
0.00867814
0.0103392
0.0113965
0.0110177
0.010541
0.0113016
0.0125049
0.0127081
0.0120174
0.0116546
0.0121969
0.0131755
0.013705
0.00578319
0.00600093
0.00667827
0.00754032
0.00763037
0.00748692
0.00778211
0.00876387
0.010362
0.0113975
0.0110967
0.0106113
0.0112258
0.0123734
0.0126971
0.0120992
0.0116682
0.0120572
0.012974
0.0136431
0.0060014
0.00617256
0.00674971
0.00765757
0.00788316
0.00767974
0.00786708
0.00883241
0.0103901
0.0114092
0.011175
0.0106896
0.0111678
0.0122401
0.0126664
0.012179
0.0117091
0.0119537
0.0127751
0.0135285
0.00621842
0.00635763
0.00683744
0.0077592
0.00812594
0.00789731
0.00795974
0.00888127
0.0104128
0.0114321
0.0112599
0.0107777
0.0111284
0.0121084
0.0126158
0.0122517
0.0117723
0.0118972
0.0125986
0.0133789
0.00643405
0.00655542
0.0069437
0.00784644
0.00835008
0.00813598
0.00807431
0.00891438
0.0104174
0.0114616
0.011357
0.0108794
0.011109
0.0119814
0.0125463
0.0123127
0.011852
0.0118794
0.0124571
0.0132171
0.00664783
0.00676486
0.00707192
0.0079231
0.00854767
0.00838788
0.00821991
0.0089408
0.0103969
0.0114882
0.0114679
0.0109994
0.0111133
0.0118645
0.0124598
0.0123565
0.0119413
0.0118929
0.0123556
0.0130629
0.00686023
0.0069812
0.0072228
0.00799739
0.00871636
0.00864177
0.0083994
0.0089761
0.0103516
0.0114965
0.0115888
0.011141
0.0111458
0.0117653
0.0123603
0.0123783
0.012033
0.0119325
0.0122938
0.012933
0.00707301
0.00720112
0.00739469
0.00807374
0.00885343
0.00888655
0.00861159
0.00904008
0.0102918
0.0114743
0.0117064
0.0113041
0.0112096
0.011691
0.0122554
0.0123751
0.0121187
0.0119921
0.0122665
0.0128365
0.00728803
0.00742352
0.00758674
0.00815523
0.00895601
0.0091114
0.00885026
0.00914451
0.0102394
0.0114218
0.0118019
0.0114829
0.0113082
0.0116487
0.0121557
0.0123488
0.0121899
0.0120665
0.0122728
0.0127748
0.00750654
0.00765342
0.00779297
0.0082456
0.00902554
0.009309
0.00910495
0.00928863
0.0102122
0.0113461
0.0118603
0.0116628
0.0114417
0.0116456
0.0120716
0.0123061
0.0122404
0.0121475
0.0123083
0.0127448
0.00772671
0.00787226
0.00801037
0.00836183
0.00908367
0.00947349
0.00936138
0.00946913
0.0102213
0.011264
0.0118784
0.011824
0.0116028
0.0116868
0.0120135
0.0122575
0.012269
0.012222
0.0123578
0.0127444
0.00794824
0.00808697
0.00823012
0.00850584
0.00914569
0.00960585
0.0096024
0.0096734
0.0102698
0.0111946
0.0118617
0.0119514
0.0117752
0.0117709
0.011992
0.0122145
0.0122812
0.0122836
0.0124191
0.0127724
0.00817008
0.00829676
0.00845098
0.00867402
0.00921845
0.00970842
0.00981792
0.00989074
0.0103575
0.0111546
0.0118272
0.0120408
0.0119409
0.0118899
0.0120138
0.0121893
0.0122863
0.0123332
0.0124819
0.0128294
0.00839196
0.00850464
0.00866551
0.00885686
0.00930886
0.00979515
0.0100063
0.0101114
0.0104802
0.0111508
0.0117919
0.0120953
0.0120859
0.0120282
0.0120767
0.0121922
0.012293
0.0123742
0.0125359
0.0128763
0.00861322
0.00870763
0.00887327
0.00905082
0.00942148
0.00987736
0.0101668
0.0103224
0.0106273
0.0111834
0.0117715
0.0121268
0.012204
0.0121704
0.0121733
0.0122304
0.0123112
0.0124127
0.0125869
0.0129265
0.00883288
0.00891244
0.00907306
0.00924494
0.00955251
0.00996352
0.0103028
0.010517
0.0107912
0.0112516
0.0117748
0.0121506
0.0122979
0.0123054
0.0122923
0.0123036
0.0123508
0.0124545
0.0126396
0.0129782
0.0090494
0.00911289
0.00926761
0.00943604
0.00969776
0.0100604
0.0104231
0.0106918
0.0109624
0.0113516
0.0118062
0.0121791
0.0123763
0.0124271
0.0124203
0.0124067
0.012419
0.0125073
0.0126966
0.0130334
0.00926135
0.00931328
0.00945555
0.00962199
0.00985426
0.0101712
0.0105346
0.0108462
0.0111294
0.0114744
0.0118674
0.0122211
0.0124495
0.0125395
0.0125488
0.0125304
0.0125176
0.01258
0.012762
0.0130954
0.00946699
0.00950696
0.00963998
0.00980073
0.0100131
0.0102936
0.0106463
0.0109858
0.0112904
0.0116122
0.0119569
0.0122839
0.0125262
0.0126489
0.0126763
0.0126635
0.0126423
0.0126793
0.0128425
0.0131669
0.00966585
0.0096994
0.0098194
0.00997172
0.0101696
0.0104241
0.0107599
0.0111131
0.011442
0.0117581
0.0120688
0.0123714
0.0126167
0.0127638
0.0128103
0.0128043
0.0127852
0.012805
0.0129433
0.0132525
0.00985528
0.00988428
0.00999415
0.0101369
0.0103231
0.0105601
0.0108779
0.0112326
0.0115829
0.0119079
0.0121981
0.0124793
0.0127233
0.0128889
0.0129594
0.0129637
0.0129489
0.0129599
0.013072
0.0133583
0.0100331
0.0100554
0.0101623
0.0102961
0.010471
0.0106977
0.0110012
0.0113489
0.0117127
0.0120574
0.0123463
0.0126129
0.0128507
0.0130245
0.0131168
0.013141
0.013134
0.0131442
0.0132356
0.0134936
0.0102014
0.0102239
0.0103212
0.0104435
0.0106081
0.0108302
0.0111277
0.0114682
0.0118322
0.0121911
0.0125014
0.012777
0.0130184
0.013198
0.0133037
0.0133474
0.0133482
0.0133565
0.0134314
0.0136546
0.0103549
0.0103784
0.0104726
0.0105818
0.0107322
0.0109497
0.0112492
0.0115945
0.0119614
0.0123172
0.0126376
0.0129408
0.0132109
0.0134208
0.013551
0.0136207
0.0136425
0.0136529
0.0137153
0.0139063
0.0104892
0.010514
0.0106129
0.0107157
0.0108537
0.0110609
0.0113482
0.0116928
0.0120815
0.0124579
0.0127804
0.0130871
0.0133825
0.0136341
0.0138066
0.013911
0.0139677
0.0139946
0.0140466
0.0142122
0.0106087
0.0106356
0.0107402
0.0108387
0.0109762
0.0111834
0.0114559
0.0117752
0.0121574
0.0125914
0.0130029
0.013381
0.0137247
0.0140143
0.0142265
0.0143738
0.0144658
0.0144923
0.0144901
0.0145463
0.0107065
0.0107148
0.0108003
0.0109099
0.0110655
0.011284
0.0115711
0.0118626
0.0121463
0.0124499
0.0128463
0.0133667
0.0138893
0.0143203
0.0146591
0.0149573
0.0152749
0.0156382
0.0160257
0.0163781
0.0108101
0.0108463
0.010951
0.0110356
0.0111504
0.0113171
0.0115975
0.0120021
0.0124605
0.0129353
0.0133731
0.0137807
0.0141513
0.0145071
0.0148669
0.015214
0.0155417
0.0158599
0.0161456
0.0163484
0.0107268
0.0107236
0.0109305
0.0111816
0.0114025
0.0116299
0.0119143
0.0122597
0.0126262
0.0129805
0.0133086
0.0136701
0.0140706
0.014478
0.0149054
0.0153436
0.015837
0.0163634
0.0168377
0.0171554
0.0109073
0.0109911
0.0111565
0.0113407
0.0115394
0.0117547
0.0120353
0.0123736
0.0127277
0.0131279
0.013566
0.0140073
0.0144362
0.0147935
0.0150696
0.0152614
0.0152982
0.0152178
0.0150877
0.0150121
0.0107867
0.0108099
0.0110956
0.0114297
0.0117045
0.0119273
0.0121836
0.0125023
0.0128341
0.0131835
0.0135612
0.0139319
0.0143423
0.0147802
0.0152023
0.0156334
0.0160922
0.0165572
0.0169596
0.0172226
0.010862
0.0109608
0.0112844
0.0116165
0.0118771
0.0120817
0.0123109
0.0126127
0.0129338
0.0132676
0.0136711
0.0141034
0.014541
0.0149952
0.0154215
0.0158178
0.0161653
0.0164497
0.0166574
0.0167496
0.0259765
0.0216884
0.013941
0.00789706
0.0066194
0.00834463
0.0104071
0.0118482
0.0127151
0.0133161
0.0138157
0.0142753
0.0148103
0.0154144
0.0159385
0.0163845
0.0168632
0.0173614
0.0178192
0.0182402
0.018675
0.019178
0.0197322
0.0202447
0.0206671
0.0210914
0.0216296
0.022215
0.022714
0.0231691
0.0237023
0.0242923
0.0248567
0.0253872
0.0259145
0.0264583
0.0270315
0.027649
0.0283013
0.028962
0.0296401
0.0303502
0.0310489
0.0316974
0.0323019
0.0329221
0.0335821
0.0342654
0.0349548
0.0356788
0.0364497
0.0372324
0.0379925
0.03875
0.0395712
0.0404177
0.0412366
0.0420498
0.0428932
0.0437222
0.0445582
0.0454298
0.0463498
0.0472959
0.0482713
0.0492804
0.0503026
0.0512733
0.0522414
0.0532489
0.0542993
0.0554008
0.0565136
0.0576351
0.0587517
0.0599043
0.0610597
0.0622642
0.0634917
0.0647411
0.0660006
0.0672874
0.0686245
0.0699727
0.0713519
0.0727576
0.0741966
0.0756912
0.0771826
0.0787094
0.0802136
0.0817826
0.0833808
0.0850038
0.0866125
0.0882188
0.0898168
0.0913116
0.0927755
0.094081
0.0252588
0.0215167
0.0140176
0.00804674
0.00671498
0.00839107
0.0104353
0.0118675
0.0127291
0.0133271
0.0138246
0.0142825
0.0148165
0.0154201
0.0159437
0.016389
0.0168672
0.0173651
0.0178225
0.0182432
0.0186776
0.0191803
0.0197344
0.0202468
0.0206691
0.021093
0.0216309
0.0222164
0.0227153
0.0231702
0.0237032
0.0242932
0.0248576
0.0253881
0.0259153
0.026459
0.0270322
0.0276497
0.028302
0.0289626
0.0296407
0.0303508
0.0310495
0.0316981
0.0323025
0.0329226
0.0335826
0.0342659
0.0349553
0.0356793
0.0364501
0.0372329
0.0379929
0.0387504
0.0395716
0.0404181
0.041237
0.0420501
0.0428935
0.0437226
0.0445586
0.0454301
0.04635
0.0472961
0.0482715
0.0492806
0.0503029
0.0512735
0.0522416
0.0532491
0.0542995
0.055401
0.0565138
0.0576353
0.0587519
0.0599045
0.0610599
0.0622643
0.0634919
0.0647412
0.0660008
0.0672876
0.0686246
0.0699729
0.071352
0.0727577
0.0741967
0.0756914
0.0771827
0.0787096
0.0802137
0.0817827
0.0833809
0.0850039
0.0866125
0.0882188
0.0898169
0.0913116
0.0927755
0.094081
0.0245596
0.0213403
0.0141863
0.0083296
0.0068809
0.00845318
0.0104651
0.0118893
0.0127461
0.0133408
0.0138359
0.0142915
0.0148234
0.0154258
0.0159487
0.0163934
0.0168712
0.0173687
0.0178257
0.0182461
0.0186801
0.0191825
0.0197365
0.0202489
0.0206709
0.0210945
0.0216323
0.0222178
0.0227165
0.0231712
0.0237041
0.0242941
0.0248585
0.0253889
0.025916
0.0264597
0.0270327
0.0276503
0.0283026
0.0289632
0.0296412
0.0303513
0.0310501
0.0316987
0.032303
0.0329231
0.0335831
0.0342664
0.0349557
0.0356797
0.0364505
0.0372333
0.0379933
0.0387508
0.0395719
0.0404184
0.0412373
0.0420504
0.0428938
0.0437229
0.0445588
0.0454303
0.0463503
0.0472964
0.0482717
0.0492808
0.0503031
0.0512737
0.0522418
0.0532492
0.0542996
0.0554011
0.056514
0.0576355
0.058752
0.0599046
0.06106
0.0622644
0.063492
0.0647414
0.0660009
0.0672877
0.0686248
0.069973
0.0713521
0.0727578
0.0741968
0.0756915
0.0771828
0.0787096
0.0802138
0.0817827
0.083381
0.0850039
0.0866126
0.0882189
0.0898169
0.0913117
0.0927755
0.0940811
0.0239039
0.0211649
0.0144051
0.00868839
0.00710855
0.0085415
0.0105084
0.0119215
0.0127713
0.0133607
0.0138526
0.0143052
0.0148335
0.0154331
0.0159548
0.0163992
0.0168765
0.0173732
0.0178295
0.0182497
0.0186835
0.0191855
0.019739
0.0202512
0.0206732
0.0210966
0.0216342
0.0222195
0.022718
0.0231724
0.0237053
0.0242952
0.0248594
0.0253898
0.0259168
0.0264604
0.0270333
0.0276508
0.0283032
0.0289638
0.0296417
0.0303519
0.0310507
0.0316992
0.0323035
0.0329235
0.0335835
0.0342668
0.0349561
0.0356801
0.0364509
0.0372337
0.0379937
0.0387511
0.0395722
0.0404188
0.0412377
0.0420507
0.0428941
0.0437232
0.0445591
0.0454305
0.0463505
0.0472966
0.048272
0.0492811
0.0503033
0.051274
0.052242
0.0532494
0.0542998
0.0554013
0.0565141
0.0576356
0.0587522
0.0599048
0.0610601
0.0622646
0.0634921
0.0647415
0.066001
0.0672878
0.0686249
0.0699731
0.0713522
0.0727579
0.0741969
0.0756916
0.0771829
0.0787097
0.0802139
0.0817828
0.0833811
0.085004
0.0866127
0.088219
0.089817
0.0913118
0.0927757
0.0940813
0.0232568
0.0209606
0.0146294
0.00907224
0.00736441
0.00864431
0.010559
0.0119613
0.0128042
0.0133876
0.0138759
0.0143253
0.0148486
0.015443
0.0159624
0.016407
0.016884
0.0173792
0.0178345
0.0182546
0.0186885
0.0191896
0.0197421
0.020254
0.0206764
0.0211
0.021637
0.0222217
0.02272
0.0231743
0.023707
0.0242967
0.0248607
0.025391
0.0259179
0.0264612
0.027034
0.0276514
0.0283038
0.0289644
0.0296423
0.0303525
0.0310514
0.0316998
0.0323041
0.032924
0.033584
0.0342673
0.0349566
0.0356805
0.0364514
0.0372342
0.0379942
0.0387515
0.0395726
0.0404192
0.0412381
0.0420511
0.0428945
0.0437235
0.0445593
0.0454308
0.0463507
0.0472968
0.0482722
0.0492813
0.0503036
0.0512742
0.0522422
0.0532496
0.0543
0.0554015
0.0565143
0.0576358
0.0587523
0.0599049
0.0610603
0.0622647
0.0634923
0.0647416
0.0660011
0.0672879
0.068625
0.0699732
0.0713523
0.072758
0.074197
0.0756917
0.077183
0.0787099
0.080214
0.0817829
0.0833812
0.0850041
0.0866128
0.0882191
0.0898172
0.091312
0.0927759
0.0940816
0.0226082
0.0207165
0.0148449
0.00946683
0.00763813
0.00875571
0.0106112
0.0120036
0.0128415
0.0134192
0.0139043
0.0143508
0.0148682
0.0154556
0.0159718
0.0164167
0.0168936
0.0173869
0.0178408
0.0182613
0.0186956
0.0191955
0.0197459
0.0202571
0.0206806
0.021105
0.0216412
0.0222247
0.0227226
0.0231772
0.0237098
0.0242989
0.0248625
0.0253926
0.0259194
0.0264624
0.0270349
0.0276521
0.0283045
0.0289651
0.029643
0.0303532
0.031052
0.0317005
0.0323047
0.0329246
0.0335844
0.0342677
0.0349571
0.0356811
0.0364519
0.0372346
0.0379947
0.038752
0.039573
0.0404196
0.0412385
0.0420515
0.0428949
0.0437238
0.0445596
0.0454311
0.046351
0.0472971
0.0482725
0.0492816
0.050304
0.0512746
0.0522424
0.0532497
0.0543002
0.0554017
0.0565145
0.057636
0.0587525
0.0599051
0.0610604
0.0622648
0.0634924
0.0647418
0.0660013
0.067288
0.0686251
0.0699733
0.0713524
0.0727581
0.0741971
0.0756918
0.0771831
0.07871
0.0802141
0.081783
0.0833813
0.0850042
0.086613
0.0882192
0.0898174
0.0913122
0.0927763
0.0940821
0.0219626
0.0204371
0.0150495
0.0098691
0.00792855
0.00887579
0.0106639
0.0120466
0.0128815
0.0134543
0.0139362
0.0143798
0.0148907
0.0154701
0.0159828
0.0164282
0.0169047
0.0173958
0.0178482
0.0182695
0.0187048
0.0192033
0.0197505
0.0202605
0.0206857
0.0211115
0.0216467
0.0222283
0.0227259
0.0231812
0.0237136
0.0243018
0.0248649
0.0253951
0.0259217
0.0264642
0.0270361
0.027653
0.0283052
0.0289658
0.0296439
0.0303541
0.0310528
0.0317013
0.0323055
0.0329253
0.0335849
0.0342681
0.0349576
0.0356817
0.0364525
0.0372351
0.0379952
0.0387525
0.0395736
0.0404201
0.041239
0.042052
0.0428953
0.0437242
0.04456
0.0454314
0.0463513
0.0472974
0.0482728
0.0492819
0.0503044
0.0512749
0.0522426
0.05325
0.0543004
0.055402
0.0565148
0.0576362
0.0587528
0.0599053
0.0610606
0.062265
0.0634926
0.0647419
0.0660014
0.0672881
0.0686253
0.0699735
0.0713525
0.0727583
0.0741972
0.0756919
0.0771833
0.0787101
0.0802142
0.0817831
0.0833814
0.0850044
0.0866131
0.0882194
0.0898176
0.0913127
0.0927769
0.0940826
0.0213305
0.0201284
0.0152391
0.0102751
0.00823513
0.00900642
0.0107181
0.0120899
0.0129239
0.0134924
0.0139707
0.014411
0.0149151
0.0154863
0.0159951
0.0164409
0.0169171
0.0174055
0.0178563
0.0182787
0.0187155
0.0192125
0.019756
0.0202645
0.0206917
0.0211193
0.0216531
0.0222323
0.0227299
0.0231862
0.0237184
0.0243053
0.0248679
0.0253983
0.0259249
0.0264668
0.0270379
0.0276541
0.028306
0.0289666
0.0296447
0.0303548
0.0310535
0.0317021
0.0323066
0.0329263
0.0335855
0.0342685
0.0349583
0.0356825
0.036453
0.0372356
0.0379958
0.0387532
0.0395742
0.0404206
0.0412396
0.0420526
0.0428959
0.0437246
0.0445603
0.0454317
0.0463517
0.0472978
0.0482731
0.0492823
0.0503049
0.0512754
0.0522429
0.0532502
0.0543007
0.0554023
0.0565151
0.0576365
0.058753
0.0599055
0.0610608
0.0622652
0.0634928
0.0647421
0.0660016
0.0672883
0.0686254
0.0699736
0.0713527
0.0727584
0.0741973
0.075692
0.0771834
0.0787102
0.0802143
0.0817832
0.0833815
0.0850045
0.0866134
0.0882196
0.0898179
0.0913133
0.0927778
0.0940834
0.0207214
0.0197942
0.0154079
0.0106804
0.00855698
0.00914926
0.0107746
0.012133
0.012968
0.0135332
0.0140076
0.0144443
0.0149413
0.0155039
0.0160086
0.0164548
0.0169304
0.017416
0.017865
0.0182887
0.0187273
0.0192228
0.0197624
0.020269
0.0206984
0.0211281
0.0216601
0.0222365
0.0227343
0.0231921
0.023724
0.0243093
0.0248712
0.0254021
0.0259289
0.0264703
0.0270405
0.0276559
0.0283071
0.0289674
0.0296455
0.0303555
0.031054
0.031703
0.032308
0.0329277
0.0335864
0.0342691
0.0349591
0.0356834
0.0364537
0.037236
0.0379964
0.038754
0.0395748
0.0404211
0.0412403
0.0420534
0.0428965
0.0437251
0.0445608
0.0454322
0.046352
0.0472981
0.0482735
0.0492827
0.0503054
0.0512759
0.0522433
0.0532505
0.054301
0.0554027
0.0565154
0.0576369
0.0587533
0.0599058
0.0610611
0.0622655
0.0634931
0.0647423
0.0660018
0.0672884
0.0686256
0.0699738
0.0713528
0.0727585
0.0741974
0.0756922
0.0771836
0.0787104
0.0802145
0.0817833
0.0833817
0.0850047
0.0866136
0.0882199
0.0898183
0.0913142
0.0927791
0.0940843
0.0201426
0.0194391
0.0155516
0.0110808
0.00889212
0.00930507
0.0108339
0.012175
0.0130128
0.0135764
0.014047
0.0144796
0.0149693
0.0155229
0.0160232
0.0164696
0.0169446
0.0174271
0.0178741
0.0182992
0.0187397
0.0192338
0.0197694
0.0202742
0.0207057
0.0211375
0.0216675
0.022241
0.0227389
0.0231986
0.0237301
0.0243136
0.0248746
0.0254061
0.0259336
0.0264745
0.0270438
0.0276583
0.0283087
0.0289686
0.0296463
0.0303558
0.0310542
0.0317037
0.0323095
0.0329295
0.0335876
0.0342699
0.0349602
0.0356847
0.0364544
0.0372363
0.037997
0.0387548
0.0395755
0.0404216
0.0412409
0.0420543
0.0428973
0.0437258
0.0445615
0.0454328
0.0463524
0.0472984
0.0482738
0.0492831
0.050306
0.0512765
0.0522437
0.0532509
0.0543015
0.0554031
0.0565159
0.0576373
0.0587538
0.0599062
0.0610614
0.0622658
0.0634934
0.0647426
0.066002
0.0672887
0.0686258
0.0699739
0.071353
0.0727587
0.0741975
0.0756924
0.0771837
0.0787105
0.0802146
0.0817835
0.0833819
0.0850048
0.0866139
0.0882202
0.0898188
0.0913154
0.0927807
0.0940854
0.0196
0.0190705
0.0156684
0.0114719
0.00923725
0.00947388
0.0108968
0.0122155
0.0130575
0.0136217
0.0140888
0.0145171
0.014999
0.0155432
0.0160388
0.0164855
0.0169598
0.017439
0.0178838
0.0183101
0.0187527
0.0192455
0.0197768
0.0202797
0.0207135
0.0211474
0.0216754
0.0222456
0.0227437
0.0232054
0.0237367
0.024318
0.024878
0.0254103
0.0259385
0.0264793
0.0270478
0.0276613
0.0283109
0.0289701
0.0296472
0.0303559
0.0310539
0.0317041
0.0323111
0.0329316
0.0335892
0.0342711
0.0349616
0.0356862
0.0364554
0.0372368
0.0379976
0.0387558
0.039576
0.0404218
0.0412414
0.0420551
0.042898
0.0437266
0.0445624
0.0454336
0.046353
0.0472988
0.048274
0.0492833
0.0503065
0.0512771
0.0522442
0.0532514
0.054302
0.0554037
0.0565163
0.0576377
0.0587542
0.0599067
0.0610618
0.0622662
0.0634938
0.0647429
0.0660023
0.067289
0.0686261
0.0699741
0.0713532
0.0727588
0.0741977
0.0756926
0.0771839
0.0787107
0.0802147
0.0817836
0.0833821
0.085005
0.0866143
0.0882206
0.0898193
0.091317
0.0927829
0.0940867
0.0190989
0.018697
0.0157579
0.0118495
0.00958871
0.00965555
0.0109642
0.0122543
0.0131012
0.0136685
0.0141331
0.0145567
0.0150305
0.0155648
0.0160556
0.0165026
0.0169762
0.0174517
0.0178939
0.0183214
0.0187663
0.0192577
0.0197847
0.0202854
0.0207217
0.0211578
0.0216838
0.0222506
0.0227487
0.0232125
0.0237436
0.0243227
0.0248814
0.0254144
0.0259435
0.0264844
0.0270522
0.0276647
0.0283135
0.028972
0.0296483
0.0303559
0.0310532
0.031704
0.0323125
0.0329339
0.0335912
0.0342726
0.0349634
0.035688
0.0364565
0.0372373
0.0379983
0.0387568
0.0395766
0.0404219
0.0412418
0.0420558
0.0428987
0.0437273
0.0445635
0.0454348
0.046354
0.0472994
0.0482742
0.0492833
0.0503068
0.0512777
0.0522448
0.0532519
0.0543026
0.0554042
0.0565168
0.0576382
0.0587548
0.0599072
0.0610623
0.0622668
0.0634944
0.0647434
0.0660027
0.0672894
0.0686265
0.0699744
0.0713534
0.072759
0.0741979
0.0756928
0.0771841
0.0787108
0.0802149
0.0817838
0.0833824
0.0850052
0.0866148
0.0882211
0.08982
0.091319
0.0927855
0.0940883
0.0186426
0.0183267
0.0158207
0.0122103
0.00994322
0.00984979
0.0110373
0.0122915
0.0131429
0.0137162
0.0141797
0.0145985
0.0150634
0.0155876
0.0160735
0.0165208
0.0169936
0.0174651
0.0179045
0.0183333
0.0187804
0.0192704
0.0197929
0.0202913
0.0207299
0.0211686
0.0216926
0.0222559
0.022754
0.0232198
0.0237509
0.0243276
0.024885
0.0254185
0.0259485
0.0264895
0.0270568
0.0276685
0.0283164
0.0289743
0.0296497
0.0303559
0.0310522
0.0317034
0.0323137
0.0329363
0.0335933
0.0342744
0.0349655
0.0356901
0.0364578
0.0372379
0.0379992
0.038758
0.0395772
0.0404218
0.0412419
0.0420563
0.0428991
0.0437278
0.0445645
0.0454362
0.0463553
0.0473003
0.0482745
0.0492831
0.0503068
0.051278
0.0522452
0.0532525
0.0543034
0.0554049
0.0565172
0.0576387
0.0587554
0.0599078
0.0610629
0.0622674
0.063495
0.064744
0.0660033
0.06729
0.068627
0.0699748
0.0713537
0.0727593
0.0741981
0.075693
0.0771844
0.078711
0.0802151
0.0817839
0.0833827
0.0850054
0.0866153
0.0882217
0.0898207
0.0913214
0.0927888
0.0940901
0.0182312
0.0179661
0.0158581
0.0125519
0.0102981
0.0100562
0.0111173
0.0123276
0.0131822
0.0137643
0.0142285
0.0146422
0.0150977
0.0156112
0.0160921
0.0165399
0.017012
0.0174794
0.0179157
0.0183457
0.0187952
0.0192838
0.0198014
0.0202973
0.0207384
0.0211797
0.0217018
0.0222615
0.0227596
0.0232275
0.0237584
0.0243328
0.0248888
0.0254228
0.0259535
0.0264946
0.0270616
0.0276726
0.0283197
0.0289769
0.0296513
0.0303558
0.0310508
0.0317025
0.0323147
0.0329386
0.0335956
0.0342764
0.0349679
0.0356925
0.0364593
0.0372386
0.0380002
0.0387593
0.0395779
0.0404217
0.0412419
0.0420566
0.0428993
0.0437281
0.0445655
0.0454377
0.0463569
0.0473018
0.0482751
0.0492829
0.0503064
0.051278
0.0522455
0.0532531
0.0543043
0.0554057
0.0565177
0.0576391
0.0587559
0.0599084
0.0610636
0.0622681
0.0634957
0.0647446
0.066004
0.0672907
0.0686276
0.0699753
0.0713541
0.0727596
0.0741984
0.0756933
0.0771847
0.0787113
0.0802153
0.0817841
0.083383
0.0850056
0.0866159
0.0882224
0.0898215
0.0913243
0.0927926
0.0940922
0.0178621
0.0176195
0.0158717
0.0128726
0.0106513
0.0102743
0.0112059
0.0123641
0.0132189
0.0138117
0.0142787
0.0146875
0.0151327
0.0156351
0.0161111
0.0165597
0.017031
0.0174942
0.0179274
0.0183586
0.0188107
0.019298
0.0198105
0.0203035
0.0207469
0.021191
0.0217113
0.0222674
0.0227654
0.0232355
0.0237662
0.0243382
0.024893
0.0254274
0.0259587
0.0264999
0.0270666
0.027677
0.0283233
0.0289798
0.0296532
0.0303559
0.0310493
0.0317014
0.0323156
0.032941
0.033598
0.0342786
0.0349705
0.0356951
0.0364609
0.0372393
0.0380012
0.0387608
0.0395786
0.0404215
0.0412418
0.0420567
0.0428992
0.0437282
0.0445662
0.045439
0.0463586
0.0473035
0.048276
0.0492826
0.0503057
0.0512776
0.0522454
0.0532535
0.0543053
0.0554067
0.0565183
0.0576395
0.0587563
0.059909
0.0610643
0.0622689
0.0634964
0.0647453
0.0660047
0.0672916
0.0686284
0.069976
0.0713547
0.07276
0.0741987
0.0756936
0.077185
0.0787116
0.0802156
0.0817842
0.0833833
0.0850058
0.0866165
0.0882233
0.0898224
0.0913277
0.092797
0.0940945
0.0175313
0.01729
0.0158631
0.013171
0.0110011
0.0105037
0.0113051
0.0124029
0.0132531
0.0138577
0.0143296
0.014734
0.0151683
0.0156591
0.0161303
0.0165799
0.0170507
0.0175095
0.0179396
0.0183722
0.0188271
0.0193131
0.0198204
0.02031
0.0207556
0.0212028
0.0217213
0.0222737
0.0227715
0.0232438
0.0237744
0.0243441
0.0248975
0.0254322
0.025964
0.0265054
0.0270721
0.0276819
0.0283273
0.0289831
0.0296554
0.0303561
0.0310477
0.0317001
0.0323164
0.0329434
0.0336005
0.0342809
0.0349732
0.035698
0.0364626
0.0372401
0.0380023
0.0387624
0.0395795
0.0404214
0.0412415
0.0420566
0.042899
0.0437281
0.0445668
0.0454402
0.0463603
0.0473053
0.0482771
0.0492823
0.0503047
0.0512767
0.0522451
0.0532538
0.0543064
0.0554079
0.0565191
0.0576399
0.0587567
0.0599094
0.0610649
0.0622697
0.0634972
0.064746
0.0660056
0.0672926
0.0686293
0.0699767
0.0713554
0.0727606
0.074199
0.0756939
0.0771854
0.0787119
0.0802159
0.0817844
0.0833836
0.0850059
0.0866171
0.0882243
0.0898235
0.0913314
0.0928019
0.0940971
0.0172349
0.0169798
0.015833
0.0134454
0.011346
0.0107439
0.0114165
0.0124459
0.0132851
0.0139013
0.0143809
0.014782
0.0152048
0.0156834
0.0161497
0.0166006
0.0170709
0.0175254
0.0179524
0.0183864
0.0188443
0.0193292
0.019831
0.020317
0.0207647
0.0212149
0.0217318
0.0222803
0.0227779
0.0232524
0.0237829
0.0243502
0.0249023
0.0254374
0.0259696
0.0265114
0.0270781
0.0276873
0.0283317
0.0289868
0.029658
0.0303565
0.0310461
0.0316988
0.0323173
0.0329459
0.033603
0.0342834
0.0349761
0.035701
0.0364644
0.037241
0.0380034
0.0387641
0.0395805
0.0404212
0.0412411
0.0420565
0.0428988
0.043728
0.0445675
0.0454414
0.0463619
0.0473071
0.0482783
0.0492821
0.0503035
0.0512756
0.0522445
0.053254
0.0543074
0.0554091
0.0565199
0.0576403
0.0587571
0.0599098
0.0610655
0.0622705
0.063498
0.0647467
0.0660064
0.0672937
0.0686304
0.0699776
0.0713563
0.0727613
0.0741995
0.0756942
0.0771858
0.0787123
0.0802164
0.0817847
0.0833838
0.0850061
0.0866178
0.0882253
0.0898247
0.0913356
0.0928073
0.0940998
0.0169678
0.0166897
0.0157826
0.013695
0.0116847
0.0109937
0.0115409
0.0124954
0.013316
0.0139423
0.014432
0.0148315
0.0152428
0.0157085
0.0161696
0.016622
0.0170918
0.0175419
0.0179657
0.0184013
0.0188624
0.0193463
0.0198423
0.0203245
0.0207741
0.0212276
0.0217428
0.0222874
0.0227846
0.0232614
0.0237919
0.0243567
0.0249073
0.0254427
0.0259756
0.026518
0.0270849
0.0276934
0.0283365
0.0289909
0.029661
0.0303571
0.0310446
0.0316974
0.0323182
0.0329485
0.0336057
0.0342859
0.0349792
0.0357042
0.0364664
0.0372418
0.0380046
0.0387659
0.0395816
0.0404211
0.0412407
0.0420563
0.0428985
0.043728
0.0445682
0.0454427
0.0463634
0.0473088
0.0482795
0.0492818
0.050302
0.0512743
0.0522439
0.0532542
0.0543085
0.0554104
0.0565207
0.0576408
0.0587574
0.0599101
0.0610661
0.0622714
0.0634988
0.0647473
0.0660072
0.0672949
0.0686315
0.0699786
0.0713573
0.0727622
0.0742
0.0756944
0.0771861
0.0787127
0.080217
0.0817851
0.0833842
0.0850062
0.0866184
0.0882265
0.089826
0.0913401
0.0928133
0.0941028
0.0167232
0.0164197
0.0157151
0.0139201
0.012016
0.0112507
0.011678
0.0125534
0.013348
0.0139811
0.0144824
0.0148826
0.0152828
0.0157352
0.0161906
0.0166442
0.0171137
0.0175593
0.0179797
0.018417
0.0188814
0.0193642
0.0198544
0.0203324
0.020784
0.0212409
0.0217544
0.0222948
0.0227916
0.0232709
0.0238012
0.0243634
0.0249124
0.0254482
0.0259821
0.0265253
0.0270925
0.0277001
0.0283419
0.0289954
0.0296643
0.0303579
0.0310431
0.0316961
0.0323192
0.0329512
0.0336085
0.0342887
0.0349825
0.0357075
0.0364685
0.0372427
0.0380058
0.0387678
0.0395829
0.040421
0.0412402
0.042056
0.0428982
0.0437281
0.0445691
0.0454441
0.046365
0.0473104
0.0482807
0.0492815
0.0503004
0.051273
0.0522435
0.0532546
0.0543095
0.0554116
0.0565216
0.0576412
0.0587577
0.0599104
0.0610667
0.0622723
0.0634997
0.0647479
0.066008
0.0672961
0.0686327
0.0699796
0.0713583
0.0727632
0.0742007
0.0756947
0.0771864
0.078713
0.0802176
0.0817856
0.0833845
0.0850062
0.086619
0.0882277
0.0898275
0.0913449
0.0928196
0.0941061
0.0164945
0.0161694
0.0156347
0.0141215
0.0123379
0.0115126
0.0118277
0.0126219
0.0133833
0.0140178
0.0145314
0.014935
0.0153253
0.015764
0.0162133
0.0166678
0.0171367
0.0175775
0.0179944
0.0184333
0.0189012
0.019383
0.0198671
0.0203407
0.0207944
0.0212548
0.0217667
0.0223027
0.022799
0.0232808
0.0238111
0.0243703
0.0249176
0.0254538
0.025989
0.0265335
0.0271009
0.0277074
0.0283476
0.0290002
0.0296679
0.0303589
0.0310417
0.0316948
0.0323203
0.032954
0.0336115
0.0342916
0.034986
0.0357111
0.0364707
0.0372436
0.038007
0.0387698
0.0395842
0.040421
0.0412397
0.0420558
0.0428981
0.0437284
0.0445703
0.0454458
0.0463667
0.047312
0.0482818
0.0492812
0.0502987
0.0512716
0.0522434
0.0532552
0.0543107
0.0554127
0.0565223
0.0576416
0.0587581
0.0599109
0.0610675
0.0622732
0.0635006
0.0647486
0.0660088
0.0672973
0.068634
0.0699806
0.0713594
0.0727643
0.0742015
0.075695
0.0771866
0.0787133
0.0802183
0.0817862
0.083385
0.0850063
0.0866196
0.0882291
0.0898291
0.0913499
0.0928264
0.0941096
0.0162777
0.015939
0.0155447
0.0142988
0.012649
0.0117779
0.0119891
0.0127021
0.0134237
0.0140535
0.0145785
0.0149883
0.0153705
0.0157956
0.016238
0.016693
0.0171608
0.0175967
0.0180099
0.0184505
0.018922
0.0194026
0.0198804
0.0203496
0.0208052
0.0212693
0.0217796
0.0223111
0.0228069
0.0232912
0.0238214
0.0243775
0.0249228
0.0254595
0.0259964
0.0265423
0.0271099
0.0277153
0.0283538
0.0290054
0.0296718
0.0303602
0.0310404
0.0316936
0.0323216
0.032957
0.0336147
0.0342947
0.0349897
0.0357149
0.036473
0.0372446
0.0380083
0.0387719
0.0395856
0.040421
0.0412392
0.0420556
0.0428981
0.043729
0.0445718
0.0454478
0.0463686
0.0473136
0.0482829
0.049281
0.050297
0.0512705
0.0522437
0.0532563
0.054312
0.0554138
0.0565229
0.0576419
0.0587585
0.0599114
0.0610683
0.0622742
0.0635016
0.0647493
0.0660096
0.0672985
0.0686352
0.0699817
0.0713606
0.0727655
0.0742024
0.0756953
0.0771868
0.0787136
0.0802191
0.0817869
0.0833854
0.0850064
0.0866203
0.0882305
0.0898309
0.0913552
0.0928335
0.0941133
0.016071
0.0157286
0.0154468
0.0144513
0.0129487
0.0120462
0.0121605
0.0127941
0.0134714
0.0140896
0.0146235
0.0150414
0.0154182
0.0158302
0.0162653
0.01672
0.0171863
0.0176167
0.0180262
0.0184685
0.0189436
0.0194232
0.0198945
0.0203589
0.0208166
0.0212846
0.0217932
0.02232
0.0228151
0.0233021
0.0238321
0.024385
0.0249282
0.0254655
0.0260043
0.0265517
0.0271195
0.0277236
0.0283602
0.0290108
0.0296759
0.0303616
0.0310392
0.0316924
0.0323229
0.0329602
0.033618
0.034298
0.0349936
0.0357188
0.0364755
0.0372456
0.0380095
0.0387741
0.0395872
0.040421
0.0412388
0.0420556
0.0428983
0.0437298
0.0445736
0.0454501
0.0463708
0.0473153
0.0482841
0.0492809
0.0502955
0.0512695
0.0522444
0.0532579
0.0543135
0.0554148
0.0565233
0.0576421
0.0587589
0.0599121
0.0610694
0.0622753
0.0635025
0.06475
0.0660106
0.0672997
0.0686365
0.0699828
0.0713618
0.0727668
0.0742034
0.0756958
0.077187
0.0787138
0.0802198
0.0817877
0.083386
0.0850066
0.0866209
0.088232
0.0898328
0.0913607
0.092841
0.0941173
0.0158716
0.0155389
0.0153444
0.0145781
0.0132364
0.0123167
0.0123396
0.0128977
0.0135285
0.0141282
0.0146666
0.0150933
0.0154674
0.0158678
0.0162953
0.0167492
0.0172133
0.0176376
0.0180431
0.0184873
0.0189662
0.0194447
0.0199095
0.0203689
0.0208285
0.0213005
0.0218075
0.0223295
0.0228238
0.0233136
0.0238434
0.0243928
0.0249337
0.0254718
0.0260126
0.0265616
0.0271294
0.0277322
0.028367
0.0290165
0.0296803
0.0303633
0.0310382
0.0316914
0.0323242
0.0329634
0.0336215
0.0343014
0.0349976
0.0357229
0.0364781
0.0372467
0.0380109
0.0387763
0.0395889
0.0404211
0.0412385
0.0420556
0.0428986
0.0437308
0.0445757
0.0454527
0.0463731
0.047317
0.0482853
0.0492808
0.0502941
0.0512687
0.0522455
0.0532599
0.0543152
0.0554158
0.0565237
0.0576423
0.0587593
0.059913
0.0610706
0.0622765
0.0635035
0.0647509
0.0660116
0.067301
0.0686379
0.0699839
0.071363
0.0727681
0.0742045
0.0756963
0.0771872
0.078714
0.0802206
0.0817886
0.0833866
0.0850068
0.0866216
0.0882336
0.089835
0.0913663
0.0928488
0.0941216
0.015674
0.0153698
0.0152439
0.0146789
0.0135099
0.0125888
0.0125241
0.0130118
0.0135968
0.0141717
0.0147083
0.0151429
0.015517
0.0159082
0.0163283
0.0167806
0.0172418
0.0176594
0.0180607
0.018507
0.0189899
0.0194672
0.0199252
0.0203795
0.0208411
0.021317
0.0218225
0.0223394
0.022833
0.0233255
0.0238552
0.024401
0.0249396
0.0254784
0.0260214
0.0265718
0.0271397
0.0277411
0.028374
0.0290223
0.0296848
0.0303651
0.0310373
0.0316905
0.0323257
0.0329669
0.0336251
0.0343049
0.0350018
0.0357271
0.0364809
0.0372479
0.0380123
0.0387787
0.0395906
0.0404212
0.0412382
0.0420557
0.0428991
0.043732
0.0445779
0.0454555
0.0463757
0.0473189
0.0482866
0.0492809
0.0502928
0.0512681
0.0522469
0.0532621
0.0543171
0.0554168
0.0565241
0.0576425
0.0587599
0.0599139
0.061072
0.0622777
0.0635044
0.0647518
0.0660128
0.0673023
0.0686393
0.0699851
0.0713643
0.0727695
0.0742057
0.0756969
0.0771874
0.0787143
0.0802215
0.0817895
0.0833874
0.085007
0.0866223
0.0882354
0.0898373
0.0913722
0.092857
0.0941263
0.0154713
0.0152171
0.0151532
0.0147552
0.0137654
0.0128627
0.012713
0.0131341
0.0136773
0.0142223
0.0147495
0.0151897
0.0155657
0.0159507
0.0163647
0.0168147
0.017272
0.0176824
0.0180791
0.0185275
0.0190146
0.0194908
0.0199418
0.0203908
0.0208542
0.0213343
0.0218383
0.02235
0.0228425
0.0233379
0.0238675
0.0244097
0.0249459
0.0254856
0.0260306
0.0265824
0.0271502
0.0277502
0.0283812
0.0290284
0.0296896
0.030367
0.0310365
0.0316897
0.0323273
0.0329704
0.0336288
0.0343084
0.035006
0.0357316
0.0364838
0.0372492
0.0380137
0.0387811
0.0395924
0.0404214
0.0412379
0.0420559
0.0428997
0.0437334
0.0445804
0.0454585
0.0463785
0.0473209
0.0482879
0.049281
0.0502915
0.0512676
0.0522485
0.0532646
0.0543191
0.0554178
0.0565244
0.0576427
0.0587604
0.059915
0.0610735
0.0622791
0.0635054
0.0647527
0.0660141
0.0673037
0.0686407
0.0699864
0.0713657
0.072771
0.074207
0.0756976
0.0771876
0.0787145
0.0802223
0.0817904
0.0833882
0.0850072
0.0866231
0.0882373
0.0898398
0.0913783
0.0928656
0.0941312
0.0152597
0.0150712
0.0150788
0.014812
0.0139977
0.0131383
0.0129072
0.0132613
0.0137698
0.0142828
0.014792
0.0152333
0.0156125
0.0159945
0.0164044
0.0168519
0.0173041
0.0177066
0.0180983
0.0185488
0.0190404
0.0195155
0.0199592
0.0204028
0.0208681
0.0213524
0.0218548
0.0223612
0.0228526
0.0233508
0.0238803
0.0244188
0.0249526
0.0254931
0.0260402
0.0265933
0.0271609
0.0277595
0.0283887
0.0290347
0.0296946
0.0303693
0.031036
0.031689
0.032329
0.0329741
0.0336326
0.0343119
0.0350103
0.0357362
0.0364868
0.0372506
0.0380153
0.0387837
0.0395944
0.0404216
0.0412377
0.0420563
0.0429004
0.0437349
0.0445831
0.0454617
0.0463814
0.0473229
0.0482892
0.0492812
0.0502903
0.0512671
0.0522502
0.0532671
0.0543212
0.0554189
0.0565247
0.0576429
0.058761
0.0599162
0.0610751
0.0622805
0.0635064
0.0647538
0.0660155
0.0673052
0.0686422
0.0699877
0.0713671
0.0727725
0.0742084
0.0756983
0.077188
0.0787148
0.0802232
0.0817914
0.0833891
0.0850076
0.086624
0.0882394
0.0898425
0.0913845
0.0928745
0.0941365
0.0150438
0.0149203
0.0150218
0.0148589
0.0142021
0.0134131
0.0131101
0.0133903
0.0138721
0.014356
0.0148378
0.0152738
0.0156565
0.0160386
0.0164471
0.0168924
0.0173384
0.017732
0.0181187
0.018571
0.0190671
0.0195414
0.0199776
0.0204155
0.0208828
0.0213714
0.021872
0.0223729
0.0228632
0.0233643
0.0238938
0.0244284
0.0249598
0.0255012
0.0260504
0.0266045
0.0271719
0.0277691
0.0283964
0.0290412
0.0296997
0.0303717
0.0310356
0.0316884
0.0323309
0.0329781
0.0336365
0.0343155
0.0350147
0.0357409
0.0364901
0.0372521
0.0380169
0.0387863
0.0395964
0.0404218
0.0412376
0.0420567
0.0429012
0.0437365
0.0445858
0.045465
0.0463844
0.047325
0.0482906
0.0492813
0.0502892
0.0512667
0.052252
0.0532697
0.0543233
0.0554201
0.0565251
0.0576432
0.0587617
0.0599174
0.0610767
0.062282
0.0635075
0.0647549
0.066017
0.0673067
0.0686437
0.069989
0.0713686
0.0727741
0.0742099
0.0756992
0.0771883
0.0787151
0.0802242
0.0817925
0.0833901
0.085008
0.0866249
0.0882417
0.0898454
0.091391
0.0928838
0.0941421
0.014836
0.0147554
0.0149764
0.014908
0.0143776
0.0136796
0.0133248
0.0135208
0.01398
0.0144436
0.0148902
0.0153113
0.0156971
0.016082
0.0164921
0.0169365
0.0173753
0.0177588
0.0181402
0.0185945
0.0190948
0.0195683
0.019997
0.0204289
0.0208982
0.0213914
0.0218901
0.0223851
0.0228743
0.0233785
0.0239078
0.0244385
0.0249674
0.0255097
0.026061
0.0266161
0.0271832
0.027779
0.0284044
0.0290479
0.0297051
0.0303744
0.0310355
0.031688
0.0323329
0.0329822
0.0336406
0.0343191
0.0350192
0.0357459
0.0364934
0.0372537
0.0380186
0.0387891
0.0395985
0.0404221
0.0412374
0.0420572
0.042902
0.0437382
0.0445887
0.0454684
0.0463875
0.0473272
0.0482919
0.0492815
0.0502881
0.0512663
0.0522537
0.0532723
0.0543254
0.0554213
0.0565255
0.0576435
0.0587624
0.0599186
0.0610784
0.0622835
0.0635086
0.0647561
0.0660185
0.0673084
0.0686454
0.0699904
0.0713701
0.0727757
0.0742114
0.0757
0.0771887
0.0787155
0.0802252
0.0817936
0.0833911
0.0850084
0.0866259
0.0882442
0.0898486
0.0913977
0.0928935
0.0941482
0.0146486
0.0145763
0.0149315
0.01497
0.0145297
0.013927
0.0135519
0.0136571
0.0140882
0.0145447
0.0149536
0.0153472
0.0157332
0.0161244
0.0165387
0.0169837
0.0174152
0.0177874
0.0181627
0.0186193
0.0191238
0.019596
0.0200174
0.0204431
0.0209144
0.0214123
0.0219093
0.022398
0.0228858
0.0233932
0.0239225
0.0244491
0.0249754
0.0255188
0.0260721
0.0266281
0.0271947
0.0277891
0.0284127
0.0290549
0.0297108
0.0303773
0.0310356
0.0316878
0.0323351
0.0329865
0.0336447
0.0343227
0.0350238
0.035751
0.036497
0.0372553
0.0380203
0.0387919
0.0396007
0.0404224
0.0412374
0.0420579
0.042903
0.0437399
0.0445916
0.0454719
0.0463907
0.0473294
0.0482933
0.0492817
0.050287
0.051266
0.0522555
0.0532749
0.0543276
0.0554225
0.056526
0.0576438
0.0587632
0.0599199
0.0610801
0.0622851
0.0635098
0.0647574
0.0660201
0.0673101
0.0686471
0.0699919
0.0713717
0.0727774
0.074213
0.0757009
0.0771892
0.0787159
0.0802263
0.0817948
0.0833922
0.085009
0.0866269
0.0882468
0.0898521
0.0914045
0.0929037
0.0941546
0.0144875
0.0143912
0.0148755
0.0150478
0.0146707
0.0141469
0.0137857
0.0138059
0.0141935
0.0146549
0.0150324
0.0153841
0.0157639
0.0161651
0.0165865
0.0170337
0.0174582
0.0178181
0.0181865
0.0186453
0.0191542
0.0196248
0.0200387
0.0204583
0.0209312
0.0214341
0.0219295
0.0224116
0.0228978
0.0234086
0.0239379
0.0244602
0.0249839
0.0255285
0.0260838
0.0266404
0.0272066
0.0277995
0.0284213
0.0290621
0.0297167
0.0303806
0.0310359
0.0316877
0.0323375
0.032991
0.0336491
0.0343264
0.0350285
0.0357564
0.0365007
0.0372571
0.0380221
0.038795
0.0396031
0.0404228
0.0412374
0.0420586
0.042904
0.0437416
0.0445946
0.0454754
0.0463939
0.0473317
0.0482948
0.049282
0.050286
0.0512657
0.0522573
0.0532774
0.0543298
0.0554238
0.0565265
0.0576442
0.058764
0.0599213
0.0610819
0.0622867
0.063511
0.0647587
0.0660217
0.0673119
0.0686488
0.0699935
0.0713734
0.0727792
0.0742146
0.0757019
0.0771897
0.0787163
0.0802274
0.081796
0.0833933
0.0850096
0.086628
0.0882496
0.0898557
0.0914116
0.0929142
0.0941615
0.0143518
0.0142111
0.0148003
0.0151344
0.0148157
0.0143388
0.0140141
0.0139721
0.0142986
0.0147675
0.0151281
0.0154274
0.0157884
0.0162027
0.0166358
0.0170857
0.0175038
0.0178514
0.018212
0.0186724
0.0191863
0.0196551
0.0200606
0.0204742
0.020949
0.0214568
0.0219508
0.022426
0.0229102
0.0234245
0.0239541
0.0244721
0.0249929
0.0255386
0.026096
0.0266532
0.0272187
0.0278102
0.0284301
0.0290697
0.0297229
0.0303841
0.0310366
0.0316879
0.0323401
0.0329957
0.0336535
0.0343302
0.0350333
0.0357619
0.0365046
0.0372589
0.038024
0.0387981
0.0396056
0.0404233
0.0412374
0.0420594
0.0429052
0.0437434
0.0445977
0.045479
0.0463972
0.0473341
0.0482963
0.0492823
0.0502851
0.0512655
0.052259
0.05328
0.0543321
0.0554252
0.056527
0.0576446
0.0587648
0.0599227
0.0610837
0.0622883
0.0635124
0.0647601
0.0660234
0.0673138
0.0686507
0.0699951
0.0713751
0.072781
0.0742163
0.0757029
0.0771903
0.0787168
0.0802286
0.0817972
0.0833944
0.0850103
0.0866292
0.0882527
0.0898597
0.0914189
0.0929252
0.0941689
0.0142376
0.0140448
0.0147046
0.0152172
0.0149751
0.0145113
0.0142242
0.014154
0.0144116
0.0148769
0.0152369
0.0154833
0.0158086
0.0162351
0.0166864
0.0171401
0.0175512
0.0178868
0.0182397
0.0187011
0.0192196
0.0196871
0.0200836
0.0204907
0.0209676
0.0214805
0.0219731
0.0224415
0.0229233
0.0234409
0.0239711
0.0244846
0.0250025
0.0255493
0.0261089
0.0266664
0.0272311
0.0278212
0.0284393
0.0290775
0.0297294
0.030388
0.0310375
0.0316883
0.0323429
0.0330007
0.0336582
0.034334
0.0350381
0.0357676
0.0365088
0.0372608
0.0380259
0.0388014
0.0396082
0.0404238
0.0412375
0.0420604
0.0429064
0.0437453
0.0446008
0.0454827
0.0464005
0.0473364
0.0482978
0.0492826
0.0502842
0.0512653
0.0522608
0.0532825
0.0543343
0.0554267
0.0565276
0.0576451
0.0587657
0.0599241
0.0610856
0.06229
0.0635137
0.0647616
0.0660251
0.0673157
0.0686526
0.0699968
0.0713769
0.0727829
0.074218
0.0757039
0.077191
0.0787174
0.0802298
0.0817986
0.0833957
0.0850112
0.0866304
0.0882559
0.089864
0.0914263
0.0929367
0.0941768
0.0141415
0.0138984
0.0145929
0.0152846
0.0151493
0.0146779
0.0144091
0.0143414
0.0145401
0.0149832
0.0153521
0.0155556
0.0158294
0.0162601
0.016737
0.0171976
0.0176001
0.0179237
0.0182696
0.0187319
0.0192543
0.0197206
0.0201082
0.0205077
0.020987
0.0215053
0.0219963
0.0224578
0.0229371
0.0234579
0.0239886
0.0244979
0.0250126
0.0255606
0.0261223
0.0266802
0.0272438
0.0278324
0.0284488
0.0290856
0.0297363
0.0303923
0.0310388
0.0316889
0.0323459
0.0330059
0.033663
0.0343379
0.0350431
0.0357736
0.0365131
0.0372629
0.0380279
0.0388048
0.0396109
0.0404243
0.0412377
0.0420615
0.0429077
0.0437472
0.044604
0.0454864
0.0464039
0.0473389
0.0482994
0.0492831
0.0502834
0.0512652
0.0522626
0.053285
0.0543366
0.0554282
0.0565283
0.0576456
0.0587667
0.0599256
0.0610874
0.0622918
0.0635152
0.0647631
0.0660269
0.0673178
0.0686546
0.0699985
0.0713788
0.0727848
0.0742197
0.075705
0.0771917
0.0787179
0.080231
0.0818
0.0833969
0.0850121
0.0866318
0.0882594
0.0898686
0.091434
0.0929485
0.0941852
0.0140605
0.0137773
0.014472
0.0153274
0.0153298
0.0148518
0.0145731
0.0145212
0.0146851
0.0150933
0.0154672
0.0156425
0.0158576
0.0162781
0.0167847
0.0172586
0.0176513
0.0179613
0.018301
0.0187653
0.0192909
0.0197555
0.0201346
0.0205257
0.0210067
0.0215313
0.0220207
0.022475
0.0229518
0.0234757
0.0240069
0.0245118
0.0250234
0.0255724
0.0261363
0.0266944
0.0272569
0.0278439
0.0284586
0.029094
0.0297434
0.0303969
0.0310404
0.0316898
0.0323492
0.0330114
0.0336679
0.0343418
0.0350481
0.0357797
0.0365177
0.0372651
0.03803
0.0388083
0.0396138
0.040425
0.041238
0.0420627
0.0429092
0.0437492
0.0446072
0.0454903
0.0464073
0.0473414
0.048301
0.0492836
0.0502827
0.0512652
0.0522644
0.0532875
0.054339
0.0554297
0.056529
0.0576462
0.0587678
0.0599272
0.0610894
0.0622936
0.0635167
0.0647647
0.0660288
0.0673199
0.0686566
0.0700003
0.0713807
0.0727868
0.0742215
0.0757062
0.0771925
0.0787186
0.0802323
0.0818014
0.0833982
0.0850132
0.0866332
0.0882631
0.0898735
0.0914419
0.0929609
0.0941941
0.0139888
0.0136866
0.0143506
0.0153408
0.015505
0.0150386
0.0147276
0.0146848
0.0148386
0.0152147
0.0155814
0.0157381
0.015898
0.016293
0.0168269
0.0173221
0.0177057
0.0179996
0.0183331
0.0188011
0.0193301
0.0197916
0.0201625
0.0205453
0.0210266
0.0215579
0.0220466
0.0224929
0.0229672
0.0234945
0.0240259
0.0245263
0.0250348
0.025585
0.0261509
0.0267091
0.0272703
0.0278558
0.0284687
0.0291028
0.029751
0.0304019
0.0310424
0.0316909
0.0323528
0.0330172
0.0336731
0.0343458
0.0350533
0.0357861
0.0365224
0.0372673
0.0380321
0.0388121
0.0396169
0.0404257
0.0412384
0.0420641
0.0429107
0.0437512
0.0446105
0.0454941
0.0464108
0.0473439
0.0483027
0.0492841
0.050282
0.0512652
0.0522662
0.0532899
0.0543413
0.0554313
0.0565297
0.0576468
0.0587689
0.0599288
0.0610913
0.0622955
0.0635183
0.0647664
0.0660307
0.067322
0.0686588
0.0700022
0.0713828
0.0727889
0.0742234
0.0757074
0.0771933
0.0787192
0.0802337
0.081803
0.0833996
0.0850144
0.0866347
0.088267
0.0898788
0.09145
0.0929736
0.0942036
0.0139168
0.0136286
0.0142401
0.0153246
0.0156641
0.0152352
0.0148836
0.0148347
0.014989
0.0153481
0.0157007
0.0158375
0.0159494
0.0163104
0.0168632
0.0173858
0.017764
0.0180394
0.0183653
0.0188381
0.0193726
0.01983
0.0201913
0.0205667
0.0210476
0.0215848
0.0220738
0.0225119
0.0229831
0.0235144
0.024046
0.0245415
0.0250468
0.0255983
0.0261662
0.0267243
0.0272841
0.027868
0.0284791
0.029112
0.0297589
0.0304074
0.0310449
0.0316923
0.0323565
0.0330233
0.0336786
0.0343499
0.0350584
0.0357928
0.0365275
0.0372697
0.0380344
0.038816
0.0396201
0.0404265
0.0412388
0.0420656
0.0429124
0.0437533
0.0446139
0.0454981
0.0464144
0.0473465
0.0483045
0.0492848
0.0502815
0.0512654
0.052268
0.0532923
0.0543437
0.055433
0.0565305
0.0576475
0.05877
0.0599304
0.0610933
0.0622974
0.06352
0.0647681
0.0660326
0.0673243
0.068661
0.0700041
0.0713849
0.072791
0.0742253
0.0757087
0.0771943
0.0787199
0.0802351
0.0818046
0.083401
0.0850158
0.0866363
0.0882712
0.0898845
0.0914584
0.0929868
0.0942137
0.013833
0.0135981
0.014154
0.0152852
0.0157983
0.0154333
0.0150463
0.01498
0.0151298
0.015485
0.0158312
0.0159419
0.0160075
0.0163335
0.0168966
0.0174476
0.0178251
0.0180812
0.018398
0.0188755
0.0194174
0.0198718
0.0202214
0.0205891
0.0210704
0.0216122
0.0221018
0.0225324
0.0229995
0.0235349
0.0240674
0.0245573
0.0250591
0.0256122
0.0261824
0.02674
0.0272983
0.0278806
0.0284898
0.0291215
0.0297673
0.0304133
0.0310477
0.0316941
0.0323606
0.0330297
0.0336843
0.034354
0.0350637
0.0357996
0.0365328
0.0372723
0.0380366
0.03882
0.0396235
0.0404273
0.0412393
0.0420673
0.0429142
0.0437554
0.0446173
0.0455021
0.046418
0.0473492
0.0483063
0.0492855
0.0502811
0.0512656
0.0522699
0.0532947
0.0543462
0.0554348
0.0565314
0.0576482
0.0587713
0.0599321
0.0610954
0.0622994
0.0635218
0.06477
0.0660346
0.0673266
0.0686634
0.0700062
0.071387
0.0727932
0.0742273
0.0757101
0.0771953
0.0787207
0.0802365
0.0818064
0.0834025
0.0850173
0.0866381
0.0882756
0.0898907
0.0914669
0.0930005
0.0942245
0.0137296
0.013581
0.0141027
0.0152349
0.0159018
0.0156246
0.0152132
0.0151297
0.0152653
0.015614
0.0159707
0.0160586
0.0160699
0.0163599
0.0169306
0.0175082
0.0178875
0.0181246
0.0184319
0.0189136
0.0194634
0.0199171
0.0202539
0.0206119
0.0210948
0.0216411
0.02213
0.022554
0.0230169
0.023556
0.0240902
0.0245743
0.0250718
0.0256267
0.0261993
0.0267564
0.0273128
0.0278935
0.028501
0.0291313
0.029776
0.0304198
0.031051
0.0316962
0.0323649
0.0330364
0.0336903
0.0343584
0.035069
0.0358066
0.0365385
0.037275
0.038039
0.0388242
0.0396271
0.0404283
0.04124
0.0420692
0.0429162
0.0437575
0.0446207
0.0455062
0.0464216
0.0473519
0.0483082
0.0492864
0.0502808
0.051266
0.0522717
0.0532971
0.0543486
0.0554366
0.0565323
0.057649
0.0587726
0.0599339
0.0610975
0.0623015
0.0635236
0.0647719
0.0660367
0.0673291
0.0686658
0.0700083
0.0713893
0.0727955
0.0742293
0.0757115
0.0771964
0.0787216
0.080238
0.0818082
0.0834041
0.085019
0.08664
0.0882802
0.0898972
0.0914757
0.0930145
0.0942359
0.0136069
0.0135602
0.0140878
0.0151899
0.015975
0.0158019
0.0153771
0.0152858
0.0154072
0.0157302
0.0161075
0.0161935
0.016142
0.0163852
0.0169647
0.0175707
0.0179516
0.0181679
0.0184664
0.0189537
0.0195099
0.0199646
0.0202904
0.0206356
0.0211196
0.0216723
0.0221592
0.0225758
0.0230354
0.0235778
0.024114
0.0245927
0.025085
0.0256415
0.0262172
0.0267736
0.0273277
0.0279067
0.0285126
0.0291415
0.0297852
0.0304268
0.0310549
0.0316986
0.0323695
0.0330434
0.0336965
0.0343628
0.0350744
0.0358138
0.0365444
0.0372779
0.0380413
0.0388286
0.039631
0.0404294
0.0412407
0.0420712
0.0429183
0.0437597
0.0446242
0.0455104
0.0464253
0.0473546
0.0483102
0.0492873
0.0502807
0.0512665
0.0522736
0.0532995
0.0543511
0.0554385
0.0565333
0.0576499
0.058774
0.0599358
0.0610997
0.0623036
0.0635256
0.0647739
0.0660389
0.0673316
0.0686683
0.0700105
0.0713917
0.0727978
0.0742314
0.075713
0.0771975
0.0787225
0.0802396
0.0818102
0.0834056
0.0850209
0.0866421
0.088285
0.0899042
0.0914847
0.093029
0.094248
0.013473
0.0135214
0.0140999
0.0151667
0.0160253
0.0159602
0.0155317
0.0154407
0.0155653
0.0158418
0.0162272
0.0163425
0.0162349
0.0164092
0.0169933
0.0176367
0.0180211
0.0182106
0.0184987
0.0189962
0.0195586
0.0200127
0.0203307
0.0206618
0.0211439
0.0217053
0.0221906
0.0225975
0.0230544
0.0236009
0.0241387
0.0246125
0.0250991
0.0256565
0.0262357
0.0267917
0.0273431
0.0279202
0.0285246
0.0291522
0.0297947
0.0304342
0.0310593
0.0317014
0.0323744
0.0330507
0.033703
0.0343675
0.03508
0.0358212
0.0365506
0.037281
0.0380438
0.0388331
0.0396351
0.0404306
0.0412415
0.0420734
0.0429206
0.043762
0.0446277
0.0455146
0.0464291
0.0473574
0.0483122
0.0492884
0.0502807
0.0512671
0.0522755
0.0533018
0.0543537
0.0554405
0.0565344
0.0576509
0.0587755
0.0599377
0.0611019
0.0623058
0.0635276
0.0647759
0.0660411
0.0673342
0.0686709
0.0700127
0.0713941
0.0728003
0.0742335
0.0757146
0.0771988
0.0787235
0.0802412
0.0818123
0.0834073
0.085023
0.0866444
0.0882901
0.0899117
0.0914939
0.0930438
0.0942608
0.0133397
0.0134559
0.0141216
0.0151762
0.0160666
0.0160996
0.0156732
0.0155818
0.0157401
0.0159659
0.0163227
0.0164895
0.0163574
0.0164412
0.0170099
0.0177017
0.0181007
0.0182563
0.0185254
0.019039
0.0196123
0.0200613
0.0203724
0.0206923
0.0211686
0.0217386
0.0222253
0.0226199
0.0230727
0.0236253
0.0241649
0.0246332
0.0251143
0.025672
0.0262546
0.0268107
0.0273591
0.027934
0.0285369
0.0291634
0.0298047
0.0304422
0.0310643
0.0317047
0.0323796
0.0330584
0.0337098
0.0343722
0.0350856
0.0358288
0.0365571
0.0372842
0.0380464
0.0388379
0.0396394
0.040432
0.0412424
0.0420758
0.0429231
0.0437644
0.0446313
0.0455189
0.0464329
0.0473603
0.0483143
0.0492895
0.0502808
0.0512678
0.0522775
0.0533041
0.0543562
0.0554425
0.0565355
0.0576519
0.058777
0.0599397
0.0611041
0.0623081
0.0635297
0.0647781
0.0660434
0.067337
0.0686736
0.0700151
0.0713966
0.0728028
0.0742357
0.0757163
0.0772001
0.0787245
0.0802428
0.0818145
0.083409
0.0850253
0.0866469
0.0882954
0.0899197
0.0915035
0.093059
0.0942743
0.0132222
0.0133637
0.0141318
0.0152167
0.0161159
0.0162253
0.015803
0.0156983
0.015918
0.016119
0.016404
0.0166147
0.0165058
0.0164971
0.0170151
0.0177558
0.018191
0.0183122
0.0185459
0.0190763
0.0196722
0.0201138
0.020413
0.020726
0.0211961
0.0217711
0.0222625
0.022645
0.0230897
0.0236499
0.0241933
0.0246551
0.0251303
0.0256882
0.0262738
0.0268303
0.0273759
0.0279482
0.0285496
0.029175
0.0298152
0.0304507
0.0310698
0.0317085
0.0323852
0.0330665
0.033717
0.034377
0.0350913
0.0358368
0.0365639
0.0372875
0.0380489
0.0388428
0.0396439
0.0404336
0.0412435
0.0420784
0.0429258
0.0437668
0.0446349
0.0455233
0.0464368
0.0473632
0.0483166
0.0492908
0.0502811
0.0512686
0.0522795
0.0533064
0.0543589
0.0554447
0.0565368
0.0576531
0.0587787
0.0599418
0.0611064
0.0623104
0.0635319
0.0647804
0.0660457
0.0673398
0.0686764
0.0700175
0.0713993
0.0728053
0.074238
0.0757181
0.0772016
0.0787257
0.0802445
0.0818169
0.0834108
0.0850277
0.0866496
0.0883009
0.0899282
0.0915133
0.0930745
0.0942885
0.0131378
0.0132571
0.0141113
0.0152722
0.016187
0.0163471
0.0159274
0.0157866
0.0160779
0.0163067
0.0164946
0.0167046
0.0166606
0.0165904
0.0170213
0.0177897
0.0182838
0.018386
0.0185666
0.0191013
0.0197347
0.0201756
0.0204527
0.0207592
0.0212282
0.0218046
0.0223002
0.0226737
0.0231068
0.0236731
0.0242238
0.0246789
0.0251467
0.0257052
0.0262937
0.0268504
0.0273935
0.0279629
0.0285627
0.0291872
0.0298263
0.0304598
0.0310759
0.0317127
0.0323911
0.0330749
0.0337245
0.034382
0.0350969
0.035845
0.0365713
0.037291
0.0380515
0.038848
0.0396488
0.0404352
0.0412446
0.0420812
0.0429287
0.0437692
0.0446386
0.0455278
0.0464407
0.0473661
0.0483189
0.0492922
0.0502815
0.0512696
0.0522815
0.0533087
0.0543615
0.0554468
0.056538
0.0576543
0.0587804
0.0599439
0.0611088
0.0623129
0.0635343
0.0647827
0.0660481
0.0673427
0.0686793
0.07002
0.071402
0.072808
0.0742403
0.07572
0.0772031
0.0787269
0.0802463
0.0818194
0.0834127
0.0850304
0.0866527
0.0883066
0.0899372
0.0915234
0.0930904
0.0943034
0.0130993
0.0131595
0.0140521
0.0153195
0.0162835
0.0164781
0.0160555
0.0158525
0.0161991
0.0165157
0.0166199
0.0167654
0.016796
0.0167203
0.0170482
0.0178034
0.0183656
0.0184784
0.0185987
0.0191125
0.0197906
0.0202498
0.0204968
0.0207875
0.0212631
0.0218425
0.0223377
0.0227045
0.0231261
0.0236947
0.0242552
0.0247056
0.0251637
0.0257226
0.0263147
0.026871
0.0274115
0.0279784
0.0285761
0.0291996
0.029838
0.0304696
0.0310825
0.0317173
0.0323975
0.0330838
0.0337325
0.0343872
0.0351025
0.0358534
0.0365792
0.0372948
0.038054
0.0388533
0.0396541
0.0404371
0.0412459
0.0420843
0.0429318
0.0437717
0.0446422
0.0455323
0.0464447
0.0473691
0.0483213
0.0492938
0.0502821
0.0512708
0.0522837
0.053311
0.0543642
0.0554491
0.0565394
0.0576556
0.0587823
0.0599462
0.0611112
0.0623154
0.0635367
0.0647852
0.0660507
0.0673458
0.0686822
0.0700226
0.0714048
0.0728107
0.0742427
0.075722
0.0772047
0.0787283
0.0802481
0.0818221
0.0834147
0.0850332
0.086656
0.0883125
0.0899467
0.0915339
0.0931065
0.0943191
0.0131105
0.0130935
0.0139645
0.0153342
0.016394
0.0166295
0.0161984
0.0159105
0.0162694
0.0167177
0.0167968
0.016824
0.0168902
0.0168663
0.0171134
0.0178117
0.0184245
0.018578
0.0186532
0.0191182
0.0198294
0.0203325
0.0205539
0.0208105
0.0212949
0.0218873
0.0223777
0.0227349
0.0231479
0.0237164
0.0242857
0.0247351
0.0251824
0.0257397
0.0263366
0.0268924
0.0274297
0.0279945
0.0285903
0.0292124
0.0298502
0.0304802
0.0310898
0.0317223
0.0324041
0.0330932
0.033741
0.0343927
0.0351081
0.0358618
0.0365876
0.037299
0.0380564
0.0388587
0.0396597
0.0404393
0.0412472
0.0420876
0.0429351
0.0437743
0.0446459
0.045537
0.0464488
0.0473722
0.0483238
0.0492955
0.0502828
0.0512721
0.0522858
0.0533132
0.054367
0.0554515
0.0565409
0.057657
0.0587842
0.0599485
0.0611137
0.062318
0.0635392
0.0647877
0.0660533
0.0673489
0.0686853
0.0700253
0.0714078
0.0728135
0.0742452
0.0757241
0.0772064
0.0787298
0.08025
0.081825
0.0834169
0.0850362
0.0866598
0.0883186
0.0899567
0.0915448
0.0931228
0.0943355
0.0131671
0.0130749
0.0138721
0.0153008
0.016496
0.0168051
0.0163677
0.0159788
0.0162917
0.0168814
0.0170196
0.0169131
0.0169425
0.0169993
0.0172188
0.0178364
0.0184609
0.0186681
0.0187307
0.0191338
0.0198471
0.0204109
0.0206305
0.020835
0.0213167
0.021937
0.0224255
0.0227642
0.0231696
0.0237403
0.0243156
0.0247655
0.0252036
0.0257569
0.026359
0.0269153
0.027448
0.0280108
0.0286054
0.0292258
0.0298627
0.0304915
0.031098
0.0317276
0.0324109
0.0331031
0.0337501
0.0343986
0.0351137
0.0358703
0.0365963
0.0373037
0.038059
0.0388642
0.0396656
0.0404417
0.0412486
0.042091
0.0429387
0.0437769
0.0446496
0.0455418
0.046453
0.0473753
0.0483264
0.0492973
0.0502838
0.0512736
0.052288
0.0533155
0.0543698
0.0554539
0.0565424
0.0576586
0.0587863
0.059951
0.0611162
0.0623207
0.0635418
0.0647904
0.066056
0.0673522
0.0686885
0.0700281
0.0714108
0.0728164
0.0742478
0.0757264
0.0772082
0.0787314
0.080252
0.081828
0.0834191
0.0850394
0.0866639
0.0883249
0.0899672
0.0915561
0.0931394
0.0943525
0.0132617
0.0131086
0.0138001
0.0152235
0.0165622
0.0169944
0.0165718
0.0160763
0.0162846
0.0169816
0.0172596
0.017061
0.0169785
0.0170913
0.0173437
0.0178966
0.0184918
0.0187352
0.0188165
0.0191737
0.0198544
0.0204703
0.0207228
0.0208734
0.0213256
0.0219832
0.0224855
0.0227964
0.0231875
0.0237659
0.0243476
0.0247955
0.0252266
0.0257754
0.0263814
0.0269396
0.0274671
0.0280268
0.0286212
0.0292401
0.0298756
0.0305035
0.0311072
0.0317337
0.0324178
0.0331132
0.0337599
0.0344048
0.0351193
0.0358789
0.0366055
0.0373086
0.0380616
0.0388698
0.0396718
0.0404444
0.0412502
0.0420947
0.0429426
0.0437796
0.0446533
0.0455467
0.0464573
0.0473784
0.0483291
0.0492993
0.0502849
0.0512753
0.0522904
0.0533178
0.0543726
0.0554563
0.0565441
0.0576602
0.0587884
0.0599535
0.0611188
0.0623235
0.0635446
0.0647931
0.0660588
0.0673556
0.0686918
0.070031
0.0714139
0.0728193
0.0742504
0.0757288
0.0772101
0.0787331
0.080254
0.0818312
0.0834216
0.0850428
0.0866685
0.0883314
0.0899782
0.0915679
0.0931562
0.0943702
0.0133841
0.0131921
0.0137682
0.0151251
0.0165726
0.0171753
0.0168101
0.0162197
0.0162745
0.0170095
0.0174796
0.0172748
0.0170344
0.017135
0.0174576
0.0179934
0.0185408
0.0187822
0.0188901
0.0192382
0.0198711
0.0205037
0.0208155
0.0209361
0.0213293
0.0220152
0.0225565
0.0228393
0.0232004
0.0237896
0.0243841
0.0248265
0.0252491
0.0257955
0.0264045
0.0269647
0.0274875
0.0280427
0.0286371
0.0292556
0.0298892
0.0305158
0.0311171
0.0317404
0.0324249
0.0331235
0.0337704
0.0344115
0.0351249
0.0358877
0.0366151
0.0373138
0.0380643
0.0388756
0.0396784
0.0404474
0.0412519
0.0420985
0.0429467
0.0437824
0.0446571
0.0455516
0.0464617
0.0473817
0.048332
0.0493014
0.0502862
0.0512771
0.0522928
0.05332
0.0543755
0.0554589
0.0565458
0.057662
0.0587906
0.0599561
0.0611215
0.0623264
0.0635474
0.064796
0.0660618
0.0673591
0.0686952
0.070034
0.0714172
0.0728224
0.0742531
0.0757314
0.077212
0.078735
0.0802561
0.0818346
0.0834242
0.0850462
0.0866735
0.0883381
0.0899897
0.0915802
0.0931731
0.0943884
0.0135197
0.0133201
0.0137849
0.0150317
0.0165277
0.0173204
0.017068
0.0164174
0.0162903
0.0169775
0.0176429
0.0175332
0.0171463
0.0171521
0.0175302
0.0181054
0.0186267
0.0188304
0.0189364
0.0193076
0.0199156
0.0205239
0.020889
0.0210218
0.0213434
0.0220269
0.0226281
0.0229001
0.0232124
0.0238055
0.0244247
0.0248621
0.0252701
0.0258156
0.0264296
0.0269907
0.0275088
0.0280589
0.0286528
0.0292722
0.0299041
0.0305285
0.0311277
0.031748
0.0324324
0.033134
0.0337815
0.0344189
0.0351305
0.0358964
0.0366252
0.0373193
0.0380671
0.0388816
0.0396854
0.0404506
0.0412537
0.0421026
0.0429511
0.0437854
0.0446609
0.0455567
0.0464662
0.047385
0.048335
0.0493037
0.0502876
0.0512792
0.0522953
0.0533223
0.0543785
0.0554615
0.0565477
0.0576639
0.058793
0.0599588
0.0611242
0.0623293
0.0635504
0.0647989
0.0660649
0.0673627
0.0686987
0.0700371
0.0714205
0.0728255
0.0742559
0.0757341
0.077214
0.078737
0.0802584
0.0818382
0.0834271
0.0850498
0.086679
0.0883451
0.0900015
0.0915931
0.0931903
0.0944073
0.0136461
0.0134843
0.0138501
0.0149638
0.0164467
0.0174106
0.0173223
0.0166656
0.0163582
0.0169151
0.0177254
0.0177986
0.0173325
0.0171773
0.0175509
0.0182014
0.0187486
0.0189063
0.0189617
0.0193563
0.0199873
0.0205558
0.0209339
0.021112
0.0213827
0.022025
0.0226869
0.0229795
0.023233
0.0238107
0.0244643
0.0249056
0.0252913
0.0258328
0.0264565
0.027019
0.0275306
0.0280753
0.0286681
0.0292892
0.0299204
0.0305422
0.0311387
0.0317562
0.0324402
0.0331447
0.0337931
0.0344268
0.0351363
0.0359053
0.0366359
0.0373252
0.0380696
0.0388877
0.0396929
0.0404542
0.0412556
0.0421069
0.0429558
0.0437884
0.0446647
0.0455619
0.0464708
0.0473883
0.0483381
0.0493061
0.0502892
0.0512815
0.0522979
0.0533247
0.0543815
0.0554643
0.0565496
0.0576659
0.0587955
0.0599617
0.061127
0.0623325
0.0635535
0.0648019
0.066068
0.0673665
0.0687023
0.0700403
0.071424
0.0728288
0.0742588
0.075737
0.0772162
0.0787392
0.0802608
0.0818418
0.0834303
0.0850536
0.086685
0.0883524
0.0900136
0.0916065
0.0932076
0.0944266
0.013738
0.0136708
0.0139616
0.0149326
0.0163515
0.0174434
0.0175475
0.0169459
0.0164937
0.0168582
0.0177262
0.0180292
0.017582
0.0172484
0.0175378
0.0182509
0.0188821
0.0190298
0.0189926
0.0193661
0.0200609
0.0206225
0.0209651
0.0211834
0.0214479
0.0220275
0.0227228
0.0230679
0.0232725
0.0238083
0.0244961
0.0249572
0.0253171
0.0258456
0.026483
0.0270512
0.027554
0.0280916
0.0286832
0.0293061
0.029938
0.0305573
0.0311504
0.0317649
0.0324485
0.0331558
0.0338051
0.0344352
0.0351422
0.0359142
0.0366472
0.0373318
0.0380721
0.0388938
0.039701
0.0404582
0.0412575
0.0421114
0.0429609
0.0437915
0.0446686
0.0455672
0.0464755
0.0473917
0.0483413
0.0493088
0.0502911
0.051284
0.0523006
0.0533271
0.0543846
0.055467
0.0565517
0.0576681
0.0587981
0.0599646
0.0611298
0.0623357
0.0635568
0.0648051
0.0660714
0.0673704
0.068706
0.0700437
0.0714276
0.0728321
0.0742618
0.0757401
0.0772184
0.0787415
0.0802634
0.0818456
0.0834337
0.0850575
0.0866915
0.08836
0.090026
0.0916205
0.0932251
0.0944464
0.013778
0.0138574
0.0141152
0.0149447
0.0162609
0.0174289
0.0177254
0.017233
0.0166948
0.0168431
0.0176683
0.0181903
0.0178626
0.0173903
0.0175236
0.0182424
0.0189939
0.019198
0.0190607
0.0193442
0.020104
0.0207239
0.0210132
0.0212236
0.0215182
0.0220517
0.0227403
0.0231496
0.0233348
0.0238078
0.0245151
0.0250131
0.0253517
0.0258554
0.0265055
0.0270869
0.0275808
0.0281077
0.0286978
0.029323
0.0299565
0.0305741
0.031163
0.0317739
0.032457
0.0331674
0.0338181
0.034444
0.0351481
0.0359232
0.0366589
0.0373389
0.0380746
0.0388997
0.0397098
0.0404629
0.0412593
0.042116
0.0429663
0.0437947
0.0446724
0.0455727
0.0464804
0.0473951
0.0483447
0.0493115
0.0502931
0.0512866
0.0523034
0.0533297
0.0543878
0.0554699
0.0565539
0.0576705
0.0588009
0.0599677
0.0611326
0.062339
0.0635601
0.0648084
0.0660749
0.0673744
0.0687097
0.0700472
0.0714313
0.0728356
0.0742648
0.0757434
0.0772207
0.0787439
0.0802662
0.0818495
0.0834376
0.0850615
0.0866985
0.0883681
0.0900386
0.0916351
0.0932428
0.0944666
0.0137643
0.0140187
0.014298
0.0150056
0.0161905
0.0173813
0.0178507
0.0175017
0.0169417
0.0168933
0.0175879
0.0182669
0.0181346
0.0176031
0.0175456
0.0181925
0.0190513
0.0193837
0.0191904
0.0193218
0.0200922
0.0208295
0.0211069
0.0212512
0.0215675
0.0220997
0.0227583
0.0232124
0.0234116
0.0238202
0.0245217
0.0250668
0.025397
0.0258657
0.0265222
0.027124
0.0276126
0.0281245
0.0287111
0.0293396
0.0299755
0.0305926
0.0311772
0.0317831
0.0324652
0.0331794
0.033832
0.0344535
0.0351539
0.0359323
0.0366713
0.0373467
0.038077
0.0389052
0.0397189
0.0404684
0.0412614
0.0421205
0.0429721
0.0437983
0.0446762
0.0455783
0.0464854
0.0473985
0.0483481
0.0493145
0.0502954
0.0512895
0.0523063
0.0533322
0.054391
0.0554728
0.0565563
0.0576729
0.0588037
0.0599709
0.0611356
0.0623424
0.0635636
0.0648117
0.0660785
0.0673786
0.0687136
0.0700509
0.071435
0.0728391
0.074268
0.0757469
0.0772231
0.0787465
0.0802693
0.0818535
0.0834417
0.0850657
0.0867059
0.0883765
0.0900513
0.0916503
0.0932607
0.0944871
0.013709
0.014137
0.0144889
0.0151139
0.0161559
0.0173165
0.0179273
0.0177359
0.0172082
0.0170118
0.017523
0.0182685
0.0183595
0.0178627
0.0176315
0.0181336
0.0190408
0.0195503
0.0193824
0.0193361
0.0200309
0.0208999
0.0212465
0.0213013
0.021582
0.022149
0.0227959
0.0232601
0.0234881
0.0238511
0.0245227
0.0251121
0.0254518
0.0258805
0.0265329
0.0271599
0.0276498
0.0281441
0.0287231
0.0293553
0.0299946
0.0306124
0.0311936
0.031793
0.032473
0.0331915
0.033847
0.0344637
0.0351594
0.0359411
0.0366844
0.0373555
0.0380796
0.0389105
0.0397284
0.0404745
0.0412637
0.0421249
0.0429781
0.0438022
0.0446802
0.0455839
0.0464907
0.0474021
0.0483515
0.0493176
0.050298
0.0512927
0.0523094
0.0533349
0.0543942
0.0554758
0.0565588
0.0576756
0.0588067
0.0599741
0.0611386
0.062346
0.0635672
0.0648152
0.0660823
0.0673829
0.0687175
0.0700547
0.0714389
0.0728428
0.0742713
0.0757505
0.0772256
0.0787491
0.0802727
0.0818575
0.0834462
0.0850701
0.0867137
0.0883855
0.0900642
0.091666
0.0932789
0.0945079
0.0136314
0.0142094
0.014665
0.015255
0.0161676
0.0172532
0.0179632
0.01793
0.017471
0.0171842
0.0175029
0.0182225
0.0185141
0.0181349
0.0177862
0.0181017
0.0189765
0.0196612
0.0196097
0.0194193
0.0199538
0.0209041
0.021398
0.0214071
0.0215815
0.0221694
0.0228541
0.0233121
0.0235528
0.0238953
0.0245278
0.0251468
0.0255121
0.0259026
0.0265379
0.0271922
0.0276914
0.0281679
0.028735
0.0293698
0.0300138
0.030633
0.031212
0.0318045
0.0324801
0.0332034
0.0338634
0.0344752
0.0351648
0.0359493
0.0366981
0.0373653
0.0380822
0.0389153
0.0397383
0.0404815
0.0412663
0.0421294
0.0429842
0.0438063
0.0446842
0.0455896
0.0464962
0.0474058
0.0483552
0.0493209
0.0503007
0.051296
0.0523125
0.0533376
0.0543975
0.055479
0.0565615
0.0576783
0.0588099
0.0599775
0.0611416
0.0623497
0.063571
0.0648187
0.0660863
0.0673874
0.0687215
0.0700587
0.0714428
0.0728466
0.0742748
0.0757543
0.0772283
0.0787519
0.0802764
0.0818616
0.083451
0.0850748
0.0867218
0.088395
0.0900772
0.0916822
0.0932974
0.0945288
0.0135499
0.014245
0.0148134
0.0154082
0.0162238
0.0172101
0.0179685
0.0180832
0.0177154
0.017389
0.0175401
0.018162
0.0185958
0.0183848
0.0179935
0.018124
0.0188899
0.0196961
0.0198324
0.0195798
0.019902
0.020843
0.021518
0.0215717
0.0216061
0.0221458
0.022907
0.0233872
0.0236097
0.0239393
0.0245428
0.0251744
0.0255736
0.025935
0.026539
0.0272187
0.0277369
0.0281959
0.0287471
0.0293832
0.0300325
0.030654
0.0312323
0.0318182
0.0324868
0.0332142
0.0338807
0.0344881
0.0351702
0.0359569
0.0367123
0.0373767
0.0380851
0.0389192
0.0397485
0.0404894
0.0412692
0.0421341
0.0429906
0.0438106
0.0446883
0.0455955
0.0465018
0.0474095
0.0483588
0.0493242
0.0503036
0.0512997
0.0523159
0.0533405
0.0544013
0.0554822
0.0565645
0.0576812
0.0588131
0.059981
0.0611447
0.0623536
0.0635748
0.0648223
0.0660903
0.067392
0.0687255
0.0700629
0.0714469
0.0728504
0.0742784
0.0757583
0.0772312
0.0787547
0.0802805
0.0818658
0.0834561
0.0850799
0.0867302
0.0884051
0.0900903
0.0916988
0.0933163
0.0945499
0.0134783
0.0142562
0.0149336
0.0155573
0.0163105
0.0171997
0.017958
0.0181964
0.0179336
0.0176055
0.0176301
0.0181174
0.0186192
0.0185884
0.0182281
0.0182097
0.0188171
0.0196626
0.0200087
0.0197955
0.0199121
0.020748
0.0215705
0.02176
0.0216944
0.0221005
0.0229213
0.023485
0.0236793
0.0239732
0.0245625
0.0252003
0.0256325
0.0259786
0.0265393
0.027236
0.0277858
0.0282301
0.0287593
0.0293959
0.0300512
0.0306748
0.0312536
0.0318345
0.0324944
0.0332237
0.0338986
0.034503
0.0351759
0.0359631
0.0367264
0.0373898
0.0380887
0.0389224
0.0397587
0.0404981
0.0412723
0.0421385
0.0429973
0.0438152
0.0446923
0.0456016
0.0465078
0.0474132
0.0483626
0.0493279
0.0503067
0.0513035
0.0523194
0.0533432
0.0544045
0.0554854
0.0565676
0.0576843
0.0588165
0.0599846
0.0611478
0.0623576
0.0635789
0.0648261
0.0660946
0.0673967
0.0687296
0.0700672
0.071451
0.0728544
0.0742823
0.0757623
0.0772343
0.0787576
0.0802849
0.0818701
0.0834615
0.0850854
0.0867387
0.0884157
0.0901036
0.0917158
0.0933355
0.0945712
0.013425
0.0142535
0.015029
0.0156962
0.0164124
0.0172223
0.0179487
0.0182747
0.0181216
0.0178179
0.017758
0.0181075
0.018607
0.0187352
0.0184632
0.0183492
0.018787
0.0195904
0.0201127
0.020029
0.0200003
0.0206598
0.0215501
0.0219257
0.0218527
0.022077
0.0228788
0.0235771
0.0237823
0.0240043
0.0245758
0.025228
0.0256879
0.0260317
0.0265448
0.0272412
0.0278342
0.0282737
0.0287718
0.0294065
0.0300709
0.0306954
0.0312746
0.031853
0.0325038
0.0332322
0.0339161
0.03452
0.0351827
0.0359683
0.0367402
0.0374044
0.0380932
0.0389248
0.039769
0.0405081
0.0412757
0.0421428
0.0430045
0.0438203
0.0446961
0.0456076
0.0465141
0.047417
0.0483663
0.0493317
0.0503102
0.0513074
0.0523231
0.0533464
0.0544078
0.0554888
0.0565709
0.0576875
0.05882
0.0599884
0.0611509
0.0623618
0.0635829
0.0648299
0.0660991
0.0674017
0.0687338
0.0700718
0.0714552
0.0728583
0.0742864
0.0757664
0.0772376
0.0787606
0.0802898
0.0818746
0.083467
0.0850914
0.0867475
0.0884269
0.0901171
0.0917331
0.093355
0.0945925
0.013396
0.0142469
0.015102
0.0158238
0.0165203
0.017269
0.0179527
0.0183286
0.0182778
0.0180173
0.0179063
0.0181371
0.0185832
0.0188262
0.0186757
0.0185233
0.0188109
0.0195137
0.0201436
0.0202388
0.0201552
0.0206168
0.0214832
0.0220313
0.0220477
0.0221169
0.0228001
0.0236252
0.0239177
0.0240544
0.024575
0.0252528
0.0257421
0.0260908
0.0265611
0.0272359
0.0278743
0.0283293
0.0287889
0.0294121
0.030092
0.0307179
0.0312942
0.0318723
0.0325155
0.0332407
0.0339324
0.0345384
0.035191
0.0359723
0.0367534
0.0374209
0.0380989
0.0389262
0.0397789
0.0405191
0.0412794
0.0421466
0.0430122
0.0438261
0.0446999
0.0456136
0.0465209
0.0474211
0.04837
0.0493357
0.0503138
0.0513116
0.052327
0.0533497
0.0544109
0.0554923
0.0565746
0.057691
0.0588237
0.0599922
0.061154
0.0623661
0.0635872
0.0648338
0.0661036
0.0674067
0.068738
0.0700766
0.0714597
0.0728624
0.074291
0.0757705
0.0772411
0.0787636
0.0802948
0.0818794
0.0834727
0.085098
0.0867565
0.0884385
0.0901309
0.0917505
0.0933747
0.0946139
0.0133952
0.0142484
0.0151576
0.0159386
0.0166318
0.0173315
0.0179733
0.01837
0.018404
0.0181988
0.0180611
0.0181996
0.0185683
0.0188722
0.0188505
0.0187123
0.0188845
0.0194609
0.0201214
0.0203922
0.0203452
0.0206379
0.0214061
0.0220683
0.0222351
0.0222335
0.0227307
0.0236055
0.0240557
0.0241465
0.0245678
0.0252641
0.0257961
0.0261531
0.0265904
0.0272271
0.0278978
0.0283924
0.028818
0.029411
0.0301104
0.0307458
0.0313134
0.0318902
0.0325297
0.0332505
0.0339476
0.0345572
0.035201
0.0359756
0.0367653
0.0374387
0.0381061
0.0389269
0.0397889
0.0405316
0.0412835
0.0421499
0.0430201
0.0438327
0.0447036
0.0456192
0.0465279
0.0474254
0.0483738
0.0493398
0.0503178
0.0513159
0.0523311
0.0533532
0.0544142
0.0554959
0.0565783
0.0576945
0.0588276
0.0599963
0.0611572
0.0623704
0.0635915
0.0648379
0.0661083
0.0674118
0.0687424
0.0700813
0.0714641
0.0728663
0.0742959
0.0757748
0.0772448
0.0787669
0.0803002
0.0818844
0.0834784
0.0851052
0.0867656
0.0884503
0.0901449
0.0917681
0.0933948
0.0946354
0.0134206
0.014267
0.0152056
0.0160382
0.0167446
0.0174052
0.0180076
0.0184079
0.0185041
0.0183593
0.0182134
0.0182836
0.0185736
0.0188904
0.0189805
0.0188973
0.0189963
0.0194489
0.020077
0.0204807
0.0205345
0.0207195
0.0213511
0.0220539
0.0223765
0.0223994
0.0227146
0.0235329
0.0241558
0.0242835
0.0245776
0.0252543
0.0258448
0.0262183
0.0266319
0.0272251
0.0279031
0.0284521
0.0288653
0.0294077
0.0301181
0.0307795
0.0313369
0.0319045
0.0325446
0.0332633
0.0339628
0.0345759
0.0352124
0.0359791
0.0367763
0.0374578
0.0381146
0.0389264
0.0397983
0.0405454
0.0412882
0.0421525
0.0430282
0.0438403
0.0447076
0.0456245
0.0465351
0.04743
0.0483776
0.0493441
0.0503219
0.0513203
0.0523353
0.0533567
0.0544173
0.0554998
0.0565825
0.0576981
0.0588314
0.0600004
0.0611604
0.0623751
0.0635961
0.0648421
0.0661132
0.067417
0.068747
0.0700863
0.0714688
0.0728702
0.074301
0.0757788
0.0772486
0.0787706
0.0803056
0.0818899
0.0834842
0.0851129
0.0867751
0.0884625
0.0901594
0.0917858
0.0934149
0.0946569
0.0134622
0.0143044
0.0152564
0.0161235
0.0168524
0.017487
0.018052
0.0184471
0.0185849
0.0184987
0.0183599
0.0183797
0.0186002
0.0188979
0.0190673
0.0190614
0.01913
0.0194796
0.0200393
0.020517
0.0206934
0.0208422
0.0213391
0.0220174
0.0224601
0.0225741
0.0227704
0.0234499
0.0241883
0.0244379
0.0246294
0.02523
0.0258775
0.0262849
0.0266813
0.0272363
0.0278982
0.0284975
0.0289311
0.0294152
0.0301101
0.0308116
0.0313705
0.0319162
0.0325551
0.0332786
0.0339798
0.0345944
0.035224
0.0359824
0.0367869
0.0374781
0.0381246
0.038925
0.039807
0.0405608
0.0412936
0.0421541
0.0430361
0.043849
0.0447119
0.0456295
0.0465423
0.0474347
0.0483816
0.0493486
0.0503263
0.0513249
0.05234
0.0533605
0.0544201
0.0555038
0.0565868
0.0577018
0.0588353
0.0600046
0.0611636
0.0623797
0.0636007
0.0648464
0.0661183
0.0674222
0.0687518
0.0700912
0.0714738
0.0728743
0.0743068
0.0757833
0.0772524
0.0787745
0.080311
0.0818956
0.08349
0.085121
0.0867849
0.0884747
0.0901743
0.0918037
0.0934351
0.0946784
0.0135158
0.0143567
0.0153165
0.0162011
0.0169503
0.0175734
0.0181036
0.0184884
0.0186519
0.0186167
0.018498
0.0184817
0.018643
0.0189068
0.019121
0.0191932
0.0192683
0.0195439
0.020025
0.020523
0.0208081
0.0209797
0.0213729
0.0219861
0.0224974
0.0227225
0.0228814
0.0233997
0.024158
0.0245692
0.0247308
0.0252128
0.0258859
0.0263485
0.0267354
0.0272588
0.0278926
0.0285211
0.029002
0.0294456
0.0300924
0.0308307
0.0314169
0.0319337
0.0325578
0.0332931
0.0340007
0.0346139
0.035235
0.0359848
0.0367974
0.0375
0.0381362
0.0389226
0.0398149
0.0405781
0.0413002
0.0421545
0.0430438
0.0438587
0.0447165
0.0456343
0.0465497
0.0474396
0.0483855
0.0493534
0.0503308
0.0513295
0.0523447
0.0533644
0.0544228
0.0555082
0.0565916
0.0577057
0.0588392
0.060009
0.0611671
0.0623841
0.0636054
0.0648506
0.0661236
0.0674273
0.0687569
0.0700961
0.0714787
0.0728782
0.0743125
0.0757878
0.0772563
0.0787792
0.0803166
0.0819018
0.0834962
0.0851295
0.086795
0.0884869
0.0901893
0.0918216
0.0934552
0.0946998
0.0135686
0.0144153
0.0153849
0.0162799
0.0170398
0.0176602
0.0181614
0.0185308
0.0187089
0.0187131
0.0186229
0.018585
0.0186966
0.0189221
0.0191544
0.0192903
0.0193953
0.0196291
0.0200386
0.0205202
0.0208809
0.0211072
0.0214408
0.021976
0.0225083
0.0228293
0.0230139
0.0234066
0.0240998
0.0246454
0.024861
0.025227
0.0258739
0.0264009
0.0267949
0.0272904
0.0278953
0.0285283
0.0290626
0.0294997
0.0300798
0.0308275
0.031467
0.0319682
0.0325559
0.0333005
0.0340261
0.0346375
0.0352452
0.035985
0.0368069
0.0375236
0.0381496
0.0389184
0.0398208
0.0405971
0.0413086
0.042154
0.043051
0.0438696
0.0447215
0.0456388
0.0465572
0.0474447
0.0483894
0.0493586
0.0503356
0.0513342
0.0523498
0.0533684
0.054425
0.0555128
0.0565967
0.0577097
0.0588432
0.0600134
0.061171
0.0623884
0.0636108
0.0648551
0.0661292
0.0674323
0.0687621
0.070101
0.0714839
0.0728826
0.0743183
0.0757923
0.0772598
0.0787841
0.0803221
0.0819081
0.0835027
0.0851383
0.0868056
0.0884993
0.0902048
0.0918398
0.0934751
0.094721
0.0136247
0.0144784
0.0154583
0.0163628
0.0171249
0.0177431
0.0182226
0.0185731
0.0187577
0.0187892
0.0187296
0.018685
0.0187571
0.0189441
0.0191765
0.0193585
0.0195008
0.0197211
0.0200764
0.0205237
0.0209247
0.021211
0.0215262
0.0219925
0.0225121
0.0228998
0.0231396
0.023465
0.0240539
0.0246648
0.024987
0.0252836
0.0258583
0.0264341
0.026856
0.0273285
0.0279078
0.0285304
0.0291045
0.0295658
0.0300869
0.030805
0.0315023
0.0320214
0.0325595
0.0332936
0.0340507
0.0346697
0.0352572
0.0359823
0.0368151
0.0375502
0.0381666
0.038913
0.0398241
0.0406174
0.0413191
0.0421524
0.043057
0.0438812
0.0447269
0.0456431
0.046565
0.0474501
0.0483929
0.0493639
0.0503408
0.0513388
0.0523551
0.0533727
0.0544272
0.0555176
0.0566021
0.0577138
0.0588471
0.0600177
0.0611755
0.0624016
0.0636163
0.0648595
0.0661352
0.0674376
0.0687679
0.0701061
0.071489
0.0728873
0.0743243
0.0757974
0.0772636
0.0787897
0.0803277
0.0819144
0.0835093
0.085147
0.0868164
0.0885116
0.0902202
0.091858
0.093495
0.0947422
0.013685
0.0145442
0.0155325
0.0164467
0.0172083
0.0178194
0.0182824
0.0186129
0.0187984
0.0188475
0.0188149
0.0187753
0.0188205
0.018973
0.0191935
0.0194068
0.0195851
0.0198095
0.0201321
0.0205418
0.0209552
0.0212892
0.0216135
0.0220316
0.0225204
0.0229446
0.0232403
0.0235487
0.0240428
0.0246491
0.025079
0.0253708
0.0258583
0.0264491
0.0269121
0.0273717
0.0279274
0.0285345
0.0291302
0.0296285
0.0301196
0.0307826
0.0315122
0.0320832
0.0325833
0.0332751
0.0340628
0.0347097
0.035275
0.0359747
0.036818
0.0375786
0.0381885
0.0389071
0.039824
0.0406389
0.041333
0.0421512
0.0430619
0.0438937
0.0447328
0.0456468
0.0465729
0.0474562
0.0483962
0.0493693
0.0503462
0.0513435
0.0523605
0.053377
0.054429
0.0555227
0.0566081
0.057718
0.0588512
0.0600219
0.0611798
0.0624043
0.0636217
0.0648638
0.0661409
0.0674424
0.0687734
0.0701112
0.0714939
0.0728924
0.0743301
0.0758024
0.0772673
0.0787958
0.0803337
0.081921
0.083517
0.0851562
0.0868276
0.0885241
0.0902356
0.0918763
0.0935144
0.0947626
0.0137516
0.0146134
0.0156076
0.0165285
0.0172913
0.0178912
0.0183381
0.018649
0.0188305
0.0188901
0.0188769
0.0188492
0.0188796
0.0190056
0.0192077
0.0194394
0.0196509
0.0198872
0.0201956
0.020574
0.0209829
0.0213474
0.0216907
0.0220839
0.0225381
0.0229755
0.0233156
0.0236343
0.0240665
0.0246265
0.0251275
0.0254645
0.0258841
0.0264555
0.0269581
0.0274185
0.027954
0.0285449
0.0291476
0.0296791
0.0301675
0.0307758
0.0315
0.0321341
0.0326334
0.0332613
0.0340556
0.0347521
0.0353066
0.0359662
0.0368123
0.0376067
0.0382167
0.038901
0.0398177
0.0406593
0.0413497
0.04215
0.0430654
0.0439066
0.0447396
0.0456501
0.0465809
0.0474633
0.0483994
0.0493745
0.050352
0.0513484
0.0523664
0.0533815
0.0544307
0.0555276
0.0566141
0.0577221
0.0588553
0.060026
0.0611844
0.0624101
0.0636274
0.0648687
0.0661471
0.0674478
0.0687793
0.0701165
0.0714987
0.0728979
0.074336
0.0758076
0.0772711
0.0788017
0.0803395
0.081927
0.0835246
0.0851653
0.0868389
0.0885367
0.0902512
0.0918948
0.093534
0.0947833
0.0138278
0.0146874
0.0156841
0.0166117
0.0173762
0.0179599
0.0183877
0.0186782
0.0188508
0.0189158
0.0189145
0.0189001
0.0189265
0.0190357
0.0192204
0.0194587
0.0196999
0.0199518
0.020258
0.0206167
0.0210139
0.021394
0.0217542
0.0221401
0.0225663
0.0230017
0.0233735
0.0237106
0.0241124
0.0246185
0.025144
0.0255428
0.0259318
0.0264639
0.0269917
0.0274632
0.0279841
0.0285602
0.029161
0.0297174
0.0302188
0.0307902
0.0314829
0.0321601
0.0326959
0.0332675
0.0340302
0.0347823
0.0353543
0.0359655
0.0367968
0.0376316
0.0382548
0.0389
0.039806
0.0406779
0.0413707
0.0421497
0.0430666
0.0439194
0.0447465
0.045652
0.0465884
0.0474711
0.0484024
0.0493791
0.0503575
0.051353
0.0523725
0.0533859
0.0544325
0.0555329
0.0566207
0.0577265
0.0588595
0.0600298
0.061189
0.0624128
0.0636323
0.0648734
0.0661528
0.067453
0.0687849
0.0701218
0.0715034
0.0729038
0.0743415
0.0758125
0.0772753
0.0788083
0.0803458
0.0819331
0.0835328
0.0851744
0.0868497
0.088549
0.090266
0.0919126
0.0935526
0.0948026
0.0139167
0.0147658
0.0157577
0.0166798
0.0174328
0.0180094
0.0184186
0.0186894
0.0188501
0.0189176
0.018925
0.018923
0.0189539
0.0190563
0.0192316
0.0194706
0.0197356
0.0200068
0.0203174
0.0206675
0.0210518
0.0214367
0.0218066
0.0221923
0.0226012
0.0230269
0.0234195
0.0237742
0.0241646
0.0246296
0.0251465
0.0255971
0.025992
0.0264838
0.0270176
0.0275047
0.0280163
0.0285801
0.0291719
0.0297436
0.0302643
0.0308171
0.0314742
0.032164
0.032752
0.0333012
0.0340028
0.0347877
0.0354091
0.0359798
0.0367702
0.0376444
0.0382998
0.0389062
0.0397886
0.0406924
0.0413971
0.0421532
0.0430672
0.0439336
0.0447556
0.0456537
0.0465965
0.0474806
0.0484064
0.049384
0.0503633
0.0513579
0.0523794
0.0533905
0.054434
0.055538
0.0566273
0.0577308
0.0588637
0.0600338
0.0611937
0.0624192
0.0636382
0.0648795
0.0661591
0.0674588
0.0687908
0.0701274
0.0715085
0.0729105
0.0743475
0.0758177
0.07728
0.0788147
0.0803522
0.0819394
0.0835417
0.0851844
0.0868614
0.0885622
0.0902818
0.0919312
0.0935719
0.0948227
0.0140296
0.0148629
0.0158444
0.0167563
0.0175013
0.0180563
0.0184366
0.0186819
0.0188215
0.0188851
0.0188993
0.0189103
0.0189528
0.0190594
0.0192355
0.0194755
0.0197577
0.0200509
0.0203703
0.0207188
0.0210929
0.0214759
0.021849
0.0222351
0.0226363
0.0230518
0.0234568
0.0238273
0.0242143
0.0246535
0.0251483
0.0256283
0.0260508
0.0265165
0.0270404
0.0275425
0.0280504
0.0286051
0.0291858
0.0297637
0.0303056
0.03085
0.0314765
0.0321582
0.0327865
0.0333505
0.0339908
0.0347685
0.035458
0.0360179
0.0367419
0.0376401
0.0383486
0.0389221
0.0397639
0.0406962
0.0414243
0.0421578
0.0430629
0.043945
0.0447639
0.0456525
0.0466026
0.0474902
0.0484099
0.0493877
0.050368
0.0513617
0.0523864
0.0533953
0.0544356
0.055543
0.056634
0.0577354
0.0588677
0.0600379
0.0611984
0.0624222
0.0636423
0.0648848
0.0661643
0.067464
0.0687961
0.0701325
0.0715131
0.0729164
0.0743524
0.0758219
0.0772849
0.078821
0.080358
0.0819448
0.0835497
0.0851932
0.0868712
0.0885742
0.0902959
0.0919479
0.0935895
0.0948407
0.0141534
0.0149531
0.0159088
0.0168021
0.0175389
0.0180858
0.0184527
0.0186785
0.0187749
0.0188243
0.0188438
0.0188703
0.0189323
0.019054
0.0192419
0.019488
0.0197828
0.0200966
0.0204274
0.0207771
0.0211424
0.021518
0.0218889
0.0222728
0.0226703
0.0230785
0.0234895
0.0238739
0.0242621
0.0246859
0.0251583
0.0256478
0.0261026
0.0265607
0.0270656
0.0275768
0.0280842
0.0286305
0.0292026
0.0297791
0.0303426
0.0308887
0.0314906
0.0321589
0.0328054
0.0334015
0.0340085
0.034739
0.0354854
0.0360792
0.0367267
0.0376171
0.0383995
0.0389596
0.0397425
0.0406938
0.0414584
0.042172
0.0430601
0.0439582
0.0447765
0.0456524
0.0466091
0.0475024
0.048416
0.0493924
0.0503731
0.0513659
0.0523942
0.0534008
0.0544371
0.0555474
0.0566407
0.0577405
0.0588718
0.0600423
0.0612025
0.062428
0.0636482
0.0648923
0.0661706
0.0674699
0.0688021
0.0701383
0.0715192
0.0729241
0.0743586
0.075827
0.077291
0.078828
0.0803648
0.0819518
0.0835597
0.085204
0.0868826
0.0885874
0.0903114
0.0919657
0.0936078
0.0948596
0.0143621
0.015107
0.0159942
0.0168155
0.0174844
0.0179734
0.0182869
0.018468
0.0185896
0.0186589
0.0187024
0.0187578
0.0188536
0.0190065
0.0192224
0.0194852
0.0197918
0.0201225
0.020465
0.0208177
0.0211763
0.0215443
0.0219113
0.0222915
0.0226881
0.0230938
0.0235088
0.023905
0.024299
0.0247146
0.0251692
0.0256564
0.0261353
0.0266027
0.0270914
0.0276042
0.0281149
0.0286515
0.0292183
0.0297891
0.0303657
0.0309243
0.0315046
0.0321592
0.0328111
0.0334314
0.0340438
0.0347169
0.0354767
0.0361418
0.0367331
0.0375691
0.0384285
0.0390097
0.0397199
0.0406716
0.0414865
0.0421893
0.0430531
0.0439659
0.0447883
0.04565
0.0466115
0.0475134
0.0484222
0.0493956
0.0503761
0.0513685
0.0524013
0.0534071
0.0544392
0.055551
0.0566467
0.057746
0.0588754
0.0600472
0.0612054
0.0624317
0.063652
0.0648991
0.0661762
0.067475
0.0688074
0.0701431
0.0715242
0.0729299
0.0743629
0.0758306
0.0772966
0.078834
0.0803696
0.0819568
0.0835673
0.0852127
0.0868919
0.088599
0.090325
0.0919815
0.0936245
0.0948764
0.0146379
0.0153487
0.0161857
0.0169438
0.017539
0.0179625
0.0182165
0.0183334
0.0183842
0.0184449
0.0185289
0.0186372
0.018786
0.0189821
0.0192293
0.0195101
0.0198218
0.0201566
0.0205016
0.0208552
0.0212086
0.0215702
0.0219341
0.0223101
0.022706
0.0231114
0.0235291
0.0239362
0.0243391
0.0247529
0.0251942
0.0256732
0.0261617
0.0266427
0.0271263
0.0276325
0.0281478
0.0286761
0.0292382
0.0298082
0.0303865
0.0309646
0.031532
0.0321663
0.0328227
0.0334476
0.0340832
0.0347274
0.0354518
0.0361898
0.0367808
0.0375274
0.0384343
0.0390806
0.0397206
0.04064
0.0415114
0.042217
0.0430489
0.0439717
0.0448037
0.0456499
0.0466119
0.0475251
0.0484318
0.0494008
0.0503795
0.0513714
0.052408
0.0534142
0.0544423
0.0555537
0.0566523
0.0577528
0.0588799
0.0600535
0.0612293
0.0624381
0.063657
0.0649068
0.0661823
0.0674799
0.0688127
0.0701484
0.071531
0.0729375
0.0743682
0.0758352
0.0773033
0.078841
0.0803759
0.081964
0.0835772
0.085223
0.086902
0.088611
0.0903393
0.0919974
0.0936409
0.0948935
0.0148084
0.0153208
0.015951
0.0165336
0.0170115
0.0173854
0.0176662
0.0178819
0.0180536
0.0181787
0.0183326
0.0185317
0.0187625
0.0190088
0.0192774
0.0195638
0.0198665
0.0201899
0.0205241
0.0208723
0.0212211
0.0215778
0.0219405
0.0223139
0.0227105
0.0231175
0.0235371
0.0239543
0.0243672
0.0247843
0.0252196
0.02569
0.0261792
0.0266694
0.0271593
0.0276577
0.0281728
0.0286973
0.0292489
0.0298233
0.0303969
0.0309882
0.0315607
0.0321709
0.0328329
0.0334571
0.0341029
0.0347572
0.0354308
0.0361968
0.0368393
0.0375029
0.0384011
0.0391417
0.0397435
0.0405996
0.0415219
0.0422513
0.0430492
0.0439736
0.0448209
0.0456532
0.0466091
0.0475348
0.0484428
0.0494057
0.0503818
0.0513724
0.0524128
0.053422
0.0544469
0.055555
0.0566564
0.0577594
0.0588836
0.0600577
0.0612314
0.0624418
0.0636618
0.0649153
0.0661893
0.0674859
0.0688189
0.0701537
0.0715374
0.072944
0.0743724
0.0758394
0.07731
0.0788472
0.0803801
0.0819694
0.0835851
0.0852319
0.0869114
0.0886226
0.0903531
0.0920124
0.0936566
0.0949093
0.0165385
0.0164715
0.0163124
0.0162194
0.0162393
0.0163748
0.0166178
0.016933
0.0172881
0.0176928
0.0181
0.018462
0.0187737
0.0190552
0.0193307
0.0196149
0.0199045
0.0202108
0.0205302
0.0208701
0.0212193
0.0215755
0.0219411
0.0223141
0.0227117
0.0231205
0.02354
0.0239647
0.0243865
0.0248102
0.025245
0.0257087
0.0261952
0.0266885
0.027187
0.0276841
0.0281961
0.0287224
0.0292642
0.0298414
0.030415
0.0310059
0.0315923
0.0321822
0.0328361
0.0334672
0.0341077
0.0347852
0.0354337
0.0361816
0.0368894
0.0375141
0.0383546
0.0391806
0.0397904
0.0405643
0.0415115
0.042283
0.043052
0.0439663
0.0448335
0.0456584
0.0466021
0.0475398
0.0484544
0.0494121
0.0503857
0.0513731
0.0524149
0.0534333
0.0544539
0.0555546
0.0566598
0.0577678
0.0588884
0.0600621
0.061236
0.0624446
0.0636654
0.064922
0.0661933
0.0674887
0.0688227
0.0701579
0.0715431
0.0729501
0.0743757
0.0758428
0.0773161
0.078853
0.0803849
0.0819757
0.0835936
0.0852402
0.0869194
0.0886323
0.0903648
0.0920255
0.0936702
0.0949235
0.0163289
0.0160759
0.0157683
0.0155807
0.015557
0.0157166
0.0160529
0.0165218
0.0170432
0.0175462
0.0180031
0.0184085
0.0187655
0.019083
0.0193742
0.0196624
0.0199516
0.0202498
0.0205617
0.0208913
0.0212379
0.0215912
0.0219554
0.0223266
0.0227187
0.0231265
0.0235417
0.0239695
0.0243969
0.0248298
0.0252698
0.0257287
0.0262147
0.0267082
0.0272115
0.0277095
0.0282173
0.0287452
0.0292796
0.0298538
0.0304323
0.0310186
0.0316187
0.032204
0.0328388
0.0334836
0.0341166
0.0348052
0.0354613
0.0361663
0.0369145
0.037553
0.0383152
0.0391885
0.0398553
0.040556
0.0414912
0.0423168
0.0430722
0.0439633
0.0448496
0.0456734
0.0465984
0.0475432
0.0484664
0.0494201
0.0503912
0.0513724
0.0524131
0.0534435
0.0544644
0.0555521
0.0566603
0.0577754
0.0588919
0.0600652
0.0612415
0.0624479
0.0636717
0.0649337
0.0662021
0.0674951
0.0688306
0.0701656
0.071551
0.0729573
0.0743809
0.0758484
0.0773237
0.0788594
0.080389
0.0819816
0.0836016
0.085249
0.0869287
0.0886436
0.0903781
0.0920393
0.0936845
0.0949382
0.0171556
0.0168556
0.0164393
0.0160967
0.0158931
0.0158694
0.0160185
0.0163009
0.0166844
0.0171114
0.0175505
0.017991
0.0184213
0.0188265
0.0191981
0.0195483
0.0198903
0.0202254
0.0205605
0.0208991
0.0212494
0.021606
0.0219686
0.0223398
0.0227224
0.023125
0.0235346
0.0239583
0.0243887
0.0248293
0.0252813
0.0257395
0.0262274
0.0267212
0.0272222
0.0277238
0.0282303
0.0287624
0.0292954
0.029863
0.0304463
0.0310277
0.0316317
0.0322221
0.0328349
0.0334862
0.0341217
0.0348043
0.0354857
0.0361601
0.0369076
0.0375939
0.0382971
0.0391584
0.0399055
0.0405677
0.0414503
0.0423269
0.0430896
0.0439485
0.0448547
0.0456863
0.0465901
0.0475417
0.0484738
0.0494272
0.0504013
0.0513715
0.0524066
0.0534541
0.0544772
0.0555494
0.0566596
0.0577843
0.0588979
0.060069
0.0612456
0.062448
0.0636733
0.0649402
0.0662047
0.0674947
0.0688324
0.0701696
0.0715553
0.0729608
0.0743827
0.0758513
0.0773287
0.0788634
0.0803924
0.0819867
0.0836085
0.0852551
0.0869344
0.0886508
0.0903869
0.092049
0.0936948
0.094949
0.015149
0.0155183
0.0159663
0.0163506
0.0166638
0.0168881
0.0170257
0.0170989
0.0171966
0.017362
0.0176043
0.0179219
0.0183
0.0187052
0.0191114
0.0195022
0.0198777
0.0202408
0.0205911
0.0209369
0.0212856
0.0216417
0.0220015
0.0223696
0.0227436
0.0231344
0.023539
0.0239534
0.0243856
0.0248312
0.0252949
0.0257618
0.0262487
0.026744
0.0272358
0.0277402
0.028248
0.0287792
0.0293174
0.0298747
0.0304611
0.0310413
0.0316423
0.0322448
0.0328427
0.0334918
0.0341372
0.0348072
0.0355053
0.0361757
0.0368949
0.0376211
0.0383164
0.0391244
0.0399329
0.0406184
0.0414255
0.0423283
0.0431268
0.0439423
0.0448617
0.045711
0.0465849
0.0475413
0.0484818
0.04943
0.0504149
0.0513729
0.0523942
0.0534642
0.0544941
0.0555454
0.0566563
0.0577908
0.0589029
0.0600735
0.0612519
0.0624513
0.0636802
0.0649538
0.0662157
0.0675018
0.0688405
0.0701789
0.0715646
0.0729678
0.0743877
0.0758571
0.077336
0.0788691
0.0803956
0.0819921
0.0836154
0.0852628
0.0869426
0.0886604
0.0903984
0.0920607
0.0937067
0.0949616
0.017215
0.01691
0.0164514
0.0160333
0.0157324
0.0155802
0.0156176
0.0158686
0.0162557
0.0167116
0.0171987
0.0176921
0.0181744
0.0186396
0.019076
0.0194834
0.0198642
0.020228
0.0205796
0.0209272
0.0212762
0.0216314
0.0219944
0.0223623
0.0227376
0.0231231
0.0235266
0.0239389
0.0243711
0.0248229
0.0252908
0.0257717
0.0262578
0.0267518
0.0272386
0.0277408
0.0282569
0.0287836
0.0293303
0.0298836
0.0304669
0.0310521
0.0316436
0.0322553
0.0328484
0.0334887
0.0341452
0.034808
0.03551
0.0361911
0.0368892
0.0376225
0.038341
0.0391063
0.0399188
0.0406592
0.0414177
0.0423025
0.0431529
0.0439386
0.0448506
0.0457329
0.0465812
0.0475353
0.0484909
0.0494279
0.0504255
0.0513826
0.0523797
0.0534662
0.054513
0.0555446
0.0566516
0.0577981
0.0589064
0.0600761
0.0612563
0.06245
0.0636789
0.0649583
0.0662182
0.0675008
0.0688406
0.070181
0.071568
0.0729705
0.0743886
0.0758585
0.0773398
0.0788724
0.0803977
0.081995
0.0836198
0.0852667
0.0869459
0.0886645
0.0904039
0.0920668
0.0937133
0.0949684
0.0166009
0.0161789
0.0156526
0.0152166
0.0149763
0.0149705
0.0151851
0.0155598
0.0160431
0.0165906
0.0171535
0.0176974
0.0182062
0.0186821
0.0191208
0.0195229
0.0198928
0.0202443
0.0205885
0.0209319
0.0212789
0.0216313
0.0219937
0.0223603
0.0227353
0.0231202
0.0235209
0.0239344
0.0243655
0.0248205
0.0252897
0.0257761
0.0262658
0.0267561
0.0272435
0.0277417
0.0282618
0.0287873
0.0293339
0.0298906
0.0304684
0.0310585
0.031647
0.0322589
0.0328558
0.0334884
0.0341479
0.0348099
0.0355069
0.0361941
0.0368884
0.0376168
0.0383507
0.0391127
0.0399094
0.0406761
0.0414359
0.0422925
0.0431643
0.0439519
0.0448454
0.0457447
0.046588
0.0475304
0.0484973
0.0494287
0.0504281
0.0513951
0.052376
0.053461
0.0545254
0.0555514
0.0566472
0.0578007
0.0589114
0.0600789
0.0612635
0.0624578
0.0636855
0.0649696
0.0662308
0.0675106
0.0688499
0.0701898
0.0715766
0.0729781
0.074395
0.0758636
0.0773448
0.0788777
0.0804011
0.0819991
0.0836244
0.0852729
0.0869526
0.0886718
0.090412
0.0920752
0.0937225
0.0949792
)
;

boundaryField
{
    zeroGradientPlanes
    {
        type            zeroGradient;
    }
    inlet
    {
        type            zeroGradient;
    }
    plate
    {
        type            zeroGradient;
    }
    frontAndBack
    {
        type            empty;
    }
}


// ************************************************************************* //
