/*--------------------------------*- C++ -*----------------------------------*\
| =========                 |                                                 |
| \\      /  F ield         | OpenFOAM: The Open Source CFD Toolbox           |
|  \\    /   O peration     | Version:  v1812                                 |
|   \\  /    A nd           | Web:      www.OpenFOAM.com                      |
|    \\/     M anipulation  |                                                 |
\*---------------------------------------------------------------------------*/
FoamFile
{
    version     2.0;
    format      ascii;
    class       volScalarField;
    location    "5.5";
    object      p;
}
// * * * * * * * * * * * * * * * * * * * * * * * * * * * * * * * * * * * * * //

dimensions      [0 2 -2 0 0 0 0];


internalField   nonuniform List<scalar> 
9600
(
-1.54193e-10
0.00278176
0.00488204
0.000923607
-0.00473205
0.000359479
0.00165534
0.00359514
0.00626397
0.0064315
0.00704508
0.00825833
0.00693624
0.00818204
0.00732921
0.00876622
0.0089745
0.0111936
0.0135468
0.0187103
1.38881e-06
0.00278815
0.00482053
0.000922596
-0.00472035
0.000367898
0.00164103
0.00359469
0.00625585
0.00644439
0.00705181
0.00825245
0.00694927
0.00817029
0.00734366
0.00875263
0.00899191
0.0111579
0.0136079
0.0181903
5.57288e-06
0.00279793
0.00478214
0.000926093
-0.00471059
0.000373254
0.00162265
0.0035988
0.00624446
0.0064835
0.00706154
0.00824591
0.00697602
0.00815409
0.00737086
0.00872757
0.00901755
0.0111047
0.0136236
0.0176499
1.49914e-05
0.00281102
0.00473261
0.000933008
-0.00468159
0.000380478
0.00161051
0.00361038
0.00623369
0.006539
0.00707415
0.00823847
0.00701489
0.00813785
0.00740908
0.0086976
0.00904951
0.0110426
0.0136068
0.0171432
3.18969e-05
0.00282393
0.00467047
0.000945155
-0.0046256
0.000394371
0.00160884
0.00362429
0.00622366
0.00660592
0.00709225
0.00822962
0.00706128
0.00812312
0.00745453
0.00866685
0.00908555
0.0109723
0.013567
0.016676
5.67287e-05
0.00283298
0.00459877
0.000962515
-0.00453717
0.000419423
0.00161813
0.00363851
0.00621697
0.00668081
0.00711648
0.00821829
0.00711271
0.00810936
0.00750505
0.00863659
0.00912357
0.010897
0.0135061
0.0162399
8.82675e-05
0.00283725
0.00452269
0.000985255
-0.00441823
0.000455766
0.00163606
0.00365376
0.006215
0.00676035
0.00714571
0.00820373
0.00716709
0.00809559
0.00755925
0.00860647
0.00916104
0.0108194
0.0134224
0.0158286
0.000124617
0.00283761
0.00444681
0.00101401
-0.00427477
0.000499426
0.00165827
0.00366946
0.00621731
0.00684043
0.00717678
0.00818519
0.00722294
0.0080814
0.00761592
0.00857619
0.00919572
0.0107419
0.0133139
0.0154386
0.000164027
0.00283547
0.00437383
0.00105002
-0.00411351
0.000544408
0.00167962
0.00368325
0.0062222
0.00691657
0.00720583
0.00816211
0.0072791
0.00806671
0.0076739
0.00854632
0.00922575
0.0106659
0.0131798
0.0150683
0.000205336
0.00283214
0.00430453
0.00109442
-0.00393905
0.000585646
0.00169684
0.00369296
0.00622759
0.00698452
0.00722905
0.0081341
0.00733476
0.00805175
0.00773226
0.00851805
0.00924971
0.0105926
0.0130089
0.0147173
0.000248008
0.00282863
0.00423848
0.00114748
-0.00375405
0.000621101
0.00170974
0.0036982
0.00623184
0.00704014
0.00724333
0.00810102
0.00738921
0.00803702
0.00778988
0.00849263
0.0092665
0.0105245
0.0128403
0.0143844
0.000291912
0.00282556
0.00417453
0.00120849
-0.00356061
0.000651412
0.00172007
0.00370025
0.00623419
0.00708248
0.0072469
0.0080631
0.0074419
0.00802304
0.00784544
0.0084708
0.00927524
0.0104628
0.0126609
0.0140672
0.000337084
0.00282314
0.00411149
0.00127619
-0.00336076
0.000678666
0.00173342
0.00370122
0.00623483
0.00711107
0.00723963
0.00802095
0.00749241
0.00801026
0.00789767
0.00845264
0.00927525
0.0104068
0.0124749
0.0137634
0.00038357
0.00282124
0.00404864
0.00134917
-0.00315629
0.000705282
0.00175215
0.00370299
0.00623492
0.00712726
0.00722273
0.00797554
0.00754042
0.00799916
0.00794554
0.00843764
0.00926601
0.0103538
0.0122854
0.0134704
0.000431358
0.00281973
0.00398586
0.00142596
-0.00294844
0.000733012
0.00177719
0.00370658
0.00623578
0.00713294
0.00719815
0.00792807
0.00758572
0.00799024
0.0079883
0.0084247
0.00924766
0.0103008
0.0120941
0.0131848
0.000480407
0.00281855
0.00392342
0.00150524
-0.00273784
0.000762636
0.0018082
0.00371175
0.00623835
0.00713038
0.00716785
0.00787972
0.00762809
0.00798373
0.00802558
0.00841265
0.00922071
0.0102453
0.0119017
0.0129037
0.000530685
0.00281771
0.00386176
0.00158583
-0.0025247
0.000794364
0.00184398
0.00371762
0.00624316
0.00712185
0.0071334
0.00783158
0.00766735
0.00797948
0.00805734
0.00840051
0.00918549
0.0101857
0.0117094
0.012625
0.000582194
0.00281724
0.00380134
0.00166685
-0.00230909
0.000828233
0.00188333
0.00372339
0.00625037
0.00710924
0.00709571
0.00778457
0.00770345
0.00797699
0.00808362
0.00838761
0.00914235
0.0101205
0.0115186
0.0123488
0.000634961
0.00281708
0.00374255
0.0017477
-0.00209108
0.000864311
0.00192553
0.00372866
0.00625986
0.00709398
0.00705515
0.00773925
0.0077365
0.00797547
0.00810462
0.00837343
0.0090915
0.0100491
0.0113306
0.0120746
0.000689024
0.00281718
0.00368589
0.00182794
-0.00187084
0.000902749
0.00197014
0.00373329
0.00627132
0.00707738
0.00701182
0.00769569
0.00776685
0.00797429
0.00812033
0.00835739
0.00903314
0.00997176
0.0111469
0.0118003
0.000744447
0.00281746
0.00363182
0.00190731
-0.00164863
0.000943711
0.00201684
0.00373739
0.00628424
0.00706077
0.00696575
0.00765362
0.007795
0.00797296
0.00813028
0.00833899
0.00896791
0.00988793
0.0109681
0.0115282
0.000801314
0.00281785
0.00358077
0.00198564
-0.00142478
0.000987326
0.00206543
0.00374114
0.00629801
0.00704501
0.00691709
0.0076126
0.00782143
0.00797078
0.00813402
0.00831812
0.00889634
0.00979689
0.0107944
0.0112633
0.000859734
0.00281825
0.00353314
0.00206285
-0.00119968
0.00103369
0.0021157
0.00374479
0.0063119
0.00703083
0.00686612
0.00757221
0.00784664
0.00796718
0.0081309
0.00829465
0.00881893
0.00969836
0.0106264
0.0110104
0.000919849
0.00281859
0.00348922
0.00213891
-0.000973718
0.00108298
0.00216745
0.00374867
0.00632518
0.00701877
0.00681311
0.00753181
0.00787115
0.00796214
0.00812008
0.00826784
0.00873646
0.00959234
0.0104648
0.0107725
0.000981802
0.00281876
0.00344929
0.00221376
-0.000747404
0.00113549
0.00222054
0.00375315
0.00633722
0.00700926
0.00675837
0.00749051
0.00789527
0.00795571
0.00810106
0.0082373
0.00864956
0.00947772
0.0103093
0.0105433
0.00104576
0.00281864
0.00341361
0.00228748
-0.000521472
0.00119149
0.00227492
0.00375869
0.00634732
0.00700263
0.00670258
0.00744728
0.00791917
0.00794813
0.00807305
0.00820302
0.00855988
0.0093527
0.0101568
0.0103029
0.00111189
0.00281814
0.00338231
0.00236029
-0.000296581
0.0012512
0.0023305
0.00376577
0.00635483
0.00699896
0.00664666
0.00740109
0.00794273
0.00794051
0.00803511
0.00816383
0.00847035
0.00921798
0.0100029
0.0100806
0.00118036
0.00281727
0.00335537
0.00243241
-7.31938e-05
0.00131487
0.00238717
0.00377466
0.00635927
0.00699834
0.00659145
0.00735099
0.00796521
0.0079341
0.00798731
0.00811748
0.00838293
0.00907747
0.00984407
0.00989591
0.00125131
0.00281603
0.00333277
0.00250407
0.000148193
0.00138276
0.00244483
0.00378565
0.00636022
0.00700082
0.006538
0.00729628
0.00798532
0.00792953
0.00793118
0.00806234
0.00829721
0.00893489
0.00967884
0.00975772
0.00132487
0.00281452
0.00331445
0.00257562
0.000367055
0.00145501
0.00250358
0.00379924
0.00635711
0.0070061
0.00648749
0.00723649
0.00800175
0.00792712
0.00786834
0.00799832
0.00821189
0.00879187
0.00950666
0.00962568
0.00140118
0.00281298
0.00330012
0.00264733
0.000583125
0.00153161
0.00256348
0.00381592
0.00634946
0.00701358
0.00644098
0.00717132
0.00801337
0.0079271
0.00779956
0.00792579
0.0081269
0.00864956
0.0093274
0.00948458
0.00148037
0.00281178
0.0032894
0.00271933
0.00079634
0.00161258
0.00262437
0.00383613
0.00633708
0.00702227
0.00639928
0.00710096
0.00801879
0.00792935
0.00772571
0.00784433
0.00804329
0.0085105
0.00914096
0.00931262
0.00156254
0.00281123
0.00328198
0.00279189
0.0010067
0.00169778
0.00268586
0.00386036
0.00632037
0.00703089
0.0063629
0.00702614
0.00801651
0.00793348
0.00764827
0.00775301
0.00796126
0.0083778
0.0089496
0.00911361
0.0016477
0.00281172
0.00327754
0.00286521
0.00121428
0.00178706
0.00274764
0.0038889
0.00630015
0.00703829
0.00633192
0.00694732
0.00800512
0.00793919
0.00756916
0.00765113
0.0078792
0.00825389
0.00875839
0.00890734
0.00173584
0.00281379
0.00327579
0.0029392
0.00141915
0.00188058
0.00280948
0.00392171
0.00627729
0.00704391
0.00630609
0.0068647
0.0079836
0.00794613
0.00749009
0.00753885
0.00779535
0.00814009
0.00857204
0.0086965
0.00182699
0.00281783
0.00327654
0.00301398
0.0016212
0.00197842
0.002871
0.00395843
0.00625275
0.00704763
0.00628522
0.00677832
0.00795097
0.00795367
0.00741294
0.00741703
0.00770826
0.00803695
0.00839535
0.00848238
0.00192118
0.0028241
0.00327987
0.00308972
0.00182023
0.00208089
0.002932
0.00399822
0.00622707
0.0070494
0.00626943
0.00668812
0.00790571
0.00796093
0.00734031
0.00728665
0.00761568
0.00794388
0.00823268
0.00827011
0.00201841
0.00283288
0.00328593
0.00316648
0.00201593
0.0021889
0.00299257
0.00403941
0.00620031
0.00704949
0.00625929
0.00659423
0.00784581
0.00796682
0.00727498
0.00714935
0.00751472
0.00785914
0.00808699
0.00806695
0.0021188
0.00284448
0.00329465
0.00324444
0.00220769
0.00230286
0.00305327
0.00408081
0.0061725
0.00704816
0.00625565
0.00649745
0.0077688
0.00796899
0.00722004
0.00700773
0.00740232
0.00778074
0.00796021
0.00787936
0.00222241
0.002859
0.00330631
0.00332432
0.00239439
0.00242236
0.00311579
0.00412182
0.00614316
0.00704494
0.00625938
0.00640004
0.00767264
0.0079635
0.0071784
0.00686536
0.00727517
0.00770572
0.00785357
0.00771231
0.00232917
0.00287675
0.00332146
0.00340688
0.00257504
0.00254659
0.00318239
0.00416214
0.00611093
0.00703852
0.00627127
0.0063055
0.00755689
0.00794546
0.00715113
0.0067282
0.00713092
0.00762787
0.00776773
0.00757097
0.00243897
0.00289838
0.003339
0.00349274
0.00275
0.00267391
0.00325471
0.00420236
0.00607407
0.00702733
0.00629153
0.00621739
0.00742254
0.00790949
0.0071372
0.00660417
0.00696982
0.00753742
0.00770005
0.00746081
0.00255186
0.00292449
0.00335782
0.0035828
0.00292107
0.00280134
0.00333259
0.00424441
0.00603228
0.0070093
0.00631925
0.0061393
0.00727203
0.00785076
0.00713335
0.00650073
0.00679652
0.00742535
0.00764295
0.00738253
0.0026676
0.00295627
0.00337589
0.00367681
0.00309081
0.00292642
0.00341483
0.00429105
0.00598684
0.00698102
0.00635193
0.00607516
0.00710987
0.00776635
0.0071343
0.00642333
0.00661935
0.00728596
0.00758605
0.00733248
0.00278557
0.00299562
0.00339223
0.00377315
0.00326269
0.00304831
0.00349933
0.00434421
0.00593925
0.00693936
0.0063857
0.00602749
0.0069424
0.00765683
0.00713356
0.00637301
0.00644901
0.00711851
0.00751817
0.00730564
0.00290519
0.00304388
0.0034071
0.00386958
0.00344025
0.00316775
0.0035816
0.00440375
0.00589303
0.0068841
0.00641562
0.00599643
0.00677711
0.00752598
0.00712459
0.00634605
0.00629642
0.00692796
0.00742677
0.0072949
0.00302575
0.00310204
0.00342123
0.00396301
0.00362515
0.00328704
0.0036563
0.00446738
0.00585373
0.0068181
0.00643634
0.00597982
0.00662172
0.00737932
0.00710266
0.00633703
0.00616917
0.00672448
0.00730199
0.00728746
0.00314653
0.00317083
0.00343701
0.00404917
0.00381634
0.0034113
0.00371995
0.00453099
0.00582638
0.0067461
0.00644442
0.00597319
0.00648121
0.00722247
0.00706505
0.00633975
0.00607109
0.00652247
0.00714173
0.00726625
0.00326689
0.00325065
0.0034575
0.00412341
0.00401045
0.00354746
0.00377305
0.00458658
0.00581143
0.00667672
0.00644107
0.00597216
0.0063572
0.00706097
0.00701078
0.00634759
0.00600189
0.00633561
0.00695141
0.0072144
0.00338626
0.00334157
0.00348594
0.00418292
0.00420278
0.00370126
0.00381834
0.00462501
0.00580578
0.00661987
0.00643136
0.00597321
0.00624853
0.00689889
0.00694073
0.0063548
0.00595722
0.00617448
0.00674509
0.00712091
0.00350407
0.00344329
0.00352531
0.00422718
0.00438716
0.00387534
0.0038617
0.00464048
0.00580312
0.0065804
0.00642348
0.00597549
0.00615235
0.00673799
0.00685597
0.00635811
0.00593216
0.00604464
0.00654131
0.00698685
0.00362005
0.00355522
0.00357825
0.00425761
0.00455557
0.00406751
0.00391543
0.00463425
0.00579033
0.0065559
0.00642625
0.00598134
0.00606739
0.00658021
0.00675779
0.00635542
0.00592202
0.00594466
0.00635619
0.00682455
0.00373425
0.00367614
0.00364708
0.00427728
0.00470006
0.00427153
0.00399273
0.00461167
0.00575473
0.00653984
0.00644493
0.00599761
0.00599557
0.0064272
0.00664624
0.00634351
0.00592382
0.00587198
0.00619867
0.0066523
0.00384718
0.00380375
0.00373345
0.00429065
0.0048154
0.00447938
0.00410049
0.0045837
0.00569111
0.00651889
0.00647887
0.00603247
0.00594209
0.00628208
0.00652131
0.00631751
0.00593404
0.00582392
0.00607114
0.00648864
0.00395983
0.00393526
0.00383767
0.00430324
0.00489861
0.00467921
0.0042395
0.00456993
0.00560314
0.00647652
0.00652299
0.00608983
0.0059129
0.00615073
0.00638631
0.00627252
0.00594652
0.00579854
0.00597358
0.00634548
0.0040732
0.00406804
0.00395864
0.00432134
0.00494954
0.00485811
0.0044046
0.00458803
0.00550087
0.00640081
0.00656314
0.00616936
0.00591417
0.00604112
0.00624779
0.00620589
0.00595256
0.00579235
0.00590537
0.00622831
0.0041885
0.0041999
0.00409374
0.00435095
0.00497028
0.00500754
0.00458849
0.00464485
0.00540498
0.00629334
0.00657917
0.00626487
0.00595091
0.00596152
0.00611451
0.00612027
0.00594319
0.00579724
0.00586467
0.00614041
0.00430661
0.00432947
0.00423813
0.00439749
0.0049668
0.00512251
0.00477924
0.00473804
0.00533575
0.00616389
0.00655583
0.00635852
0.00602148
0.0059206
0.00599709
0.00602286
0.00591391
0.00580221
0.00584606
0.00608249
0.00442712
0.00445322
0.00438748
0.00446628
0.0049534
0.00520096
0.00496224
0.00486235
0.00530374
0.00603221
0.00649353
0.0064281
0.00611587
0.00592482
0.00590787
0.00592272
0.00586602
0.00579781
0.00584049
0.00605149
0.00454972
0.00457207
0.00453317
0.00455625
0.00494609
0.00524673
0.00512423
0.00500743
0.0053105
0.00591857
0.00640102
0.00645914
0.00621438
0.00597059
0.00585967
0.00583213
0.00580488
0.00577949
0.00583698
0.00603979
0.00467411
0.0046868
0.00467065
0.00466336
0.00495471
0.00526656
0.00525699
0.00515995
0.00535279
0.00583641
0.00629566
0.00645109
0.00629709
0.00604506
0.00585806
0.00576666
0.00573962
0.00574907
0.00582824
0.00603714
0.00479916
0.00479861
0.004798
0.00478161
0.00498392
0.00527227
0.00535771
0.00530808
0.00542531
0.00579201
0.00619751
0.00641123
0.00635179
0.0061293
0.00589625
0.00573942
0.00568334
0.00571138
0.00581254
0.00603497
0.00492374
0.00490799
0.00491566
0.00490353
0.00503445
0.00527709
0.0054287
0.00544179
0.00551812
0.00578333
0.00612117
0.00635412
0.0063756
0.00620803
0.00596251
0.00575353
0.00565048
0.00567379
0.00579188
0.00602888
0.00504651
0.00501682
0.00502504
0.00502195
0.00510233
0.00529051
0.00547542
0.00555384
0.00562196
0.00580714
0.00607324
0.00629828
0.00637498
0.00627036
0.00604228
0.0058031
0.00565143
0.00564753
0.00577155
0.00602027
0.00516587
0.0051241
0.00512805
0.00513335
0.0051828
0.0053176
0.0055075
0.00564119
0.00572685
0.00585924
0.00605581
0.00625604
0.00636248
0.00631299
0.00612203
0.00587869
0.00568879
0.00564453
0.00575864
0.00601357
0.00528067
0.00523001
0.00522515
0.00523542
0.00526997
0.00536006
0.00553555
0.00570748
0.00582317
0.00593057
0.00606879
0.00623464
0.00635273
0.00634454
0.00619336
0.00596723
0.00575863
0.00567282
0.00576089
0.0060137
0.00538979
0.00533279
0.00531956
0.00532832
0.0053563
0.00541459
0.00556639
0.00575834
0.00590771
0.00601181
0.0061093
0.00623947
0.00635499
0.0063764
0.00626096
0.00605981
0.00585179
0.00573313
0.00578539
0.00602551
0.00549236
0.00543175
0.00541013
0.00541379
0.005438
0.00547768
0.00560308
0.00579816
0.00597945
0.00609745
0.00617191
0.00627066
0.00637385
0.00641581
0.00633464
0.00616033
0.00596502
0.00582762
0.00584076
0.00605456
0.00558722
0.00552488
0.00549655
0.00549203
0.00551303
0.00554535
0.00564928
0.00583355
0.006037
0.00618157
0.00625348
0.00633137
0.00641744
0.00646614
0.00641565
0.00627028
0.0060938
0.00595397
0.00593544
0.00611546
0.005673
0.00560901
0.00557856
0.00556403
0.00557862
0.00560949
0.0057016
0.00587479
0.00608607
0.00625549
0.00634478
0.0064214
0.00650025
0.0065465
0.0065141
0.006396
0.00623681
0.00610112
0.00606153
0.00620694
0.00575076
0.00568785
0.00565295
0.00562937
0.00563672
0.00566544
0.00575044
0.00591822
0.00613603
0.00632174
0.00643145
0.00652379
0.00661491
0.0066751
0.00666169
0.00657009
0.00642726
0.00629387
0.0062379
0.00634693
0.005816
0.00575473
0.00572061
0.00568907
0.00568694
0.00571556
0.00579614
0.00595547
0.00618116
0.00638947
0.0065207
0.00662938
0.00673884
0.00682849
0.00685128
0.00679947
0.00668559
0.00655967
0.0064953
0.0065774
0.00586753
0.00580723
0.0057797
0.00574218
0.00572702
0.00575474
0.00584126
0.00599335
0.00621348
0.00644768
0.00662111
0.00676009
0.00688761
0.00700212
0.00706594
0.00705591
0.00697481
0.00686008
0.00678362
0.00682617
0.00591035
0.00584748
0.00582132
0.00578137
0.0057581
0.00578072
0.00586945
0.00602213
0.00623501
0.00648575
0.00672954
0.00696978
0.007196
0.00738965
0.007514
0.00755371
0.00752756
0.00743514
0.00730383
0.00721854
0.00594205
0.00587476
0.00583507
0.00579671
0.00577175
0.00579327
0.0058823
0.0060262
0.00619694
0.0063634
0.00653131
0.00680229
0.00720608
0.00761405
0.00791532
0.00811556
0.00829664
0.00850817
0.00873863
0.00895054
0.00594635
0.0058954
0.00587576
0.00585023
0.00582218
0.00583109
0.00589583
0.00602811
0.00627203
0.00663032
0.00700823
0.00737687
0.00767902
0.00792244
0.00814778
0.008383
0.00861976
0.00883174
0.00898233
0.00903693
0.00591835
0.00583466
0.00581785
0.00578215
0.00578237
0.00586457
0.0060689
0.00634452
0.00661044
0.00688279
0.00713945
0.00736377
0.00756027
0.00776781
0.00804311
0.00834556
0.00865459
0.00900852
0.00937582
0.00963865
0.00588629
0.0058652
0.00590661
0.00596889
0.00602274
0.00611327
0.00627687
0.00649725
0.00671937
0.00696363
0.00721168
0.00747729
0.00778873
0.00806621
0.00827174
0.00839654
0.00838014
0.00821614
0.00795801
0.00772292
0.00575135
0.00569406
0.00584618
0.00602042
0.00614839
0.00622856
0.00634524
0.00653179
0.00673137
0.00696019
0.00723045
0.00749583
0.00777659
0.00807067
0.00835234
0.008646
0.00895476
0.00929017
0.00959632
0.00978249
0.00571258
0.00569868
0.0058896
0.0061219
0.00628464
0.00638687
0.00650632
0.00669129
0.00688427
0.00709198
0.00735017
0.00761623
0.00790009
0.00823848
0.00858151
0.00891145
0.00921495
0.00945159
0.00957871
0.00953703
0.0220451
0.0165745
0.0084733
0.00204781
0.000278738
0.00157757
0.00334471
0.00464765
0.00544531
0.00591322
0.00621497
0.00645614
0.00672707
0.00704087
0.00732103
0.00755583
0.00780013
0.0080503
0.00827784
0.00847013
0.00865136
0.00889555
0.00921805
0.00952489
0.00974632
0.00994032
0.0102212
0.0105721
0.0108608
0.0110747
0.0113374
0.0116757
0.0120036
0.0122932
0.0125805
0.0128765
0.0131621
0.0134628
0.0138058
0.0141732
0.0145544
0.0149657
0.0153852
0.0157755
0.0161138
0.0164354
0.0167752
0.0171271
0.0174715
0.0178376
0.0182581
0.0186986
0.0191059
0.019496
0.0199482
0.0204317
0.0208845
0.0213226
0.0217854
0.0222097
0.0226111
0.0230331
0.0235139
0.0240336
0.0245754
0.0251341
0.025718
0.0262734
0.0267766
0.0272595
0.0277877
0.0283926
0.0290078
0.0296257
0.0302201
0.0308379
0.031431
0.0320666
0.0327328
0.0333937
0.0340632
0.0347605
0.0354925
0.0362131
0.036954
0.0377164
0.0384904
0.0393257
0.0401375
0.0409712
0.0417884
0.0426353
0.0435123
0.0443951
0.0452588
0.0460957
0.0469392
0.0476673
0.0483865
0.0490545
0.0212066
0.0163841
0.00854599
0.00219914
0.000376162
0.00162436
0.00337285
0.00466685
0.00545948
0.0059245
0.00622428
0.00646383
0.00673359
0.0070467
0.00732628
0.00756044
0.00780423
0.00805404
0.00828128
0.00847325
0.00865407
0.00889789
0.00922025
0.00952704
0.0097483
0.00994198
0.0102226
0.0105735
0.0108621
0.0110758
0.0113383
0.0116766
0.0120045
0.012294
0.0125813
0.0128773
0.0131628
0.0134634
0.0138064
0.0141738
0.014555
0.0149662
0.0153858
0.0157761
0.0161144
0.0164359
0.0167758
0.0171276
0.017472
0.0178381
0.0182585
0.0186991
0.0191064
0.0194964
0.0199486
0.020432
0.0208848
0.0213229
0.0217857
0.02221
0.0226115
0.0230334
0.0235141
0.0240338
0.0245756
0.0251344
0.0257182
0.0262737
0.0267769
0.0272597
0.0277879
0.0283928
0.029008
0.0296258
0.0302202
0.0308381
0.0314311
0.0320668
0.032733
0.0333939
0.0340634
0.0347606
0.0354926
0.0362133
0.0369541
0.0377165
0.0384905
0.0393258
0.0401376
0.0409713
0.0417885
0.0426354
0.0435124
0.0443952
0.0452589
0.0460958
0.0469392
0.0476673
0.0483864
0.0490545
0.0204156
0.0161871
0.00870956
0.00248992
0.000548292
0.0016884
0.00340319
0.00468885
0.00547651
0.00593797
0.00623539
0.00647293
0.00674088
0.00705274
0.00733155
0.00756508
0.00780833
0.00805765
0.0082845
0.00847619
0.00865666
0.00890015
0.00922235
0.00952906
0.00975015
0.00994355
0.0102239
0.0105748
0.0108634
0.0110768
0.0113392
0.0116775
0.0120053
0.0122948
0.012582
0.0128779
0.0131634
0.0134639
0.0138069
0.0141743
0.0145555
0.0149667
0.0153863
0.0157767
0.016115
0.0164364
0.0167762
0.0171281
0.0174725
0.0178385
0.0182589
0.0186995
0.0191068
0.0194968
0.0199489
0.0204324
0.0208852
0.0213233
0.0217861
0.0222104
0.0226117
0.0230337
0.0235144
0.0240341
0.0245759
0.0251346
0.0257185
0.0262739
0.0267771
0.0272598
0.027788
0.028393
0.0290082
0.029626
0.0302204
0.0308382
0.0314312
0.0320669
0.0327331
0.033394
0.0340635
0.0347607
0.0354927
0.0362134
0.0369542
0.0377166
0.0384906
0.0393259
0.0401377
0.0409714
0.0417886
0.0426355
0.0435125
0.0443953
0.045259
0.0460959
0.0469393
0.0476674
0.0483864
0.0490545
0.0196674
0.0159852
0.00892433
0.00286047
0.000785253
0.00178001
0.00344801
0.004722
0.00550146
0.00595683
0.00625093
0.00648598
0.00675109
0.00706045
0.00733799
0.00757107
0.00781378
0.0080622
0.00828836
0.00847984
0.00866014
0.00890316
0.00922484
0.00953133
0.00975242
0.00994572
0.0102259
0.0105766
0.0108649
0.0110781
0.0113403
0.0116786
0.0120063
0.0122956
0.0125828
0.0128787
0.0131641
0.0134645
0.0138075
0.0141749
0.014556
0.0149672
0.0153868
0.0157773
0.0161155
0.0164369
0.0167767
0.0171285
0.0174729
0.0178389
0.0182593
0.0186999
0.0191072
0.0194971
0.0199492
0.0204327
0.0208855
0.0213236
0.0217864
0.0222107
0.022612
0.0230339
0.0235146
0.0240343
0.0245761
0.0251348
0.0257187
0.0262742
0.0267773
0.02726
0.0277882
0.0283931
0.0290084
0.0296262
0.0302205
0.0308384
0.0314314
0.032067
0.0327333
0.0333941
0.0340636
0.0347608
0.0354928
0.0362135
0.0369543
0.0377167
0.0384907
0.039326
0.0401379
0.0409715
0.0417887
0.0426356
0.0435126
0.0443954
0.0452591
0.046096
0.0469394
0.0476675
0.0483865
0.0490545
0.0189304
0.0157547
0.00914449
0.00325451
0.00104982
0.00188618
0.00350071
0.00476323
0.005534
0.00598188
0.00627205
0.00650448
0.00676579
0.00707103
0.00734636
0.00757906
0.00782126
0.00806828
0.00829332
0.00848482
0.00866539
0.00890772
0.00922808
0.00953394
0.00975543
0.00994913
0.0102289
0.0105789
0.0108669
0.01108
0.0113421
0.0116802
0.0120076
0.0122968
0.0125839
0.0128796
0.0131648
0.013465
0.013808
0.0141754
0.0145565
0.0149677
0.0153874
0.0157779
0.0161161
0.0164374
0.0167771
0.017129
0.0174733
0.0178393
0.0182598
0.0187004
0.0191077
0.0194975
0.0199496
0.0204331
0.0208859
0.0213239
0.0217868
0.022211
0.0226123
0.0230342
0.0235148
0.0240345
0.0245764
0.025135
0.025719
0.0262745
0.0267776
0.0272602
0.0277883
0.0283933
0.0290085
0.0296264
0.0302207
0.0308385
0.0314315
0.0320671
0.0327334
0.0333943
0.0340637
0.034761
0.035493
0.0362136
0.0369544
0.0377168
0.0384908
0.0393261
0.040138
0.0409716
0.0417888
0.0426356
0.0435127
0.0443955
0.0452592
0.0460961
0.0469395
0.0476676
0.0483867
0.0490546
0.0181995
0.0154846
0.00935208
0.00365552
0.00133097
0.00200088
0.00355537
0.00480731
0.00557084
0.00601124
0.00629749
0.0065275
0.00678451
0.00708441
0.00735676
0.00758911
0.00783082
0.00807598
0.00829947
0.00849131
0.00867285
0.00891438
0.00923236
0.00953692
0.0097593
0.00995413
0.0102334
0.0105821
0.0108695
0.0110828
0.011345
0.0116825
0.0120096
0.0122986
0.0125855
0.012881
0.0131658
0.0134657
0.0138086
0.0141761
0.0145572
0.0149683
0.015388
0.0157785
0.0161168
0.0164379
0.0167776
0.0171294
0.0174738
0.0178398
0.0182602
0.0187009
0.0191082
0.019498
0.01995
0.0204336
0.0208864
0.0213244
0.0217872
0.0222114
0.0226126
0.0230345
0.0235151
0.0240348
0.0245767
0.0251353
0.0257193
0.0262749
0.0267779
0.0272604
0.0277885
0.0283935
0.0290088
0.0296266
0.0302209
0.0308387
0.0314317
0.0320672
0.0327336
0.0333944
0.0340638
0.0347611
0.0354931
0.0362137
0.0369545
0.037717
0.0384909
0.0393263
0.0401381
0.0409717
0.0417889
0.0426357
0.0435128
0.0443956
0.0452594
0.0460962
0.0469397
0.0476678
0.0483869
0.0490548
0.0174777
0.0151756
0.00954362
0.0040619
0.00162872
0.0021245
0.00361083
0.00485232
0.00561052
0.00604383
0.00632597
0.00655347
0.00680587
0.00709983
0.00736883
0.00760084
0.00784199
0.00808492
0.00830657
0.00849911
0.00868239
0.00892317
0.00923785
0.00954041
0.0097641
0.0099608
0.0102395
0.0105861
0.0108727
0.0110867
0.0113489
0.0116857
0.0120121
0.0123011
0.012588
0.012883
0.0131672
0.0134667
0.0138094
0.0141767
0.0145578
0.0149689
0.0153885
0.0157792
0.0161176
0.0164387
0.0167781
0.0171298
0.0174743
0.0178404
0.0182607
0.0187013
0.0191087
0.0194985
0.0199506
0.020434
0.0208869
0.0213249
0.0217877
0.0222118
0.022613
0.0230348
0.0235153
0.0240351
0.024577
0.0251356
0.0257196
0.0262753
0.0267782
0.0272606
0.0277887
0.0283938
0.029009
0.0296268
0.0302211
0.030839
0.0314319
0.0320674
0.0327338
0.0333946
0.034064
0.0347612
0.0354932
0.0362139
0.0369546
0.0377171
0.038491
0.0393264
0.0401382
0.0409718
0.041789
0.0426358
0.0435129
0.0443958
0.0452595
0.0460964
0.0469399
0.0476682
0.0483874
0.049055
0.0167733
0.014834
0.00971754
0.00447209
0.00194311
0.00225828
0.00366733
0.00489755
0.00565249
0.00607934
0.00635694
0.00658148
0.00682895
0.0071167
0.00738222
0.00761387
0.00785435
0.00809474
0.00831435
0.00850789
0.00869346
0.00893357
0.00924437
0.00954451
0.00976984
0.00996898
0.0102468
0.0105906
0.0108764
0.0110915
0.0113539
0.0116895
0.0120152
0.0123044
0.0125913
0.0128859
0.0131693
0.0134681
0.0138104
0.0141776
0.0145585
0.0149694
0.015389
0.0157799
0.0161186
0.0164396
0.0167787
0.0171302
0.0174749
0.0178411
0.0182613
0.0187017
0.0191091
0.0194992
0.0199511
0.0204345
0.0208874
0.0213255
0.0217883
0.0222123
0.0226134
0.0230351
0.0235156
0.0240354
0.0245774
0.025136
0.0257201
0.0262758
0.0267786
0.0272609
0.0277889
0.0283941
0.0290093
0.0296271
0.0302214
0.0308392
0.0314321
0.0320676
0.032734
0.0333948
0.0340641
0.0347614
0.0354934
0.036214
0.0369548
0.0377172
0.0384911
0.0393265
0.0401384
0.0409719
0.0417891
0.042636
0.043513
0.0443959
0.0452597
0.0460966
0.0469402
0.0476688
0.0483881
0.0490553
0.016096
0.0144665
0.00986946
0.00488142
0.00227251
0.00240309
0.00372526
0.00494228
0.00569608
0.00611746
0.00639015
0.00661117
0.00685341
0.00713477
0.00739672
0.00762797
0.00786765
0.00810529
0.00832271
0.00851735
0.00870551
0.00894501
0.00925163
0.00954915
0.00977642
0.00997835
0.0102552
0.0105956
0.0108805
0.011097
0.0113597
0.0116938
0.0120185
0.012308
0.0125954
0.0128896
0.0131723
0.0134703
0.0138119
0.0141787
0.0145594
0.0149699
0.0153892
0.0157805
0.0161197
0.0164409
0.0167795
0.0171308
0.0174758
0.0178421
0.0182619
0.018702
0.0191096
0.0194998
0.0199517
0.0204349
0.020888
0.0213263
0.021789
0.0222128
0.0226139
0.0230356
0.0235159
0.0240357
0.0245777
0.0251363
0.0257205
0.0262764
0.0267791
0.0272612
0.0277892
0.0283944
0.0290097
0.0296275
0.0302218
0.0308396
0.0314323
0.0320678
0.0327343
0.033395
0.0340643
0.0347615
0.0354936
0.0362142
0.0369549
0.0377173
0.0384912
0.0393267
0.0401385
0.0409721
0.0417893
0.0426361
0.0435132
0.0443961
0.04526
0.0460968
0.0469405
0.0476695
0.0483891
0.0490557
0.0154551
0.0140797
0.00999423
0.00528448
0.00261482
0.00255973
0.00378506
0.00498567
0.00574032
0.0061578
0.00642549
0.00664249
0.00687915
0.00715389
0.00741217
0.007643
0.00788183
0.00811654
0.00833159
0.00852735
0.00871826
0.00895716
0.00925937
0.00955416
0.00978358
0.00998862
0.0102644
0.0106011
0.0108848
0.011103
0.0113661
0.0116984
0.0120219
0.0123118
0.0125997
0.0128939
0.013176
0.0134732
0.0138141
0.0141803
0.0145605
0.0149703
0.0153892
0.0157808
0.0161208
0.0164423
0.0167806
0.0171316
0.0174769
0.0178434
0.0182628
0.0187024
0.0191101
0.0195006
0.0199521
0.0204351
0.0208885
0.0213271
0.0217897
0.0222135
0.0226147
0.0230363
0.0235163
0.024036
0.024578
0.0251366
0.0257209
0.026277
0.0267796
0.0272616
0.0277896
0.0283949
0.0290101
0.0296279
0.0302222
0.03084
0.0314327
0.0320682
0.0327346
0.0333953
0.0340645
0.0347618
0.0354938
0.0362143
0.0369551
0.0377175
0.0384913
0.0393268
0.0401387
0.0409722
0.0417894
0.0426362
0.0435134
0.0443963
0.0452603
0.0460972
0.0469409
0.0476706
0.0483905
0.0490562
0.0148586
0.0136815
0.0100888
0.00567663
0.00296761
0.00272881
0.00384724
0.00502689
0.00578413
0.0061999
0.00646296
0.00667543
0.00690599
0.00717383
0.00742837
0.00765888
0.00789688
0.00812852
0.00834099
0.00853781
0.0087316
0.00896991
0.00926747
0.00955933
0.00979105
0.00999947
0.0102742
0.010607
0.0108894
0.0111093
0.011373
0.0117034
0.0120254
0.0123155
0.0126041
0.0128985
0.0131802
0.0134767
0.0138169
0.0141825
0.014562
0.0149708
0.0153889
0.0157807
0.0161216
0.0164439
0.0167819
0.0171327
0.0174783
0.0178451
0.0182638
0.0187028
0.0191108
0.0195015
0.0199526
0.0204351
0.0208887
0.0213278
0.0217903
0.0222141
0.0226156
0.0230373
0.023517
0.0240364
0.0245783
0.0251367
0.0257212
0.0262776
0.0267802
0.027262
0.0277901
0.0283954
0.0290106
0.0296284
0.0302227
0.0308404
0.0314331
0.0320686
0.0327351
0.0333956
0.0340649
0.0347621
0.0354941
0.0362146
0.0369552
0.0377177
0.0384915
0.039327
0.0401389
0.0409724
0.0417895
0.0426364
0.0435136
0.0443965
0.0452606
0.0460976
0.0469414
0.047672
0.0483923
0.0490569
0.0143114
0.0132812
0.0101528
0.00605397
0.00332804
0.00291075
0.00391266
0.00506546
0.00582642
0.00624319
0.00650242
0.00670984
0.00693366
0.00719431
0.00744519
0.00767558
0.00791282
0.00814122
0.00835088
0.00854872
0.00874552
0.00898322
0.00927585
0.00956451
0.00979857
0.0100106
0.0102845
0.0106132
0.0108943
0.0111159
0.0113802
0.0117087
0.012029
0.0123192
0.0126085
0.0129031
0.0131846
0.0134806
0.0138201
0.0141851
0.0145639
0.0149715
0.0153885
0.0157802
0.0161222
0.0164453
0.0167834
0.017134
0.0174801
0.0178471
0.0182651
0.0187034
0.0191116
0.0195027
0.0199532
0.0204349
0.0208888
0.0213282
0.0217907
0.0222146
0.0226165
0.0230385
0.0235181
0.0240373
0.0245788
0.0251366
0.0257212
0.0262779
0.0267807
0.0272625
0.0277907
0.028396
0.0290111
0.0296289
0.0302232
0.030841
0.0314336
0.0320692
0.0327356
0.0333961
0.0340653
0.0347626
0.0354946
0.0362149
0.0369555
0.0377179
0.0384917
0.0393272
0.0401391
0.0409725
0.0417897
0.0426365
0.0435139
0.0443967
0.045261
0.0460982
0.0469419
0.0476738
0.0483946
0.0490578
0.0138155
0.0128871
0.0101875
0.00641302
0.00369323
0.00310606
0.0039827
0.00510137
0.00586615
0.00628688
0.00654362
0.00674561
0.00696196
0.0072151
0.00746243
0.00769297
0.00792956
0.00815457
0.00836122
0.00856005
0.00876
0.00899712
0.00928454
0.00956967
0.00980599
0.0100219
0.010295
0.0106197
0.0108993
0.0111227
0.0113876
0.0117142
0.0120327
0.012323
0.0126129
0.0129077
0.0131891
0.0134848
0.0138237
0.0141881
0.0145661
0.0149723
0.015388
0.0157795
0.0161226
0.0164466
0.0167848
0.0171355
0.0174822
0.0178495
0.0182667
0.0187041
0.0191125
0.019504
0.0199539
0.0204346
0.0208886
0.0213284
0.0217907
0.0222147
0.0226172
0.0230398
0.0235195
0.0240386
0.0245797
0.0251366
0.0257208
0.0262779
0.0267809
0.027263
0.0277914
0.0283967
0.0290116
0.0296293
0.0302237
0.0308415
0.0314342
0.0320698
0.0327362
0.0333967
0.0340659
0.0347632
0.0354951
0.0362153
0.0369558
0.0377182
0.0384919
0.0393274
0.0401393
0.0409727
0.0417899
0.0426366
0.0435142
0.0443969
0.0452615
0.0460988
0.0469425
0.047676
0.0483975
0.0490589
0.0133683
0.0125051
0.0101945
0.00675088
0.00406068
0.00331527
0.00405915
0.00513519
0.00590268
0.00633025
0.00658638
0.00678277
0.00699079
0.00723597
0.00747986
0.0077109
0.00794699
0.00816848
0.00837196
0.00857181
0.00877508
0.00901172
0.00929377
0.00957499
0.00981334
0.0100332
0.0103057
0.0106264
0.0109046
0.0111298
0.0113954
0.01172
0.0120367
0.012327
0.0126175
0.0129124
0.0131935
0.0134891
0.0138275
0.0141915
0.0145687
0.0149734
0.0153874
0.0157785
0.0161226
0.0164479
0.0167863
0.0171371
0.0174845
0.0178521
0.0182684
0.0187049
0.0191135
0.0195056
0.0199548
0.0204344
0.0208882
0.0213283
0.0217904
0.0222144
0.0226177
0.023041
0.023521
0.0240403
0.0245811
0.0251367
0.0257202
0.0262774
0.0267807
0.0272632
0.0277921
0.0283975
0.0290122
0.0296298
0.0302242
0.030842
0.0314347
0.0320705
0.0327369
0.0333973
0.0340666
0.034764
0.0354958
0.0362159
0.0369563
0.0377185
0.0384922
0.0393277
0.0401396
0.040973
0.04179
0.0426368
0.0435144
0.0443971
0.045262
0.0460996
0.0469432
0.0476785
0.048401
0.0490602
0.0129646
0.0121389
0.0101756
0.00706543
0.00442818
0.00353861
0.00414405
0.00516833
0.0059359
0.00637269
0.00663045
0.00682137
0.00702017
0.00725681
0.00749735
0.00772927
0.00796504
0.00818291
0.0083831
0.00858401
0.00879081
0.00902721
0.00930387
0.0095808
0.00982078
0.0100445
0.0103166
0.0106333
0.0109099
0.0111371
0.0114034
0.0117259
0.012041
0.0123314
0.0126223
0.0129171
0.0131981
0.0134935
0.0138317
0.0141951
0.0145716
0.0149748
0.0153869
0.0157774
0.0161225
0.016449
0.0167878
0.0171387
0.017487
0.017855
0.0182703
0.0187057
0.0191146
0.0195074
0.0199558
0.0204342
0.0208877
0.021328
0.0217899
0.0222138
0.0226178
0.0230418
0.0235224
0.0240422
0.0245828
0.0251371
0.0257193
0.0262764
0.0267801
0.0272631
0.0277928
0.0283985
0.029013
0.0296303
0.0302246
0.0308424
0.0314353
0.0320712
0.0327376
0.033398
0.0340674
0.0347648
0.0354967
0.0362167
0.036957
0.037719
0.0384926
0.039328
0.04014
0.0409733
0.0417903
0.0426369
0.0435147
0.0443973
0.0452626
0.0461005
0.046944
0.0476815
0.048405
0.0490617
0.012598
0.011791
0.0101328
0.00735466
0.00479338
0.00377585
0.00423953
0.00520282
0.00596608
0.00641347
0.00667544
0.00686154
0.00705043
0.00727784
0.00751497
0.00774811
0.00798374
0.00819787
0.00839465
0.00859671
0.0088073
0.00904375
0.00931509
0.00958737
0.00982853
0.0100559
0.0103276
0.0106404
0.0109155
0.0111446
0.0114117
0.0117322
0.0120455
0.0123361
0.0126275
0.0129219
0.0132027
0.0134983
0.0138362
0.0141992
0.014575
0.0149765
0.0153865
0.0157761
0.0161223
0.0164501
0.0167893
0.0171405
0.0174896
0.0178581
0.0182724
0.0187065
0.0191157
0.0195093
0.0199571
0.020434
0.020887
0.0213275
0.0217891
0.0222131
0.0226177
0.0230424
0.0235234
0.024044
0.0245848
0.0251376
0.0257182
0.026275
0.0267789
0.0272627
0.0277934
0.0283996
0.0290139
0.0296309
0.030225
0.0308426
0.0314357
0.0320719
0.0327383
0.0333986
0.0340681
0.0347658
0.0354976
0.0362176
0.0369579
0.0377197
0.038493
0.0393283
0.0401404
0.0409737
0.0417906
0.0426371
0.043515
0.0443975
0.0452632
0.0461015
0.0469449
0.0476848
0.0484095
0.0490634
0.0122625
0.0114633
0.0100679
0.00761621
0.00515375
0.00402662
0.00434761
0.00524083
0.00599367
0.00645184
0.00672091
0.0069036
0.00708215
0.00729954
0.00753298
0.00776755
0.00800317
0.00821343
0.00840671
0.00861002
0.00882464
0.00906142
0.0093275
0.00959482
0.00983674
0.0100677
0.010339
0.0106478
0.0109213
0.0111525
0.0114204
0.0117388
0.0120502
0.012341
0.012633
0.012927
0.0132077
0.0135036
0.0138413
0.0142038
0.0145787
0.0149785
0.0153862
0.0157748
0.016122
0.0164513
0.0167909
0.0171423
0.0174924
0.0178614
0.0182746
0.0187074
0.0191168
0.0195112
0.0199585
0.020434
0.0208863
0.0213269
0.0217882
0.0222122
0.0226176
0.0230429
0.0235243
0.0240454
0.0245866
0.0251383
0.0257168
0.026273
0.0267775
0.027262
0.0277939
0.0284007
0.0290149
0.0296316
0.0302254
0.0308428
0.031436
0.0320725
0.032739
0.0333991
0.0340688
0.0347669
0.0354987
0.0362186
0.0369589
0.0377206
0.0384936
0.0393287
0.0401408
0.0409741
0.0417911
0.0426374
0.0435153
0.0443977
0.0452638
0.0461027
0.0469459
0.0476885
0.0484145
0.0490653
0.0119525
0.0111571
0.00998341
0.0078484
0.00550707
0.00429003
0.00446965
0.00528433
0.00601953
0.00648746
0.00676648
0.00694779
0.00711589
0.0073224
0.0075517
0.00778774
0.00802343
0.00822969
0.00841935
0.008624
0.00884288
0.00908019
0.009341
0.00960309
0.00984546
0.0100798
0.0103508
0.0106555
0.0109275
0.0111609
0.0114296
0.0117457
0.0120552
0.0123462
0.0126386
0.0129324
0.0132131
0.0135095
0.013847
0.0142089
0.0145828
0.0149808
0.0153861
0.0157735
0.0161218
0.0164525
0.0167926
0.0171442
0.0174953
0.017865
0.0182771
0.0187083
0.0191178
0.0195132
0.01996
0.020434
0.0208856
0.0213262
0.0217872
0.0222112
0.0226176
0.0230436
0.0235251
0.0240466
0.0245882
0.0251389
0.0257153
0.0262707
0.0267757
0.0272614
0.0277945
0.0284018
0.029016
0.0296323
0.0302258
0.0308429
0.0314364
0.0320732
0.0327397
0.0333996
0.0340695
0.0347679
0.0354998
0.0362196
0.03696
0.0377217
0.0384943
0.039329
0.0401412
0.0409746
0.0417916
0.0426377
0.0435156
0.0443979
0.0452643
0.0461039
0.046947
0.0476924
0.0484199
0.0490675
0.0116619
0.0108723
0.00988327
0.00805115
0.00585109
0.00456398
0.00460609
0.00533524
0.00604532
0.00652047
0.00681158
0.00699396
0.00715194
0.00734687
0.00757149
0.00780889
0.00804463
0.00824674
0.00843262
0.00863866
0.00886201
0.00909996
0.00935542
0.00961204
0.0098547
0.0100925
0.0103631
0.0106637
0.010934
0.0111697
0.0114394
0.0117531
0.0120603
0.0123513
0.0126443
0.012938
0.0132192
0.0135162
0.0138534
0.0142145
0.0145874
0.0149834
0.0153861
0.0157722
0.0161216
0.0164538
0.0167943
0.0171462
0.0174984
0.0178687
0.0182796
0.0187093
0.0191189
0.0195153
0.0199617
0.0204341
0.0208848
0.0213254
0.0217862
0.0222104
0.0226178
0.0230446
0.0235262
0.0240476
0.0245896
0.0251394
0.0257138
0.0262682
0.0267739
0.0272609
0.0277952
0.0284029
0.0290169
0.0296329
0.0302262
0.0308431
0.0314368
0.0320739
0.0327404
0.0334001
0.0340702
0.0347689
0.0355009
0.0362207
0.0369611
0.0377229
0.0384952
0.0393294
0.0401416
0.0409751
0.0417923
0.0426383
0.0435159
0.044398
0.0452649
0.0461052
0.0469483
0.0476966
0.0484257
0.0490698
0.011385
0.0106077
0.0097722
0.00822538
0.006183
0.0048456
0.00475692
0.00539552
0.00607305
0.00655122
0.00685541
0.00704159
0.00719048
0.00737337
0.00759274
0.00783121
0.00806681
0.0082646
0.00844655
0.00865401
0.00888201
0.00912069
0.00937062
0.00962154
0.00986442
0.0101058
0.010376
0.0106724
0.0109409
0.0111791
0.0114498
0.0117608
0.0120656
0.0123566
0.0126501
0.0129441
0.0132258
0.0135236
0.0138604
0.0142206
0.0145924
0.0149863
0.0153863
0.015771
0.0161214
0.0164552
0.0167962
0.0171482
0.0175015
0.0178726
0.0182824
0.0187103
0.0191199
0.0195174
0.0199635
0.0204343
0.0208841
0.0213246
0.0217852
0.0222096
0.0226183
0.0230461
0.0235276
0.0240487
0.0245907
0.02514
0.0257123
0.0262655
0.0267723
0.0272609
0.0277962
0.028404
0.0290177
0.0296334
0.0302265
0.0308433
0.0314372
0.0320747
0.0327412
0.0334006
0.0340708
0.0347699
0.035502
0.0362217
0.0369623
0.0377241
0.0384962
0.0393298
0.0401419
0.0409755
0.041793
0.0426389
0.0435163
0.0443982
0.0452654
0.0461065
0.0469498
0.047701
0.0484319
0.0490723
0.0111184
0.0103621
0.00965415
0.00837172
0.00649988
0.00513238
0.00492192
0.0054667
0.00610464
0.00658033
0.00689725
0.00708999
0.00723152
0.00740225
0.00761577
0.00785488
0.00809
0.00828323
0.00846116
0.00867007
0.0089029
0.00914236
0.00938655
0.00963152
0.00987462
0.0101196
0.0103896
0.0106816
0.0109483
0.011189
0.0114607
0.011769
0.0120712
0.0123619
0.0126562
0.0129505
0.0132331
0.0135316
0.013868
0.0142272
0.0145977
0.0149895
0.0153866
0.0157699
0.0161213
0.0164567
0.0167981
0.0171503
0.0175048
0.0178766
0.0182852
0.0187113
0.019121
0.0195196
0.0199654
0.0204346
0.0208834
0.0213239
0.0217842
0.0222092
0.0226192
0.0230481
0.0235296
0.0240501
0.0245918
0.0251405
0.0257109
0.026263
0.0267709
0.0272616
0.0277978
0.0284053
0.0290184
0.0296337
0.0302267
0.0308435
0.0314379
0.0320757
0.0327421
0.0334013
0.0340716
0.034771
0.0355031
0.0362228
0.0369635
0.0377254
0.0384973
0.0393303
0.0401422
0.0409759
0.0417937
0.0426396
0.0435168
0.0443984
0.045266
0.046108
0.0469513
0.0477056
0.0484383
0.0490751
0.0108607
0.0101345
0.00953192
0.00849041
0.00679954
0.00542232
0.00510009
0.00554968
0.00614202
0.0066091
0.00693686
0.00713824
0.0072747
0.00743366
0.00764084
0.0078801
0.00811429
0.00830258
0.00847642
0.00868693
0.00892474
0.009165
0.00940326
0.00964203
0.00988529
0.0101342
0.0104039
0.0106913
0.0109561
0.0111993
0.0114721
0.0117776
0.0120769
0.0123675
0.0126625
0.0129574
0.0132408
0.0135401
0.0138759
0.0142341
0.0146032
0.0149929
0.0153871
0.0157689
0.0161214
0.0164583
0.0168001
0.0171525
0.0175081
0.0178808
0.0182882
0.0187125
0.0191222
0.0195218
0.0199673
0.0204349
0.0208829
0.0213232
0.0217833
0.0222088
0.0226204
0.0230506
0.0235322
0.0240518
0.024593
0.0251412
0.0257098
0.0262605
0.0267699
0.0272628
0.0277999
0.0284067
0.029019
0.0296339
0.0302268
0.0308438
0.0314388
0.0320768
0.032743
0.033402
0.0340726
0.034772
0.0355042
0.0362238
0.0369647
0.0377268
0.0384985
0.0393309
0.0401425
0.0409763
0.0417945
0.0426404
0.0435173
0.0443986
0.0452666
0.0461095
0.0469531
0.0477104
0.0484451
0.0490781
0.01061
0.00992437
0.00940899
0.00858215
0.00708016
0.00571335
0.00528951
0.00564478
0.00618724
0.0066394
0.00697431
0.00718523
0.00731925
0.00746766
0.00766824
0.00790711
0.00813983
0.00832268
0.00849231
0.00870463
0.00894757
0.00918864
0.00942079
0.0096531
0.00989647
0.0101494
0.010419
0.0107016
0.0109642
0.0112102
0.0114841
0.0117865
0.012083
0.0123733
0.0126692
0.0129646
0.013249
0.013549
0.0138842
0.0142412
0.014609
0.0149964
0.0153876
0.015768
0.0161215
0.0164601
0.0168022
0.0171547
0.0175115
0.0178851
0.0182914
0.0187138
0.0191234
0.0195242
0.0199694
0.0204353
0.0208824
0.0213225
0.0217825
0.0222086
0.022622
0.0230536
0.0235354
0.0240539
0.0245942
0.025142
0.0257088
0.0262583
0.0267692
0.0272646
0.0278024
0.0284082
0.0290195
0.029634
0.0302269
0.0308443
0.0314399
0.032078
0.0327439
0.0334029
0.0340738
0.0347731
0.0355053
0.0362249
0.036966
0.0377282
0.0384998
0.0393316
0.0401428
0.0409767
0.0417953
0.0426412
0.0435179
0.0443988
0.0452672
0.0461111
0.0469549
0.0477153
0.0484521
0.0490813
0.0103627
0.00972989
0.00929049
0.00864884
0.0073397
0.00600333
0.00548783
0.0057516
0.00624214
0.00667327
0.00701
0.00722995
0.0073641
0.0075041
0.00769834
0.00793615
0.00816677
0.00834367
0.00850884
0.00872315
0.00897148
0.00921333
0.00943916
0.00966479
0.00990822
0.0101653
0.0104348
0.0107125
0.0109728
0.0112214
0.0114965
0.0117959
0.0120894
0.0123796
0.0126763
0.0129722
0.0132574
0.0135581
0.0138928
0.0142486
0.014615
0.0150001
0.0153884
0.0157672
0.0161217
0.016462
0.0168044
0.0171569
0.017515
0.0178896
0.0182946
0.0187151
0.0191248
0.0195268
0.0199716
0.0204357
0.0208819
0.021322
0.0217817
0.0222086
0.0226238
0.023057
0.023539
0.0240563
0.0245955
0.0251427
0.025708
0.0262562
0.0267688
0.0272668
0.0278052
0.0284099
0.02902
0.0296341
0.030227
0.0308447
0.0314412
0.0320794
0.0327449
0.0334039
0.0340752
0.0347743
0.0355064
0.0362261
0.0369673
0.0377297
0.0385012
0.0393323
0.0401431
0.0409771
0.0417961
0.0426421
0.0435186
0.0443991
0.0452679
0.0461129
0.046957
0.0477203
0.0484594
0.0490849
0.0101152
0.00954618
0.00918168
0.00869406
0.00757555
0.00629052
0.0056933
0.00586861
0.00630785
0.00671294
0.00704489
0.00727181
0.00740801
0.00754242
0.00773137
0.00796759
0.00819528
0.0083657
0.00852607
0.00874244
0.00899645
0.00923912
0.00945839
0.00967715
0.00992059
0.010182
0.0104514
0.010724
0.0109819
0.0112332
0.0115095
0.0118057
0.0120962
0.0123863
0.0126839
0.0129802
0.013266
0.0135674
0.0139015
0.0142562
0.0146212
0.0150039
0.0153892
0.0157666
0.0161221
0.016464
0.0168067
0.0171591
0.0175185
0.0178941
0.018298
0.0187166
0.0191263
0.0195294
0.0199738
0.0204361
0.0208815
0.0213215
0.0217811
0.0222087
0.0226259
0.0230607
0.0235431
0.024059
0.0245969
0.0251435
0.0257072
0.0262542
0.0267685
0.0272693
0.0278083
0.0284117
0.0290205
0.029634
0.030227
0.0308453
0.0314426
0.0320809
0.0327458
0.033405
0.0340767
0.0347756
0.0355075
0.0362272
0.0369687
0.0377313
0.0385027
0.0393332
0.0401435
0.0409776
0.041797
0.0426431
0.0435195
0.0443994
0.0452686
0.0461148
0.0469592
0.0477255
0.048467
0.0490887
0.00986723
0.00936557
0.00908552
0.00872345
0.00778461
0.00657328
0.00590585
0.0059933
0.00638431
0.0067609
0.00708057
0.00731059
0.00744989
0.00758171
0.00776739
0.00800185
0.00822557
0.00838885
0.00854414
0.00876247
0.00902241
0.00926603
0.0094785
0.00969015
0.00993365
0.0101994
0.0104688
0.010736
0.0109914
0.0112453
0.0115229
0.0118159
0.0121034
0.0123935
0.0126919
0.0129885
0.0132749
0.0135768
0.0139104
0.014264
0.0146276
0.0150079
0.0153902
0.015766
0.0161227
0.0164663
0.0168091
0.0171614
0.0175221
0.0178988
0.0183015
0.0187182
0.0191278
0.0195322
0.0199762
0.0204365
0.0208812
0.0213211
0.0217805
0.022209
0.0226282
0.0230646
0.0235474
0.024062
0.0245984
0.0251443
0.0257065
0.0262522
0.0267683
0.0272719
0.0278115
0.0284135
0.029021
0.029634
0.0302271
0.0308459
0.0314441
0.0320825
0.0327468
0.0334062
0.0340784
0.0347769
0.0355087
0.0362285
0.0369702
0.0377329
0.0385043
0.0393342
0.040144
0.040978
0.0417979
0.0426441
0.0435203
0.0443998
0.0452694
0.0461168
0.0469617
0.0477308
0.0484748
0.0490928
0.00962476
0.0091801
0.0090007
0.00874529
0.00796446
0.00684797
0.00612704
0.00612363
0.00646997
0.00681958
0.0071192
0.00734627
0.00748884
0.00762094
0.00780611
0.00803935
0.00825794
0.00841312
0.00856316
0.00878339
0.00904926
0.00929403
0.00949953
0.00970377
0.00994739
0.0102177
0.010487
0.0107487
0.0110013
0.011258
0.0115369
0.0118266
0.0121109
0.0124011
0.0127005
0.0129973
0.0132841
0.0135865
0.0139196
0.014272
0.0146343
0.0150122
0.0153914
0.0157657
0.0161234
0.0164687
0.0168117
0.0171637
0.0175258
0.0179037
0.0183051
0.0187198
0.0191294
0.0195351
0.0199786
0.020437
0.0208808
0.0213208
0.0217801
0.0222094
0.0226307
0.0230687
0.0235518
0.024065
0.0246
0.025145
0.0257058
0.0262502
0.0267681
0.0272745
0.0278148
0.0284155
0.0290214
0.029634
0.0302272
0.0308465
0.0314457
0.0320842
0.0327479
0.0334075
0.0340803
0.0347784
0.03551
0.0362298
0.0369717
0.0377346
0.0385061
0.0393352
0.0401445
0.0409786
0.0417989
0.0426452
0.0435213
0.0444002
0.0452703
0.046119
0.0469644
0.0477363
0.048483
0.0490972
0.00939709
0.00898558
0.00892104
0.00876943
0.00811649
0.00710732
0.00635771
0.00625994
0.00656169
0.00689025
0.00716385
0.00737929
0.0075241
0.00765913
0.00784684
0.00808024
0.00829286
0.00843864
0.00858313
0.00880538
0.00907704
0.00932297
0.00952149
0.00971805
0.00996177
0.0102369
0.0105061
0.0107619
0.0110117
0.0112713
0.0115515
0.0118378
0.0121189
0.0124092
0.0127096
0.0130065
0.0132935
0.0135964
0.013929
0.0142802
0.0146411
0.0150166
0.0153929
0.0157655
0.0161242
0.0164713
0.0168143
0.0171661
0.0175296
0.0179087
0.0183089
0.0187216
0.0191311
0.019538
0.0199811
0.0204375
0.0208805
0.0213206
0.0217797
0.0222098
0.0226332
0.0230729
0.0235564
0.0240682
0.0246016
0.0251458
0.025705
0.0262483
0.026768
0.0272771
0.0278181
0.0284174
0.029022
0.029634
0.0302273
0.0308472
0.0314473
0.0320859
0.032749
0.0334089
0.0340821
0.0347799
0.0355113
0.0362312
0.0369733
0.0377363
0.0385078
0.0393362
0.0401451
0.0409791
0.0417999
0.0426463
0.0435223
0.0444008
0.0452712
0.0461213
0.0469673
0.0477419
0.0484914
0.049102
0.00919106
0.00878483
0.00883776
0.00880311
0.00824786
0.00734267
0.00659573
0.00640596
0.00665576
0.00697157
0.00721841
0.00741118
0.00755485
0.00769557
0.00788874
0.00812423
0.00833074
0.00846578
0.00860399
0.00882852
0.00910597
0.00935276
0.00954432
0.00973306
0.00997677
0.0102571
0.0105263
0.0107758
0.0110225
0.011285
0.0115668
0.0118494
0.0121272
0.0124177
0.0127193
0.0130162
0.0133033
0.0136065
0.0139386
0.0142887
0.0146482
0.0150213
0.0153945
0.0157655
0.0161253
0.0164741
0.0168171
0.0171685
0.0175334
0.0179139
0.0183128
0.0187234
0.0191329
0.0195411
0.0199837
0.020438
0.0208801
0.0213204
0.0217793
0.0222103
0.0226359
0.0230772
0.0235611
0.0240715
0.0246032
0.0251465
0.0257042
0.0262465
0.0267678
0.0272797
0.0278214
0.0284194
0.0290225
0.0296341
0.0302275
0.0308479
0.0314489
0.0320877
0.0327502
0.0334103
0.0340841
0.0347816
0.0355126
0.0362326
0.036975
0.0377381
0.0385097
0.0393373
0.0401457
0.0409798
0.041801
0.0426475
0.0435234
0.0444013
0.0452721
0.0461238
0.0469705
0.0477477
0.0485002
0.0491071
0.00900849
0.00858641
0.0087427
0.00884605
0.00837045
0.00754886
0.00683361
0.00656666
0.00675088
0.00705959
0.00728616
0.00744515
0.00758029
0.00772943
0.00793131
0.00817079
0.00837172
0.00849501
0.0086258
0.00885265
0.00913627
0.00938357
0.00956787
0.00974883
0.00999244
0.010278
0.0105475
0.0107905
0.0110336
0.0112992
0.0115827
0.0118617
0.0121359
0.0124267
0.0127295
0.0130263
0.0133134
0.0136169
0.0139485
0.0142974
0.0146555
0.0150262
0.0153964
0.0157657
0.0161266
0.0164772
0.0168201
0.017171
0.0175373
0.0179192
0.018317
0.0187253
0.0191347
0.0195444
0.0199865
0.0204386
0.0208798
0.0213204
0.0217791
0.0222108
0.0226386
0.0230816
0.0235658
0.0240748
0.0246049
0.0251473
0.0257034
0.0262446
0.0267677
0.0272822
0.0278246
0.0284214
0.0290231
0.0296341
0.0302277
0.0308487
0.0314506
0.0320895
0.0327514
0.0334118
0.0340861
0.0347832
0.0355141
0.0362341
0.0369767
0.0377399
0.0385116
0.0393385
0.0401464
0.0409805
0.0418021
0.0426487
0.0435246
0.044402
0.0452731
0.0461264
0.0469739
0.0477536
0.0485092
0.0491126
0.00884723
0.0083997
0.0086318
0.0088899
0.00849667
0.00772827
0.00705968
0.00674404
0.00685091
0.00714892
0.00736723
0.00748614
0.00760059
0.00775919
0.00797433
0.00821949
0.00841543
0.00852658
0.00864897
0.00887766
0.00916797
0.00941576
0.00959211
0.00976523
0.0100089
0.0102998
0.0105698
0.0108061
0.0110453
0.0113138
0.0115993
0.0118745
0.0121451
0.0124362
0.0127403
0.013037
0.0133238
0.0136275
0.0139586
0.0143064
0.0146631
0.0150314
0.0153985
0.0157661
0.0161281
0.0164804
0.0168232
0.0171735
0.0175413
0.0179248
0.0183213
0.0187273
0.0191366
0.0195477
0.0199893
0.0204392
0.0208794
0.0213205
0.021779
0.0222114
0.0226413
0.023086
0.0235706
0.0240781
0.0246067
0.025148
0.0257027
0.0262429
0.0267676
0.0272846
0.0278279
0.0284234
0.0290237
0.0296342
0.030228
0.0308495
0.0314523
0.0320914
0.0327527
0.0334134
0.0340882
0.034785
0.0355156
0.0362356
0.0369785
0.0377418
0.0385135
0.0393397
0.0401471
0.0409812
0.0418033
0.04265
0.0435257
0.0444028
0.0452743
0.0461293
0.0469776
0.0477597
0.0485186
0.0491185
0.00870146
0.00823109
0.0085069
0.00892381
0.00863332
0.00789039
0.00726294
0.00693338
0.00696345
0.00723611
0.0074575
0.00753923
0.00761826
0.00778288
0.00801723
0.00827035
0.00846136
0.00856034
0.00867394
0.00890376
0.00920083
0.00944958
0.00961734
0.00978205
0.010026
0.0103225
0.0105931
0.0108227
0.0110575
0.0113289
0.0116166
0.0118881
0.0121547
0.0124461
0.0127518
0.0130482
0.0133345
0.0136384
0.013969
0.0143157
0.0146709
0.0150368
0.0154009
0.0157668
0.0161299
0.0164839
0.0168265
0.0171761
0.0175453
0.0179305
0.0183258
0.0187294
0.0191385
0.0195512
0.0199923
0.0204398
0.0208792
0.0213207
0.021779
0.0222121
0.0226441
0.0230905
0.0235754
0.0240815
0.0246085
0.0251488
0.025702
0.0262412
0.0267676
0.0272871
0.0278312
0.0284254
0.0290244
0.0296344
0.0302283
0.0308504
0.031454
0.0320933
0.0327541
0.0334151
0.0340903
0.0347868
0.0355171
0.0362373
0.0369803
0.0377438
0.0385155
0.0393409
0.0401479
0.040982
0.0418045
0.0426513
0.043527
0.0444036
0.0452754
0.0461323
0.0469816
0.0477659
0.0485282
0.0491249
0.00856499
0.00808406
0.00837364
0.00893888
0.00877823
0.008048
0.00743934
0.00712329
0.00709409
0.00732355
0.00755077
0.00760652
0.00763854
0.00779934
0.00805815
0.00832371
0.00850938
0.00859574
0.00870072
0.00893152
0.00923478
0.00948491
0.00964403
0.0097993
0.0100437
0.0103462
0.0106173
0.0108403
0.0110705
0.0113445
0.0116343
0.0119023
0.012165
0.0124565
0.0127637
0.0130599
0.0133456
0.0136496
0.0139796
0.0143252
0.0146791
0.0150426
0.0154035
0.0157678
0.0161319
0.0164877
0.01683
0.0171788
0.0175494
0.0179363
0.0183305
0.0187315
0.0191405
0.0195548
0.0199954
0.0204405
0.0208789
0.021321
0.0217791
0.0222128
0.0226469
0.0230951
0.0235801
0.0240849
0.0246104
0.0251497
0.0257013
0.0262396
0.0267675
0.0272895
0.0278344
0.0284275
0.0290251
0.0296346
0.0302287
0.0308513
0.0314557
0.0320952
0.0327556
0.0334168
0.0340925
0.0347887
0.0355188
0.036239
0.0369822
0.0377458
0.0385176
0.0393422
0.0401488
0.0409828
0.0418058
0.0426527
0.0435282
0.0444046
0.0452767
0.0461355
0.0469858
0.0477723
0.0485382
0.0491317
0.00843329
0.00796121
0.00823897
0.00892898
0.00892271
0.00821223
0.00759467
0.00730112
0.00724131
0.00741869
0.00764231
0.007685
0.0076675
0.00780999
0.0080943
0.00837932
0.0085601
0.00863234
0.00872878
0.00896127
0.00927026
0.00952141
0.00967243
0.00981744
0.0100616
0.0103708
0.0106427
0.0108586
0.0110843
0.0113608
0.0116527
0.0119171
0.0121758
0.0124675
0.0127763
0.0130722
0.0133572
0.013661
0.0139906
0.0143351
0.0146876
0.0150486
0.0154065
0.015769
0.0161342
0.0164918
0.0168337
0.0171815
0.0175536
0.0179424
0.0183354
0.0187338
0.0191425
0.0195585
0.0199987
0.0204412
0.0208787
0.0213214
0.0217793
0.0222136
0.0226498
0.0230997
0.023585
0.0240883
0.0246124
0.0251505
0.0257007
0.0262382
0.0267675
0.0272918
0.0278376
0.0284296
0.0290258
0.0296348
0.0302292
0.0308522
0.0314575
0.0320972
0.0327571
0.0334186
0.0340947
0.0347907
0.0355205
0.0362408
0.0369842
0.0377478
0.0385197
0.0393436
0.0401497
0.0409837
0.0418071
0.0426541
0.0435296
0.0444057
0.0452781
0.0461389
0.0469904
0.0477789
0.0485485
0.049139
0.00830166
0.00786415
0.00811161
0.00889127
0.00905591
0.00838745
0.00773973
0.00745978
0.00739597
0.00752767
0.00773321
0.00776917
0.0077083
0.00781922
0.00812375
0.0084355
0.00861433
0.0086704
0.0087573
0.0089926
0.00930797
0.00955915
0.00970226
0.0098371
0.0100797
0.010396
0.0106694
0.0108777
0.0110987
0.0113779
0.0116718
0.0119325
0.0121872
0.0124792
0.0127895
0.0130851
0.0133692
0.0136727
0.0140017
0.0143453
0.0146964
0.015055
0.0154098
0.0157705
0.0161367
0.0164962
0.0168377
0.0171843
0.0175578
0.0179487
0.0183405
0.0187362
0.0191446
0.0195624
0.0200021
0.0204419
0.0208786
0.021322
0.0217797
0.0222144
0.0226528
0.0231043
0.0235898
0.0240918
0.0246144
0.0251515
0.0257001
0.0262368
0.0267675
0.0272941
0.0278408
0.0284318
0.0290266
0.0296352
0.0302297
0.0308532
0.0314593
0.0320992
0.0327587
0.0334204
0.034097
0.0347928
0.0355223
0.0362426
0.0369863
0.03775
0.0385219
0.039345
0.0401507
0.0409847
0.0418084
0.0426556
0.043531
0.0444069
0.0452795
0.0461424
0.0469953
0.0477856
0.0485591
0.0491468
0.00816304
0.00779011
0.00800233
0.00882819
0.00916713
0.00857045
0.00788521
0.00760171
0.00754704
0.00764978
0.00782976
0.00785524
0.00775894
0.00783221
0.00814716
0.00848966
0.0086719
0.00871076
0.00878601
0.00902451
0.00934813
0.00959897
0.0097331
0.00985838
0.0100986
0.0104212
0.0106974
0.010898
0.0111135
0.0113959
0.0116919
0.0119484
0.0121989
0.0124914
0.0128035
0.0130985
0.0133815
0.0136848
0.0140132
0.0143558
0.0147055
0.0150617
0.0154135
0.0157723
0.0161396
0.0165009
0.0168419
0.0171872
0.0175621
0.0179551
0.0183459
0.0187387
0.0191467
0.0195664
0.0200056
0.0204427
0.0208786
0.0213227
0.0217802
0.0222153
0.0226558
0.023109
0.0235946
0.0240953
0.0246165
0.0251525
0.0256996
0.0262356
0.0267676
0.0272964
0.027844
0.028434
0.0290275
0.0296355
0.0302304
0.0308543
0.0314612
0.0321013
0.0327604
0.0334223
0.0340993
0.0347949
0.0355242
0.0362446
0.0369885
0.0377522
0.0385241
0.0393464
0.0401518
0.0409857
0.0418098
0.0426573
0.0435324
0.0444082
0.0452811
0.0461462
0.0470006
0.0477924
0.04857
0.0491551
0.00801127
0.00772972
0.00792156
0.00874955
0.00924729
0.00875331
0.00803706
0.00773446
0.00768844
0.00777705
0.00793634
0.00794527
0.0078156
0.00785107
0.00816765
0.0085404
0.0087313
0.00875392
0.00881566
0.00905628
0.00938995
0.00964178
0.00976522
0.00988066
0.0101191
0.0104468
0.010726
0.0109198
0.0111289
0.0114144
0.0117132
0.0119651
0.012211
0.0125043
0.0128183
0.0131126
0.0133942
0.0136972
0.0140251
0.0143667
0.014715
0.0150688
0.0154175
0.0157744
0.0161427
0.0165059
0.0168464
0.0171902
0.0175664
0.0179618
0.0183516
0.0187413
0.0191488
0.0195705
0.0200094
0.0204436
0.0208785
0.0213236
0.0217809
0.0222163
0.0226588
0.0231137
0.0235994
0.0240987
0.0246187
0.0251535
0.0256992
0.0262344
0.0267678
0.0272986
0.0278472
0.0284362
0.0290284
0.0296359
0.030231
0.0308555
0.031463
0.0321035
0.0327622
0.0334243
0.0341017
0.0347971
0.0355262
0.0362466
0.0369907
0.0377545
0.0385264
0.039348
0.0401529
0.0409868
0.0418113
0.0426589
0.043534
0.0444097
0.0452828
0.0461502
0.0470062
0.0477995
0.0485811
0.049164
0.00784528
0.00766992
0.00787376
0.00866988
0.00929194
0.00892612
0.0081953
0.0078655
0.00782325
0.00790057
0.00804996
0.00804546
0.00787744
0.00787328
0.00818808
0.00858889
0.00879101
0.00879892
0.00884703
0.00908833
0.00943207
0.00968753
0.00979985
0.0099034
0.0101409
0.0104736
0.0107548
0.0109426
0.0111452
0.0114332
0.0117357
0.0119831
0.0122234
0.0125175
0.012834
0.0131275
0.0134073
0.0137098
0.0140373
0.0143778
0.0147247
0.0150763
0.015422
0.0157769
0.0161461
0.0165112
0.0168511
0.0171934
0.0175707
0.0179685
0.0183575
0.018744
0.019151
0.0195749
0.0200133
0.0204445
0.0208786
0.0213247
0.0217818
0.0222173
0.0226618
0.0231185
0.0236042
0.0241022
0.0246209
0.0251547
0.0256989
0.0262335
0.026768
0.0273008
0.0278503
0.0284384
0.0290293
0.0296364
0.0302318
0.0308567
0.0314649
0.0321057
0.0327641
0.0334264
0.0341042
0.0347994
0.0355283
0.0362487
0.036993
0.0377568
0.0385288
0.0393496
0.0401542
0.0409879
0.0418128
0.0426607
0.0435356
0.0444113
0.0452846
0.0461543
0.0470123
0.0478067
0.0485926
0.0491734
0.00766956
0.00759856
0.00785354
0.00860477
0.00930481
0.00907916
0.0083554
0.00799752
0.00795865
0.0080176
0.00816096
0.00815847
0.00795022
0.00789616
0.00820714
0.00863768
0.00885185
0.00884397
0.0088794
0.00912207
0.00947404
0.00973491
0.00983821
0.00992716
0.010163
0.0105023
0.0107845
0.0109659
0.0111625
0.0114525
0.0117589
0.0120024
0.0122364
0.0125308
0.0128504
0.0131432
0.0134209
0.0137227
0.0140497
0.0143894
0.0147349
0.0150842
0.0154269
0.0157798
0.0161499
0.0165169
0.0168562
0.0171967
0.0175752
0.0179755
0.0183638
0.0187469
0.0191532
0.0195793
0.0200175
0.0204455
0.0208787
0.021326
0.0217828
0.0222184
0.0226649
0.0231233
0.0236091
0.0241057
0.0246233
0.0251559
0.0256986
0.0262327
0.0267683
0.0273029
0.0278534
0.0284407
0.0290303
0.029637
0.0302327
0.030858
0.0314669
0.032108
0.032766
0.0334285
0.0341067
0.0348018
0.0355304
0.0362509
0.0369954
0.0377592
0.0385312
0.0393512
0.0401555
0.0409892
0.0418143
0.0426626
0.0435372
0.0444131
0.0452867
0.0461586
0.0470187
0.0478141
0.0486043
0.0491834
0.00749254
0.00750803
0.00784808
0.00856698
0.00929732
0.00920583
0.00851124
0.00812692
0.00809948
0.00813533
0.00825981
0.00827779
0.00804228
0.00792205
0.00821969
0.00868693
0.00891735
0.00888903
0.00890993
0.009158
0.00951748
0.00978228
0.00987992
0.00995366
0.0101847
0.0105324
0.0108162
0.0109892
0.0111804
0.0114727
0.0117829
0.0120231
0.0122505
0.0125443
0.0128673
0.01316
0.0134352
0.0137358
0.0140625
0.0144014
0.0147454
0.0150925
0.0154323
0.015783
0.016154
0.0165229
0.0168615
0.0172002
0.0175797
0.0179826
0.0183703
0.01875
0.0191555
0.0195839
0.0200218
0.0204467
0.0208789
0.0213275
0.0217841
0.0222196
0.0226679
0.0231281
0.0236139
0.0241092
0.0246257
0.0251572
0.0256985
0.026232
0.0267686
0.0273051
0.0278565
0.028443
0.0290314
0.0296376
0.0302336
0.0308593
0.0314688
0.0321104
0.032768
0.0334307
0.0341093
0.0348043
0.0355327
0.0362532
0.0369978
0.0377617
0.0385337
0.039353
0.0401569
0.0409905
0.0418159
0.0426646
0.043539
0.044415
0.0452889
0.0461631
0.0470255
0.0478217
0.0486162
0.0491939
0.00732321
0.00739558
0.00784196
0.00856138
0.0092855
0.00930579
0.00865731
0.00824706
0.00824349
0.00826485
0.00834537
0.00838991
0.00815698
0.00796117
0.00822243
0.00873093
0.008991
0.00893805
0.00893547
0.00919353
0.00956506
0.00982979
0.00992281
0.00998417
0.0102068
0.0105623
0.0108507
0.0110134
0.0111977
0.0114939
0.0118079
0.0120448
0.0122657
0.0125583
0.0128845
0.0131776
0.0134502
0.0137492
0.0140755
0.0144139
0.0147563
0.0151012
0.0154381
0.0157867
0.0161585
0.0165293
0.0168672
0.0172038
0.0175843
0.0179899
0.0183771
0.0187532
0.0191577
0.0195887
0.0200264
0.0204479
0.0208792
0.0213291
0.0217856
0.0222209
0.022671
0.0231329
0.0236187
0.0241127
0.0246282
0.0251586
0.0256985
0.0262315
0.0267691
0.0273072
0.0278595
0.0284453
0.0290325
0.0296383
0.0302346
0.0308607
0.0314708
0.0321128
0.0327702
0.033433
0.0341119
0.0348068
0.0355351
0.0362556
0.0370004
0.0377642
0.0385363
0.0393548
0.0401584
0.0409919
0.0418175
0.0426667
0.0435408
0.0444171
0.0452913
0.0461678
0.0470328
0.0478296
0.0486284
0.049205
0.00717283
0.00726436
0.00781894
0.00858191
0.0092863
0.00938488
0.00879128
0.00835275
0.00837996
0.00841417
0.00842951
0.00848112
0.00828555
0.00802598
0.00821996
0.00876099
0.00907103
0.00899794
0.00895659
0.00922306
0.00961758
0.00988085
0.00996458
0.0100176
0.0102315
0.0105914
0.0108873
0.0110403
0.0112141
0.0115151
0.0118347
0.0120674
0.0122818
0.0125731
0.012902
0.0131957
0.013466
0.0137631
0.0140888
0.0144266
0.0147677
0.0151103
0.0154444
0.0157909
0.0161633
0.0165361
0.0168733
0.0172077
0.0175889
0.0179974
0.0183842
0.0187565
0.01916
0.0195936
0.0200312
0.0204493
0.0208796
0.021331
0.0217873
0.0222222
0.0226742
0.0231378
0.0236236
0.0241163
0.0246308
0.0251601
0.0256986
0.0262312
0.0267697
0.0273092
0.0278626
0.0284477
0.0290336
0.0296391
0.0302358
0.0308623
0.0314729
0.0321153
0.0327724
0.0334354
0.0341146
0.0348095
0.0355375
0.0362581
0.037003
0.0377668
0.0385389
0.0393567
0.0401599
0.0409934
0.0418192
0.042669
0.0435427
0.0444194
0.0452939
0.0461726
0.0470404
0.0478377
0.0486408
0.0492168
0.00704705
0.00712699
0.00776504
0.00861194
0.00931193
0.00945415
0.00891517
0.00844275
0.00849512
0.0085813
0.00853007
0.00854683
0.00841004
0.00812348
0.00822619
0.0087714
0.0091477
0.00907456
0.00898048
0.00924086
0.00967069
0.00994026
0.0100059
0.0100503
0.0102604
0.0106212
0.010924
0.0110706
0.0112308
0.0115348
0.0118632
0.0120919
0.0122984
0.0125887
0.0129201
0.0132143
0.0134825
0.0137776
0.0141024
0.0144397
0.0147795
0.01512
0.0154512
0.0157955
0.0161685
0.0165433
0.0168799
0.0172117
0.0175935
0.0180051
0.0183918
0.0187601
0.0191622
0.0195987
0.0200363
0.0204508
0.0208801
0.0213331
0.0217892
0.0222237
0.0226773
0.0231428
0.0236284
0.0241198
0.0246335
0.0251617
0.0256989
0.0262311
0.0267703
0.0273113
0.0278656
0.02845
0.0290349
0.0296399
0.030237
0.0308639
0.031475
0.0321179
0.0327747
0.0334379
0.0341174
0.0348123
0.0355401
0.0362607
0.0370058
0.0377695
0.0385416
0.0393587
0.0401616
0.040995
0.0418209
0.0426714
0.0435447
0.0444219
0.0452968
0.0461776
0.0470485
0.047846
0.0486534
0.049229
0.00696239
0.00700281
0.00767729
0.00863091
0.00936414
0.00952763
0.00903374
0.00852165
0.00857758
0.0087509
0.00866309
0.0085995
0.00851047
0.00824543
0.00825774
0.00876737
0.00920862
0.00916551
0.00901796
0.00924692
0.00971529
0.0100102
0.0100523
0.0100787
0.0102911
0.0106548
0.0109605
0.0111029
0.0112497
0.0115528
0.011892
0.0121191
0.0123157
0.0126047
0.0129393
0.0132333
0.0134994
0.0137927
0.0141165
0.0144531
0.0147918
0.0151303
0.0154584
0.0158004
0.0161742
0.0165509
0.0168868
0.017216
0.017598
0.0180129
0.0183998
0.0187638
0.0191644
0.0196039
0.0200417
0.0204524
0.0208807
0.0213354
0.0217914
0.0222252
0.0226805
0.0231478
0.0236333
0.0241233
0.0246363
0.0251634
0.0256993
0.0262312
0.0267711
0.0273133
0.0278686
0.0284524
0.0290362
0.0296409
0.0302384
0.0308656
0.0314771
0.0321206
0.0327771
0.0334404
0.0341202
0.0348152
0.0355428
0.0362634
0.0370086
0.0377722
0.0385444
0.0393608
0.0401634
0.0409968
0.0418227
0.0426739
0.0435468
0.0444244
0.0453
0.0461828
0.047057
0.0478547
0.0486661
0.0492419
0.00691563
0.00690614
0.00756823
0.0086179
0.00943076
0.00961779
0.00915469
0.00859858
0.00862338
0.00890085
0.00883405
0.00866241
0.00857546
0.00837147
0.00832563
0.00876511
0.00924553
0.00925789
0.00907772
0.00925101
0.0097422
0.0100851
0.0101117
0.0101033
0.0103181
0.0106941
0.0109995
0.0111352
0.011271
0.0115707
0.0119196
0.0121486
0.0123347
0.0126205
0.0129595
0.0132534
0.0135164
0.0138083
0.0141313
0.0144669
0.0148045
0.0151411
0.0154663
0.0158058
0.0161801
0.016559
0.0168943
0.0172206
0.0176025
0.0180208
0.0184083
0.018768
0.0191665
0.0196092
0.0200475
0.0204543
0.0208813
0.021338
0.0217939
0.0222268
0.0226836
0.0231529
0.0236382
0.0241267
0.0246391
0.0251652
0.0256998
0.0262315
0.026772
0.0273154
0.0278715
0.0284549
0.0290375
0.029642
0.0302398
0.0308674
0.0314793
0.0321233
0.0327796
0.0334431
0.0341232
0.0348181
0.0355456
0.0362662
0.0370116
0.037775
0.0385473
0.039363
0.0401652
0.0409986
0.0418245
0.0426766
0.0435491
0.0444272
0.0453035
0.0461881
0.047066
0.0478637
0.0486789
0.0492552
0.00690128
0.00684625
0.00745877
0.00856155
0.00949091
0.00972929
0.00928775
0.00868453
0.00863977
0.00900933
0.00902988
0.00875999
0.00861371
0.00847745
0.0084234
0.00878367
0.00926424
0.0093362
0.00915671
0.00926765
0.0097501
0.0101528
0.0101886
0.0101317
0.0103353
0.0107359
0.0110458
0.0111673
0.0112925
0.0115902
0.0119463
0.012179
0.0123562
0.0126364
0.0129801
0.013275
0.0135336
0.0138239
0.0141468
0.0144813
0.0148175
0.0151525
0.0154749
0.0158117
0.0161863
0.0165675
0.0169024
0.0172255
0.0176071
0.0180287
0.0184172
0.0187724
0.0191686
0.0196145
0.0200535
0.0204564
0.020882
0.0213407
0.0217967
0.0222285
0.0226867
0.0231579
0.0236431
0.0241302
0.0246421
0.0251672
0.0257005
0.026232
0.0267731
0.0273174
0.0278745
0.0284574
0.029039
0.0296431
0.0302414
0.0308693
0.0314815
0.0321261
0.0327822
0.0334458
0.0341262
0.0348212
0.0355486
0.0362691
0.0370146
0.0377779
0.0385503
0.0393653
0.0401671
0.0410006
0.0418264
0.0426795
0.0435515
0.0444301
0.0453074
0.0461936
0.0470753
0.0478731
0.0486919
0.0492691
0.00691619
0.00682444
0.00736761
0.0084694
0.00951971
0.00985289
0.00944103
0.00879162
0.00864376
0.00906177
0.00922383
0.00890851
0.00864993
0.00854572
0.00853025
0.00883544
0.00928276
0.00939132
0.00923892
0.00930835
0.00975138
0.0101999
0.0102774
0.0101753
0.0103419
0.0107721
0.0111024
0.0112034
0.011311
0.0116109
0.0119744
0.0122091
0.0123795
0.0126534
0.0130007
0.0132981
0.0135517
0.0138391
0.0141628
0.0144967
0.0148309
0.0151642
0.0154842
0.0158182
0.0161926
0.0165764
0.0169112
0.0172309
0.0176115
0.0180367
0.0184265
0.0187772
0.0191708
0.0196199
0.0200599
0.0204589
0.0208828
0.0213437
0.0217998
0.0222304
0.0226898
0.0231631
0.0236481
0.0241337
0.0246451
0.0251693
0.0257014
0.0262328
0.0267743
0.0273195
0.0278775
0.0284599
0.0290405
0.0296444
0.0302431
0.0308713
0.0314838
0.032129
0.032785
0.0334487
0.0341293
0.0348244
0.0355516
0.036272
0.0370178
0.0377809
0.0385533
0.0393678
0.0401692
0.0410028
0.0418283
0.0426825
0.0435541
0.0444331
0.0453117
0.0461992
0.0470849
0.0478829
0.048705
0.0492835
0.00695581
0.00683758
0.0073087
0.00836252
0.00950043
0.00996986
0.00961501
0.00892987
0.00865568
0.00905893
0.00938587
0.00910412
0.00871313
0.00857948
0.00862045
0.00891358
0.00932124
0.00943179
0.00930615
0.00936872
0.00976438
0.0102232
0.0103624
0.0102423
0.010347
0.0107934
0.0111662
0.0112506
0.0113263
0.0116288
0.0120057
0.0122402
0.0124028
0.0126719
0.0130217
0.0133221
0.0135712
0.0138539
0.0141786
0.0145132
0.0148451
0.0151762
0.0154941
0.0158254
0.0161993
0.0165855
0.0169207
0.0172368
0.017616
0.0180446
0.0184362
0.0187824
0.019173
0.0196253
0.0200665
0.0204616
0.0208838
0.0213468
0.0218031
0.0222324
0.0226929
0.0231682
0.0236531
0.0241373
0.0246482
0.0251714
0.0257025
0.0262338
0.0267756
0.0273216
0.0278804
0.0284625
0.0290421
0.0296458
0.0302449
0.0308734
0.0314861
0.032132
0.0327878
0.0334516
0.0341326
0.0348277
0.0355548
0.0362752
0.037021
0.037784
0.0385564
0.0393704
0.0401712
0.0410051
0.0418304
0.0426857
0.0435568
0.0444362
0.0453164
0.0462051
0.0470948
0.0478931
0.0487182
0.0492983
0.00701026
0.00688524
0.0072861
0.00826035
0.00943567
0.0100573
0.00979908
0.00910275
0.00869677
0.00901841
0.00948921
0.00932255
0.00882849
0.00860121
0.00867352
0.00899683
0.00939097
0.00947843
0.00934931
0.00942861
0.00980348
0.0102377
0.0104264
0.0103279
0.0103653
0.0107961
0.0112268
0.0113145
0.0113436
0.0116393
0.0120391
0.0122754
0.0124252
0.0126901
0.0130442
0.0133471
0.0135919
0.0138689
0.0141937
0.0145305
0.0148607
0.0151887
0.0155044
0.0158332
0.0162063
0.0165948
0.0169308
0.0172434
0.0176205
0.0180526
0.0184464
0.018788
0.0191752
0.0196309
0.0200735
0.0204645
0.0208848
0.0213502
0.0218068
0.0222346
0.022696
0.0231735
0.0236582
0.0241408
0.0246514
0.0251737
0.0257036
0.026235
0.0267771
0.0273237
0.0278833
0.0284651
0.0290438
0.0296473
0.0302469
0.0308756
0.0314885
0.0321351
0.0327908
0.0334546
0.0341359
0.0348312
0.0355581
0.0362784
0.0370244
0.0377871
0.0385596
0.0393731
0.0401734
0.0410076
0.0418325
0.042689
0.0435599
0.0444394
0.0453215
0.0462112
0.0471051
0.0479038
0.0487314
0.0493135
0.00706105
0.00696329
0.00729909
0.00817893
0.00934224
0.0100997
0.00997677
0.00930431
0.00878343
0.00896677
0.00952161
0.00953181
0.00900256
0.00863941
0.00868936
0.00905927
0.00948234
0.0095528
0.00938102
0.00946611
0.00986203
0.0102665
0.0104645
0.0104131
0.0104088
0.0107896
0.0112717
0.0113933
0.0113722
0.011641
0.0120694
0.0123175
0.012449
0.0127059
0.0130677
0.0133742
0.0136138
0.0138845
0.0142081
0.0145478
0.0148779
0.015202
0.0155149
0.0158417
0.0162138
0.0166043
0.0169412
0.0172506
0.0176252
0.0180605
0.018457
0.018794
0.0191772
0.0196364
0.020081
0.0204678
0.020886
0.0213538
0.0218108
0.0222368
0.0226991
0.0231788
0.0236633
0.0241444
0.0246548
0.0251762
0.025705
0.0262365
0.0267788
0.0273258
0.0278862
0.0284677
0.0290455
0.0296489
0.030249
0.030878
0.0314909
0.0321382
0.0327938
0.0334577
0.0341393
0.0348347
0.0355616
0.0362817
0.0370278
0.0377904
0.0385628
0.039376
0.0401757
0.0410102
0.0418347
0.0426924
0.0435632
0.0444427
0.045327
0.0462175
0.0471155
0.0479149
0.0487449
0.0493291
0.0070874
0.0070621
0.00734796
0.00812759
0.00923728
0.0100951
0.0101293
0.0095202
0.00892024
0.00893373
0.0094917
0.00969796
0.00921889
0.00872229
0.00868813
0.00908118
0.00957215
0.00966524
0.00942636
0.00947065
0.00991415
0.0103273
0.0104954
0.0104774
0.0104739
0.0107911
0.0112938
0.0114759
0.0114203
0.0116386
0.0120905
0.0123655
0.0124782
0.0127183
0.01309
0.0134042
0.0136374
0.0139004
0.014222
0.0145647
0.0148963
0.015217
0.0155258
0.0158503
0.0162219
0.0166143
0.0169523
0.0172583
0.0176301
0.0180684
0.0184681
0.0188006
0.0191792
0.0196418
0.020089
0.0204715
0.020887
0.0213575
0.0218153
0.0222392
0.0227022
0.0231841
0.0236685
0.0241479
0.0246582
0.0251788
0.0257066
0.0262382
0.0267807
0.0273281
0.0278891
0.0284704
0.0290474
0.0296506
0.0302513
0.0308804
0.0314933
0.0321415
0.032797
0.033461
0.0341429
0.0348384
0.0355651
0.0362852
0.0370314
0.0377938
0.0385662
0.0393791
0.040178
0.0410129
0.0418371
0.0426959
0.0435668
0.0444461
0.045333
0.0462241
0.0471261
0.0479266
0.0487584
0.049345
0.00707451
0.00716313
0.00743027
0.00811165
0.00913769
0.0100523
0.0102439
0.00973352
0.00909827
0.00894492
0.00942531
0.00979664
0.00944818
0.00886315
0.00869652
0.00906243
0.00963327
0.00980378
0.00951125
0.00945811
0.0099318
0.0104108
0.0105475
0.010515
0.010539
0.0108153
0.0113012
0.0115478
0.011489
0.0116418
0.0120988
0.0124145
0.0125164
0.0127294
0.0131083
0.0134369
0.0136643
0.0139165
0.0142353
0.0145807
0.0149153
0.0152341
0.0155377
0.015859
0.0162301
0.0166248
0.016964
0.0172665
0.0176349
0.0180764
0.0184797
0.0188077
0.0191812
0.019647
0.0200975
0.0204759
0.0208882
0.0213613
0.0218201
0.0222419
0.0227053
0.0231896
0.0236739
0.0241514
0.0246617
0.0251816
0.0257084
0.0262401
0.0267827
0.0273304
0.0278921
0.0284732
0.0290493
0.0296525
0.0302538
0.030883
0.0314959
0.0321448
0.0328003
0.0334643
0.0341466
0.0348422
0.0355688
0.0362889
0.037035
0.0377973
0.0385696
0.0393824
0.0401805
0.0410158
0.0418397
0.0426995
0.0435707
0.0444496
0.0453393
0.0462311
0.0471367
0.0479388
0.0487721
0.0493611
0.00701974
0.00724643
0.00753408
0.00813379
0.00905875
0.00998287
0.010316
0.00992787
0.00929996
0.00901159
0.00935468
0.00982424
0.00965661
0.00905412
0.00874198
0.00902238
0.00964465
0.00994181
0.00964915
0.00945865
0.00990096
0.0104856
0.010642
0.010549
0.0105806
0.0108586
0.0113127
0.0115997
0.0115683
0.0116605
0.0120969
0.012458
0.0125639
0.012743
0.0131209
0.0134695
0.0136959
0.0139342
0.014248
0.014596
0.0149339
0.0152527
0.0155515
0.0158678
0.016238
0.0166358
0.0169768
0.0172753
0.0176395
0.0180843
0.0184919
0.0188156
0.0191831
0.0196518
0.0201064
0.0204811
0.0208895
0.021365
0.0218253
0.0222448
0.0227083
0.0231951
0.0236794
0.024155
0.0246652
0.0251844
0.0257104
0.0262423
0.0267848
0.0273327
0.0278951
0.0284761
0.0290514
0.0296544
0.0302563
0.0308857
0.0314985
0.0321483
0.0328037
0.0334677
0.0341504
0.0348461
0.0355726
0.0362927
0.0370387
0.0378009
0.038573
0.0393858
0.040183
0.0410188
0.0418425
0.0427032
0.0435749
0.0444532
0.045346
0.0462385
0.0471475
0.0479514
0.048786
0.0493773
0.00693191
0.00729721
0.00764315
0.00819094
0.0090129
0.00990223
0.0103472
0.0100927
0.00950676
0.0091274
0.00931032
0.00979762
0.00981584
0.00927235
0.00884012
0.00898712
0.00960511
0.0100481
0.00982872
0.00950416
0.00983824
0.0105165
0.0107679
0.0106127
0.0105929
0.0108966
0.0113439
0.0116391
0.0116436
0.0116981
0.0120929
0.0124912
0.012618
0.0127629
0.013129
0.0134993
0.0137315
0.013955
0.0142601
0.0146106
0.0149522
0.0152722
0.0155676
0.0158775
0.0162451
0.0166468
0.0169909
0.0172851
0.017644
0.0180917
0.0185047
0.0188244
0.019185
0.0196561
0.0201156
0.020487
0.020891
0.0213686
0.0218307
0.0222482
0.0227114
0.0232006
0.023685
0.0241586
0.0246687
0.0251873
0.0257127
0.0262448
0.0267872
0.0273351
0.0278981
0.028479
0.0290535
0.0296566
0.0302591
0.0308885
0.0315011
0.0321518
0.0328073
0.0334713
0.0341543
0.0348501
0.0355765
0.0362966
0.0370425
0.0378047
0.0385766
0.0393894
0.0401857
0.0410218
0.0418456
0.0427069
0.0435795
0.044457
0.045353
0.0462464
0.0471582
0.0479645
0.0488002
0.0493938
0.00682571
0.00731111
0.00774188
0.0082704
0.00900513
0.0098287
0.0103448
0.0102236
0.00970294
0.0092755
0.00930957
0.00974271
0.00991298
0.00949001
0.0089885
0.00898365
0.00953441
0.0100969
0.0100207
0.0096153
0.00977759
0.0104841
0.0108892
0.0107312
0.0106027
0.0109031
0.0113898
0.0116854
0.0117056
0.0117466
0.0120962
0.0125137
0.0126738
0.0127908
0.0131345
0.0135253
0.0137698
0.0139794
0.0142723
0.014624
0.0149702
0.0152919
0.0155857
0.0158892
0.0162516
0.0166571
0.0170061
0.0172961
0.0176483
0.0180986
0.0185181
0.0188346
0.0191869
0.0196597
0.0201252
0.0204938
0.0208928
0.0213722
0.0218363
0.0222517
0.0227145
0.0232061
0.0236908
0.0241624
0.0246723
0.0251904
0.0257151
0.0262476
0.0267898
0.0273376
0.0279012
0.0284821
0.0290558
0.0296587
0.0302621
0.0308915
0.0315038
0.0321554
0.0328109
0.0334749
0.0341583
0.0348544
0.0355805
0.0363007
0.0370464
0.0378086
0.0385803
0.0393932
0.0401886
0.0410249
0.041849
0.0427107
0.0435844
0.0444611
0.0453602
0.0462547
0.047169
0.0479779
0.0488147
0.0494103
0.00671702
0.00729347
0.00782038
0.00835693
0.00902913
0.00977763
0.0103201
0.0103195
0.0098799
0.00943857
0.00935404
0.00968666
0.00995206
0.00968079
0.00917072
0.00902787
0.00945972
0.0100819
0.0101899
0.00978723
0.00975579
0.0104027
0.0109654
0.0108933
0.0106482
0.0108721
0.0114222
0.0117542
0.0117629
0.0117929
0.0121106
0.0125306
0.0127271
0.0128271
0.0131387
0.0135464
0.0138103
0.0140079
0.0142855
0.0146366
0.0149877
0.0153113
0.0156048
0.0159035
0.0162586
0.0166662
0.0170221
0.0173088
0.0176526
0.0181044
0.0185317
0.0188464
0.0191893
0.0196623
0.020135
0.0205016
0.0208949
0.0213757
0.0218423
0.0222556
0.0227177
0.0232117
0.0236966
0.0241662
0.024676
0.0251935
0.0257177
0.0262507
0.0267926
0.0273401
0.0279042
0.0284852
0.0290583
0.0296611
0.0302652
0.0308946
0.0315065
0.0321592
0.0328148
0.0334787
0.0341623
0.0348587
0.0355847
0.036305
0.0370504
0.0378126
0.0385842
0.0393971
0.0401917
0.041028
0.0418528
0.0427146
0.0435896
0.0444655
0.0453676
0.0462636
0.0471798
0.0479917
0.0488294
0.0494269
0.00661889
0.00725469
0.00787479
0.00844061
0.00907254
0.00975488
0.0102891
0.0103835
0.0100337
0.00960187
0.00943411
0.00965091
0.00994868
0.00982872
0.00936662
0.00911983
0.00940834
0.0100196
0.0103043
0.00999196
0.00979998
0.0103067
0.0109719
0.0110605
0.0107599
0.0108339
0.0114107
0.0118377
0.0118363
0.0118292
0.012129
0.0125487
0.012776
0.0128713
0.0131441
0.0135602
0.0138525
0.0140408
0.014299
0.0146492
0.0150056
0.0153303
0.0156238
0.01592
0.0162671
0.0166739
0.017038
0.0173237
0.0176577
0.0181091
0.0185451
0.0188597
0.0191925
0.0196639
0.0201447
0.0205105
0.0208972
0.0213791
0.0218487
0.0222598
0.0227208
0.0232174
0.0237028
0.02417
0.0246797
0.0251969
0.0257205
0.0262539
0.0267957
0.0273428
0.0279071
0.0284884
0.0290608
0.0296636
0.0302686
0.0308978
0.0315092
0.0321631
0.0328187
0.0334826
0.0341666
0.0348632
0.0355888
0.0363093
0.0370545
0.0378167
0.0385883
0.0394011
0.040195
0.0410312
0.0418569
0.0427186
0.0435949
0.0444703
0.0453752
0.0462729
0.0471907
0.0480057
0.0488446
0.0494436
0.00654069
0.00720653
0.0079057
0.00851549
0.00912438
0.00975538
0.0102654
0.010423
0.0101626
0.00975585
0.00953487
0.0096456
0.0099225
0.00992876
0.00955657
0.00924897
0.00939802
0.00993768
0.0103498
0.0101936
0.00991348
0.0102337
0.010917
0.011189
0.0109294
0.0108319
0.0113478
0.0119038
0.0119425
0.0118665
0.012139
0.0125697
0.012822
0.012921
0.0131546
0.0135652
0.0138938
0.0140815
0.0143127
0.0146599
0.0150249
0.0153494
0.0156419
0.0159378
0.016278
0.0166813
0.0170526
0.01734
0.0176641
0.0181127
0.018558
0.0188748
0.0191967
0.0196646
0.0201541
0.0205206
0.0208999
0.021382
0.0218555
0.0222646
0.0227236
0.023223
0.0237093
0.024174
0.0246834
0.0252004
0.0257237
0.0262573
0.026799
0.0273456
0.0279101
0.0284918
0.0290635
0.0296662
0.0302721
0.0309011
0.031512
0.0321671
0.0328227
0.0334866
0.0341709
0.0348679
0.0355932
0.0363139
0.0370586
0.0378208
0.0385925
0.0394051
0.0401985
0.0410344
0.0418613
0.0427228
0.0436003
0.0444756
0.0453828
0.0462828
0.0472018
0.0480198
0.04886
0.0494604
0.00648827
0.00716134
0.00791707
0.00857839
0.00917969
0.00977052
0.0102541
0.0104482
0.0102681
0.00989741
0.0096434
0.00966895
0.00989226
0.00998313
0.00972398
0.00940071
0.00943192
0.00986467
0.0103356
0.0103567
0.0100767
0.0102139
0.0108317
0.0112505
0.0111167
0.0109011
0.011265
0.0119167
0.0120731
0.0119294
0.0121352
0.0125867
0.0128688
0.0129739
0.013173
0.0135619
0.0139277
0.0141321
0.0143303
0.0146659
0.0150458
0.0153709
0.0156581
0.0159552
0.0162916
0.01669
0.0170662
0.017357
0.0176722
0.0181152
0.0185698
0.0188915
0.0192022
0.0196644
0.0201633
0.0205318
0.020903
0.0213845
0.0218627
0.0222702
0.0227265
0.0232282
0.0237161
0.0241782
0.0246869
0.025204
0.025727
0.0262609
0.0268025
0.0273486
0.0279131
0.0284953
0.0290663
0.0296691
0.0302758
0.0309045
0.0315147
0.0321713
0.0328268
0.0334908
0.0341752
0.0348726
0.0355977
0.0363186
0.0370631
0.0378251
0.0385971
0.0394091
0.0402023
0.0410375
0.041866
0.0427273
0.0436058
0.0444813
0.0453905
0.046293
0.0472131
0.048034
0.0488757
0.0494772
0.00646228
0.00713057
0.00791699
0.00862674
0.0092356
0.00979473
0.0102536
0.0104674
0.0103531
0.0100264
0.00975207
0.00971218
0.00987181
0.0100017
0.009857
0.00956073
0.00950339
0.00982097
0.0102855
0.0104596
0.0102587
0.0102577
0.0107512
0.0112486
0.0112779
0.0110391
0.0112083
0.0118622
0.0121921
0.0120374
0.0121303
0.0125873
0.0129171
0.0130305
0.0132017
0.0135566
0.0139471
0.0141885
0.0143584
0.0146653
0.015064
0.0153984
0.0156744
0.0159701
0.0163066
0.0167008
0.0170793
0.0173738
0.017682
0.0181178
0.0185804
0.0189095
0.0192091
0.0196632
0.0201721
0.0205442
0.0209065
0.0213864
0.02187
0.0222767
0.0227294
0.0232331
0.023723
0.0241828
0.0246905
0.0252076
0.0257307
0.0262647
0.0268061
0.0273516
0.0279162
0.028499
0.0290691
0.029672
0.0302797
0.0309082
0.0315175
0.0321756
0.032831
0.0334951
0.0341796
0.0348775
0.0356023
0.0363232
0.0370675
0.0378292
0.038602
0.0394133
0.0402064
0.041041
0.0418708
0.0427321
0.0436113
0.0444876
0.0453984
0.0463034
0.0472246
0.0480483
0.0488917
0.0494941
0.00645754
0.00712112
0.00791751
0.00866105
0.00928788
0.00982551
0.0102602
0.0104837
0.01042
0.0101411
0.00985835
0.00976618
0.00986704
0.0100001
0.00995041
0.00971496
0.00960266
0.00981389
0.0102265
0.0105018
0.0104248
0.0103542
0.0107039
0.0112082
0.0113838
0.0112099
0.0112179
0.0117689
0.0122588
0.012184
0.0121502
0.0125649
0.0129581
0.0130916
0.0132392
0.0135576
0.013952
0.0142415
0.0144036
0.0146632
0.0150713
0.015431
0.0156953
0.0159809
0.0163212
0.0167146
0.0170932
0.0173902
0.0176922
0.0181203
0.0185902
0.0189285
0.0192176
0.0196612
0.0201804
0.0205581
0.0209107
0.0213874
0.0218775
0.0222843
0.0227326
0.0232375
0.0237299
0.0241877
0.0246941
0.0252115
0.0257346
0.0262686
0.02681
0.0273547
0.0279191
0.028503
0.0290722
0.029675
0.0302837
0.0309119
0.0315202
0.0321801
0.0328355
0.0334995
0.0341842
0.0348824
0.0356072
0.036328
0.0370722
0.0378333
0.0386069
0.0394174
0.0402104
0.0410446
0.0418758
0.0427374
0.0436168
0.0444943
0.0454066
0.046314
0.0472365
0.0480626
0.0489077
0.049511
0.00646513
0.00713119
0.00792894
0.00868759
0.00933287
0.00985998
0.0102715
0.0104977
0.0104723
0.0102411
0.00996242
0.00982619
0.00987492
0.00999144
0.010006
0.00984855
0.00971802
0.00984125
0.0101818
0.0105011
0.0105507
0.0104806
0.0107024
0.0111574
0.0114321
0.0113717
0.0112993
0.0116835
0.0122525
0.0123347
0.0122194
0.0125321
0.0129792
0.0131559
0.0132828
0.0135678
0.0139481
0.0142801
0.0144645
0.0146727
0.0150641
0.0154616
0.0157268
0.0159896
0.0163307
0.0167306
0.0171096
0.0174072
0.0177024
0.0181223
0.0185996
0.0189487
0.0192275
0.0196583
0.0201878
0.0205737
0.0209156
0.0213872
0.0218849
0.022293
0.0227363
0.0232416
0.0237367
0.0241928
0.0246977
0.0252154
0.0257386
0.0262727
0.0268142
0.027358
0.0279219
0.0285072
0.0290754
0.0296781
0.0302879
0.0309158
0.031523
0.0321846
0.0328399
0.0335039
0.034189
0.0348873
0.0356123
0.0363327
0.0370772
0.0378376
0.0386125
0.0394218
0.0402145
0.0410485
0.0418807
0.0427429
0.0436222
0.0445014
0.045415
0.0463246
0.0472487
0.0480771
0.0489239
0.0495279
0.00647644
0.00715476
0.00795591
0.00871585
0.00936968
0.00989412
0.0102861
0.0105105
0.0105128
0.0103254
0.0100626
0.00989129
0.00989073
0.00998284
0.0100334
0.00995096
0.00983622
0.00989569
0.0101622
0.0104802
0.0106291
0.0106111
0.0107445
0.0111207
0.0114418
0.0114941
0.0114232
0.0116466
0.0121914
0.0124469
0.0123375
0.0125147
0.0129733
0.0132178
0.0133341
0.0135871
0.0139447
0.0142988
0.0145278
0.014704
0.0150488
0.0154787
0.0157705
0.0160051
0.0163323
0.0167448
0.0171297
0.0174256
0.0177123
0.0181228
0.0186084
0.0189709
0.0192392
0.0196539
0.020194
0.0205913
0.0209219
0.0213857
0.0218918
0.0223029
0.0227403
0.0232453
0.0237437
0.0241981
0.0247014
0.0252197
0.0257427
0.0262769
0.0268187
0.0273613
0.0279246
0.0285118
0.0290788
0.0296814
0.0302921
0.0309197
0.0315259
0.0321893
0.0328444
0.0335082
0.0341938
0.0348921
0.0356177
0.0363373
0.0370822
0.0378418
0.0386179
0.0394264
0.0402187
0.0410531
0.0418858
0.0427489
0.0436279
0.0445087
0.0454238
0.0463351
0.0472611
0.0480916
0.04894
0.0495449
0.00648599
0.00718358
0.00799483
0.00875337
0.00940324
0.00992535
0.0103027
0.0105215
0.0105426
0.010391
0.0101527
0.00996043
0.0099139
0.00997705
0.0100438
0.0100209
0.00994323
0.00996744
0.0101683
0.0104588
0.0106679
0.0107227
0.0108163
0.0111101
0.011435
0.0115726
0.0115543
0.0116724
0.012117
0.0124945
0.0124751
0.0125364
0.0129469
0.0132641
0.0133929
0.0136142
0.0139484
0.0143041
0.0145799
0.0147567
0.0150401
0.0154734
0.015815
0.0160369
0.0163303
0.0167514
0.0171537
0.0174488
0.0177223
0.0181209
0.0186153
0.018995
0.0192534
0.0196477
0.0201979
0.0206106
0.0209303
0.021383
0.0218979
0.0223141
0.0227449
0.0232485
0.0237507
0.0242036
0.0247048
0.0252244
0.0257472
0.0262811
0.0268234
0.0273647
0.0279269
0.0285164
0.0290825
0.0296849
0.0302965
0.0309236
0.031529
0.0321941
0.0328494
0.0335127
0.034199
0.034897
0.0356233
0.0363419
0.0370873
0.0378464
0.0386234
0.039431
0.0402224
0.0410577
0.0418908
0.042755
0.0436338
0.0445163
0.0454331
0.0463457
0.0472737
0.0481063
0.048956
0.0495617
0.00649288
0.00721154
0.00803893
0.00880086
0.00944055
0.00995399
0.0103197
0.0105301
0.0105628
0.0104373
0.0102269
0.0100286
0.00994413
0.00997445
0.0100437
0.0100641
0.0100291
0.0100455
0.010196
0.010449
0.0106833
0.0108042
0.0109
0.0111263
0.011428
0.0116182
0.0116647
0.0117431
0.0120686
0.012486
0.0125965
0.0126038
0.0129215
0.0132864
0.0134539
0.0136489
0.0139586
0.014305
0.014614
0.0148187
0.0150526
0.015453
0.0158442
0.0160858
0.0163351
0.0167441
0.0171751
0.0174799
0.0177352
0.018116
0.0186196
0.0190217
0.0192719
0.0196405
0.0201986
0.0206313
0.0209413
0.0213794
0.0219025
0.0223263
0.0227502
0.0232512
0.0237579
0.0242096
0.0247079
0.0252292
0.0257518
0.0262853
0.0268284
0.0273684
0.0279292
0.0285213
0.0290863
0.0296883
0.0303009
0.0309274
0.0315323
0.0321987
0.0328546
0.033517
0.0342044
0.034902
0.0356293
0.0363468
0.0370925
0.0378513
0.0386289
0.0394364
0.0402264
0.0410629
0.041896
0.042761
0.0436398
0.0445237
0.0454425
0.0463562
0.0472863
0.048121
0.048972
0.0495785
0.00650132
0.00723745
0.00808278
0.00885396
0.00948512
0.00998175
0.0103336
0.0105338
0.0105748
0.0104709
0.0102835
0.0100897
0.00997779
0.00997566
0.0100366
0.0100875
0.0100925
0.0101191
0.0102392
0.0104544
0.0106907
0.0108571
0.0109792
0.011164
0.0114296
0.0116459
0.0117451
0.011829
0.0120633
0.0124499
0.0126751
0.0126996
0.0129182
0.0132885
0.0135085
0.0136927
0.0139755
0.0143072
0.0146338
0.0148749
0.0150876
0.015435
0.015849
0.0161399
0.0163602
0.0167283
0.0171838
0.0175176
0.017755
0.0181073
0.0186176
0.0190494
0.0192962
0.019633
0.0201948
0.0206528
0.0209563
0.0213759
0.0219056
0.0223394
0.0227563
0.0232532
0.023765
0.0242163
0.0247108
0.0252342
0.0257568
0.0262896
0.0268335
0.0273719
0.0279314
0.0285264
0.0290907
0.0296921
0.0303055
0.0309311
0.0315359
0.0322031
0.0328596
0.0335212
0.0342096
0.0349068
0.0356349
0.0363515
0.0370975
0.0378565
0.0386342
0.0394415
0.0402302
0.0410683
0.0419017
0.0427673
0.0436466
0.0445317
0.0454524
0.0463668
0.0472989
0.0481359
0.0489877
0.0495947
0.00651622
0.00726437
0.00812488
0.00890682
0.00953444
0.0100114
0.0103445
0.0105317
0.0105754
0.0104858
0.0103166
0.0101353
0.0100079
0.00997918
0.0100249
0.0100946
0.0101361
0.010181
0.0102894
0.0104739
0.0107003
0.0108915
0.011043
0.0112132
0.0114423
0.011666
0.0118019
0.0119076
0.0120936
0.0124162
0.0127068
0.0127964
0.0129444
0.0132819
0.0135486
0.013741
0.0140001
0.0143138
0.0146466
0.0149194
0.0151345
0.0154342
0.0158359
0.0161802
0.0164076
0.0167193
0.0171741
0.0175553
0.0177887
0.0180997
0.0186065
0.0190755
0.0193277
0.0196268
0.0201841
0.0206723
0.0209747
0.0213728
0.0219064
0.022353
0.0227636
0.0232546
0.023772
0.0242239
0.0247137
0.0252389
0.0257619
0.0262942
0.0268391
0.0273758
0.0279336
0.0285314
0.029095
0.0296956
0.0303101
0.0309348
0.0315399
0.0322076
0.0328655
0.0335259
0.0342154
0.0349123
0.0356408
0.0363565
0.0371023
0.0378621
0.0386395
0.039447
0.0402341
0.0410736
0.0419072
0.042773
0.0436532
0.0445394
0.0454623
0.0463776
0.0473115
0.048151
0.0490036
0.0496113
0.00653926
0.00729419
0.00816562
0.00895494
0.00958102
0.0100394
0.0103491
0.0105201
0.0105626
0.0104866
0.0103344
0.0101628
0.0100298
0.00998269
0.010013
0.0100899
0.0101632
0.0102302
0.0103394
0.0105041
0.0107155
0.0109171
0.0110896
0.0112627
0.0114655
0.0116836
0.0118449
0.0119708
0.0121407
0.0124039
0.0127078
0.0128724
0.0129941
0.0132802
0.013574
0.0137864
0.0140302
0.014325
0.0146546
0.0149519
0.0151818
0.0154528
0.0158231
0.0161973
0.0164626
0.0167309
0.0171501
0.0175789
0.0178363
0.0181012
0.0185856
0.0190963
0.019369
0.0196271
0.0201681
0.0206893
0.0209981
0.0213715
0.0219046
0.0223662
0.0227716
0.0232546
0.0237782
0.0242321
0.0247166
0.0252431
0.0257664
0.0262983
0.0268448
0.0273794
0.0279357
0.0285365
0.0291
0.0296994
0.0303147
0.0309385
0.0315442
0.0322113
0.03287
0.0335303
0.0342205
0.0349175
0.0356462
0.0363616
0.0371073
0.0378681
0.0386445
0.0394522
0.0402384
0.0410793
0.0419135
0.042779
0.0436603
0.0445472
0.0454718
0.0463879
0.0473235
0.0481655
0.0490185
0.0496265
0.00658245
0.00733419
0.00820963
0.00900195
0.00962643
0.010068
0.0103462
0.0104885
0.0105199
0.0104545
0.0103171
0.0101635
0.010035
0.00997879
0.00999975
0.0100785
0.0101772
0.0102692
0.0103868
0.010543
0.0107389
0.0109416
0.0111247
0.011305
0.011495
0.0117013
0.0118797
0.0120209
0.0121888
0.0124139
0.0126987
0.0129199
0.013055
0.0132935
0.0135915
0.0138263
0.0140635
0.0143434
0.0146608
0.0149731
0.0152224
0.0154804
0.0158207
0.0161965
0.0165066
0.0167663
0.0171287
0.0175791
0.0178884
0.0181195
0.0185558
0.0191031
0.019416
0.0196359
0.0201459
0.0207003
0.0210266
0.0213746
0.0219015
0.0223804
0.0227824
0.0232549
0.0237846
0.024242
0.0247211
0.0252479
0.0257714
0.0263031
0.0268514
0.0273836
0.0279378
0.0285413
0.029105
0.0297031
0.0303191
0.0309425
0.031549
0.0322151
0.0328765
0.0335359
0.0342266
0.0349237
0.0356519
0.0363669
0.0371124
0.0378746
0.0386501
0.0394577
0.040243
0.0410848
0.0419197
0.0427849
0.0436678
0.0445558
0.0454822
0.0463992
0.0473363
0.0481807
0.0490344
0.0496429
0.00664656
0.00738162
0.00825003
0.00903995
0.00966359
0.010096
0.0103499
0.0104619
0.0104688
0.0103957
0.0102666
0.0101207
0.0100104
0.00995742
0.00997699
0.0100574
0.0101749
0.0102944
0.0104262
0.0105827
0.0107659
0.0109635
0.0111494
0.0113342
0.0115221
0.0117177
0.0119062
0.0120614
0.0122298
0.0124356
0.0126924
0.0129419
0.0131118
0.0133212
0.0136059
0.0138591
0.0140962
0.0143678
0.0146698
0.0149864
0.0152587
0.0155122
0.0158292
0.0161916
0.0165286
0.0168111
0.0171243
0.0175576
0.0179308
0.0181604
0.0185267
0.0190918
0.019466
0.0196568
0.020118
0.0206996
0.0210559
0.0213798
0.0218931
0.0223908
0.0227925
0.0232522
0.0237883
0.0242512
0.0247249
0.0252511
0.0257746
0.0263063
0.0268575
0.0273847
0.0279396
0.0285461
0.0291104
0.0297069
0.0303229
0.0309466
0.0315545
0.0322169
0.0328807
0.0335408
0.0342314
0.0349292
0.0356567
0.0363716
0.0371173
0.0378804
0.0386545
0.0394621
0.0402477
0.0410901
0.0419257
0.04279
0.0436743
0.0445634
0.0454907
0.0464091
0.0473476
0.0481943
0.0490486
0.0496571
0.00674605
0.00744198
0.00827734
0.00903966
0.00963903
0.0100503
0.0102867
0.0103853
0.0103868
0.0103233
0.0102091
0.0100906
0.00997503
0.00993082
0.00996025
0.0100481
0.0101792
0.0103228
0.0104711
0.0106317
0.0108056
0.0109922
0.011175
0.0113597
0.0115495
0.0117395
0.0119319
0.0120996
0.012269
0.0124657
0.0126997
0.0129529
0.01316
0.0133631
0.0136253
0.0138889
0.0141287
0.0143953
0.0146849
0.0149946
0.0152901
0.0155485
0.0158468
0.0161969
0.0165386
0.0168524
0.0171488
0.0175317
0.0179508
0.018222
0.0185132
0.019061
0.0195146
0.0196997
0.0200945
0.020691
0.0210913
0.0213963
0.021887
0.0224027
0.0228076
0.0232516
0.0237926
0.0242631
0.0247319
0.0252563
0.0257789
0.0263107
0.0268649
0.02739
0.0279417
0.0285503
0.0291162
0.0297112
0.0303264
0.0309514
0.0315614
0.0322356
0.0328878
0.0335477
0.0342377
0.0349356
0.035662
0.036377
0.0371235
0.0378877
0.0386604
0.0394674
0.0402534
0.0410961
0.0419326
0.0427966
0.0436825
0.0445729
0.0455009
0.0464203
0.0473603
0.048209
0.0490639
0.0496727
0.00693909
0.00759041
0.0083751
0.00907928
0.00961626
0.00996904
0.0101495
0.0102005
0.010163
0.0100892
0.0100086
0.00992811
0.00987901
0.00987018
0.00992537
0.0100329
0.0101784
0.0103395
0.0105011
0.0106653
0.0108318
0.0110069
0.0111829
0.011365
0.0115573
0.0117475
0.0119426
0.0121215
0.0122957
0.0124883
0.0127079
0.0129534
0.0131864
0.0134015
0.0136445
0.01391
0.014156
0.0144167
0.0147004
0.014998
0.0153064
0.0155816
0.0158621
0.0162023
0.0165403
0.0168691
0.0171846
0.0175167
0.0179365
0.0182814
0.0185241
0.0190079
0.0195387
0.0197562
0.0200725
0.020661
0.0211187
0.0214162
0.0218764
0.0224078
0.0228215
0.0232491
0.0237925
0.0242728
0.0247386
0.0252595
0.0257805
0.0263124
0.026871
0.0273953
0.0279437
0.0285536
0.0291219
0.0297156
0.0303285
0.0309559
0.0315682
0.0322341
0.032891
0.0335534
0.0342432
0.0349413
0.0356666
0.0363814
0.0371289
0.0378933
0.0386644
0.0394711
0.0402584
0.0411012
0.0419378
0.0428011
0.0436882
0.0445803
0.0455089
0.0464299
0.0473714
0.0482219
0.0490775
0.0496861
0.00713386
0.00773701
0.00847277
0.00912617
0.00960861
0.00991291
0.0100487
0.0100644
0.0100119
0.0099253
0.00983925
0.00978421
0.00978463
0.00983223
0.00992193
0.0100417
0.01019
0.0103566
0.010524
0.0106906
0.0108531
0.011021
0.0111923
0.0113722
0.011566
0.0117592
0.011957
0.0121453
0.0123279
0.0125203
0.0127308
0.0129658
0.0132079
0.0134383
0.0136733
0.013933
0.0141867
0.0144407
0.0147202
0.0150126
0.0153192
0.0156179
0.0158894
0.0162134
0.0165539
0.0168756
0.0172182
0.0175347
0.0179112
0.0183224
0.0185747
0.0189637
0.0195355
0.0198315
0.0200783
0.0206223
0.0211412
0.0214484
0.0218703
0.0224102
0.0228385
0.0232498
0.0237903
0.0242826
0.0247489
0.0252656
0.0257836
0.0263151
0.0268771
0.027402
0.0279471
0.0285558
0.0291279
0.0297212
0.0303307
0.0309607
0.0315746
0.0322371
0.0328951
0.0335601
0.0342495
0.0349468
0.0356708
0.0363861
0.0371359
0.0379005
0.0386697
0.0394758
0.0402644
0.0411072
0.0419442
0.0428079
0.0436962
0.0445895
0.0455182
0.0464398
0.0473828
0.048235
0.0490911
0.0497002
0.00734384
0.00773407
0.00824211
0.00870115
0.00905003
0.00929159
0.00944955
0.00953639
0.00958289
0.00962328
0.00965115
0.00966176
0.00972563
0.00983213
0.00995349
0.0100795
0.0102182
0.0103762
0.0105391
0.0107037
0.0108625
0.0110249
0.0111933
0.0113706
0.0115646
0.0117613
0.0119617
0.0121576
0.0123495
0.0125455
0.0127519
0.0129796
0.0132219
0.013461
0.0136998
0.0139531
0.0142103
0.0144614
0.0147317
0.0150264
0.0153237
0.0156365
0.0159168
0.0162193
0.0165669
0.0168799
0.0172274
0.017567
0.017895
0.0183238
0.0186342
0.018941
0.0194933
0.0198922
0.0201082
0.020576
0.0211445
0.021486
0.0218701
0.0224079
0.0228575
0.0232561
0.0237861
0.0242903
0.0247601
0.0252714
0.0257857
0.0263152
0.0268806
0.0274096
0.0279501
0.0285566
0.029133
0.0297263
0.0303312
0.0309647
0.031581
0.032239
0.0328985
0.0335672
0.0342568
0.0349534
0.035676
0.0363909
0.0371425
0.0379065
0.0386736
0.0394799
0.0402701
0.0411128
0.0419488
0.0428125
0.0437019
0.044597
0.0455264
0.0464495
0.0473943
0.0482475
0.0491043
0.0497134
0.00899629
0.00883075
0.00858673
0.0084019
0.00831712
0.00834375
0.00846734
0.00865724
0.00886535
0.00907328
0.00930931
0.00958824
0.00979147
0.00991299
0.010009
0.0101186
0.0102404
0.0103776
0.0105234
0.0106812
0.0108427
0.0110073
0.0111804
0.0113593
0.0115549
0.0117561
0.0119595
0.0121618
0.0123623
0.0125642
0.0127706
0.0129943
0.0132343
0.0134755
0.0137216
0.0139734
0.0142292
0.0144834
0.0147457
0.0150426
0.0153361
0.015648
0.015946
0.0162316
0.0165736
0.01689
0.0172229
0.0175916
0.0179039
0.0183055
0.0186811
0.0189547
0.0194399
0.0199269
0.0201637
0.0205413
0.0211269
0.0215202
0.0218749
0.0223949
0.0228688
0.0232634
0.0237767
0.0242917
0.0247704
0.0252779
0.0257903
0.0263155
0.0268815
0.0274185
0.0279555
0.028556
0.0291387
0.0297328
0.0303325
0.03097
0.031588
0.0322409
0.0329009
0.0335728
0.0342614
0.0349567
0.0356784
0.0363946
0.0371487
0.0379124
0.0386771
0.0394832
0.040275
0.0411177
0.0419539
0.0428183
0.0437088
0.0446045
0.0455337
0.0464572
0.0474036
0.0482582
0.0491153
0.0497248
0.00887824
0.00849315
0.00804472
0.00771482
0.00757099
0.00761974
0.00782879
0.00815587
0.0085636
0.00897499
0.00931893
0.00956359
0.00974897
0.00990514
0.0100381
0.0101626
0.0102844
0.0104141
0.0105548
0.0107048
0.0108644
0.0110254
0.0111967
0.011373
0.0115629
0.0117631
0.011963
0.0121677
0.0123723
0.0125809
0.0127916
0.013014
0.0132531
0.0134928
0.0137445
0.0139959
0.0142467
0.014505
0.0147631
0.0150562
0.0153508
0.0156556
0.0159685
0.0162539
0.0165782
0.0169079
0.0172261
0.0176041
0.0179356
0.0182923
0.0187026
0.0189962
0.0193973
0.0199262
0.0202323
0.020535
0.0210972
0.0215523
0.0218995
0.0223889
0.0228837
0.0232837
0.0237747
0.0242936
0.0247822
0.0252867
0.0257974
0.0263153
0.0268788
0.0274279
0.0279635
0.0285534
0.0291425
0.0297382
0.0303315
0.0309748
0.0315959
0.0322428
0.0329056
0.0335831
0.0342708
0.0349637
0.0356849
0.0364014
0.0371568
0.037919
0.0386818
0.0394887
0.0402816
0.0411237
0.0419583
0.0428231
0.0437145
0.0446117
0.0455419
0.0464666
0.0474148
0.0482702
0.0491279
0.0497378
0.00961265
0.00926703
0.00875133
0.00829123
0.0079991
0.00788398
0.00791434
0.00805228
0.00826547
0.00853879
0.00885154
0.00915345
0.00942705
0.0096692
0.00988317
0.0100669
0.0102311
0.0103876
0.0105473
0.0107058
0.0108681
0.0110301
0.0111976
0.0113734
0.0115554
0.0117521
0.0119474
0.0121503
0.012358
0.012572
0.0127948
0.0130198
0.0132617
0.0135022
0.0137539
0.0140057
0.0142522
0.0145173
0.0147783
0.015065
0.0153614
0.0156596
0.0159767
0.0162711
0.0165759
0.016912
0.0172292
0.0175951
0.0179585
0.0182898
0.018692
0.0190362
0.0193797
0.0198885
0.0202843
0.020555
0.0210512
0.0215591
0.0219212
0.0223707
0.0228829
0.0232971
0.0237669
0.0242884
0.0247862
0.0252923
0.0258076
0.0263151
0.0268726
0.0274364
0.0279724
0.028552
0.0291461
0.0297444
0.0303327
0.0309804
0.0316025
0.0322417
0.0329059
0.0335886
0.034274
0.0349638
0.0356852
0.0364047
0.0371617
0.0379225
0.0386834
0.039491
0.0402854
0.0411271
0.0419618
0.0428274
0.0437199
0.0446172
0.0455471
0.0464723
0.0474216
0.048278
0.049136
0.0497462
0.00768281
0.00789032
0.00821993
0.00851313
0.00869969
0.00878143
0.00880979
0.00881644
0.00880348
0.00879209
0.00886448
0.00903413
0.00926698
0.00952251
0.00977818
0.010017
0.0102352
0.0104311
0.0106067
0.0107685
0.0109235
0.0110803
0.0112399
0.0114094
0.0115824
0.0117659
0.011955
0.0121487
0.0123569
0.0125728
0.0128058
0.0130387
0.0132807
0.0135265
0.0137702
0.01402
0.0142638
0.0145316
0.0148015
0.015078
0.0153758
0.0156707
0.0159836
0.0162916
0.0165849
0.0169192
0.0172454
0.0175947
0.0179741
0.0183098
0.0186806
0.0190605
0.019401
0.0198478
0.0203052
0.0206109
0.0210221
0.0215535
0.0219632
0.0223663
0.0228868
0.0233244
0.0237671
0.0242895
0.0247927
0.025295
0.0258227
0.026318
0.0268622
0.0274447
0.0279829
0.0285494
0.0291487
0.0297474
0.0303312
0.0309865
0.0316109
0.0322434
0.0329106
0.033601
0.0342858
0.0349712
0.035692
0.0364129
0.0371711
0.0379293
0.038688
0.0394966
0.0402916
0.0411325
0.0419654
0.0428316
0.0437248
0.0446233
0.0455542
0.0464804
0.0474315
0.0482886
0.0491471
0.0497582
0.00969576
0.00930328
0.00875884
0.00824883
0.0078462
0.0075864
0.00748531
0.00753991
0.00777254
0.00813482
0.00850967
0.00885638
0.00918345
0.00949105
0.00976511
0.0100058
0.010217
0.0104077
0.0105813
0.0107439
0.0109
0.0110574
0.011222
0.011393
0.0115706
0.0117503
0.0119394
0.0121324
0.0123404
0.012562
0.0127978
0.0130425
0.0132842
0.0135344
0.0137746
0.0140175
0.0142666
0.0145321
0.0148133
0.0150855
0.0153805
0.0156794
0.015982
0.0162997
0.0165896
0.0169165
0.0172525
0.017593
0.017973
0.0183232
0.0186767
0.0190581
0.0194262
0.0198298
0.0202856
0.0206564
0.0210168
0.0215212
0.0219899
0.0223634
0.0228707
0.0233433
0.0237648
0.0242839
0.0247986
0.0252904
0.0258331
0.0263271
0.0268501
0.0274475
0.0279941
0.0285464
0.0291516
0.0297535
0.0303285
0.0309906
0.0316183
0.0322415
0.0329081
0.0336045
0.0342887
0.0349709
0.0356908
0.0364141
0.0371744
0.0379317
0.0386885
0.0394976
0.040294
0.0411348
0.0419675
0.0428339
0.0437278
0.0446266
0.0455572
0.0464835
0.0474355
0.0482932
0.0491522
0.0497633
0.00923056
0.00865815
0.00799077
0.00744827
0.00709988
0.006969
0.00704113
0.00730433
0.00767844
0.00809112
0.00849608
0.00888327
0.00924461
0.00956707
0.00984011
0.0100706
0.0102688
0.0104447
0.0106074
0.0107625
0.0109155
0.011069
0.0112317
0.0113998
0.0115754
0.0117533
0.0119382
0.0121313
0.0123369
0.0125609
0.012797
0.0130452
0.0132896
0.0135381
0.0137803
0.0140173
0.014269
0.014534
0.0148159
0.0150914
0.0153809
0.0156847
0.0159838
0.016302
0.0165963
0.016917
0.0172568
0.0175966
0.0179707
0.0183258
0.018677
0.0190502
0.0194319
0.0198346
0.0202706
0.02067
0.0210359
0.0215077
0.0219999
0.0223798
0.0228659
0.0233548
0.0237741
0.0242815
0.0248052
0.0252919
0.0258363
0.0263379
0.026848
0.0274459
0.0280027
0.028547
0.0291503
0.0297583
0.0303283
0.0309918
0.031627
0.0322482
0.0329134
0.0336143
0.0343009
0.0349809
0.0356997
0.0364218
0.0371827
0.037939
0.0386943
0.0395028
0.0402986
0.0411393
0.0419705
0.042837
0.0437309
0.0446309
0.0455625
0.0464897
0.0474428
0.0483012
0.0491615
0.0497748
)
;

boundaryField
{
    zeroGradientPlanes
    {
        type            zeroGradient;
    }
    inlet
    {
        type            zeroGradient;
    }
    plate
    {
        type            zeroGradient;
    }
    frontAndBack
    {
        type            empty;
    }
}


// ************************************************************************* //
