/*--------------------------------*- C++ -*----------------------------------*\
| =========                 |                                                 |
| \\      /  F ield         | OpenFOAM: The Open Source CFD Toolbox           |
|  \\    /   O peration     | Version:  v1906                                 |
|   \\  /    A nd           | Web:      www.OpenFOAM.com                      |
|    \\/     M anipulation  |                                                 |
\*---------------------------------------------------------------------------*/
FoamFile
{
    version     2.0;
    format      ascii;
    class       volScalarField;
    location    "8.4";
    object      p;
}
// * * * * * * * * * * * * * * * * * * * * * * * * * * * * * * * * * * * * * //

dimensions      [0 2 -2 0 0 0 0];


internalField   nonuniform List<scalar> 
9600
(
1.97289e-10
0.0029406
0.00387132
-9.06427e-05
-0.00379212
0.00138443
0.00181301
0.00429101
0.00691746
0.00654644
0.0075765
0.00913578
0.00867381
0.0101921
0.00965771
0.0112048
0.0114973
0.0139434
0.0167266
0.0227234
1.44241e-06
0.00294781
0.00385051
-9.61115e-05
-0.00378195
0.00139716
0.00178109
0.0042866
0.00690455
0.00655983
0.00758101
0.00913501
0.00868544
0.0101804
0.00967145
0.0111904
0.0115139
0.013916
0.0167434
0.0220773
5.87402e-06
0.00295552
0.00381868
-9.24412e-05
-0.00377298
0.00140344
0.00175281
0.00427729
0.00688659
0.00660414
0.00758715
0.00913622
0.00870584
0.0101646
0.00969651
0.0111654
0.0115394
0.0138686
0.0167326
0.0214789
1.55607e-05
0.00296225
0.00377926
-7.90716e-05
-0.00374645
0.00140558
0.00173786
0.0042699
0.00687042
0.00666851
0.00759678
0.0091379
0.00873455
0.0101482
0.00973067
0.0111363
0.0115708
0.0138087
0.0166982
0.0209109
3.28678e-05
0.00296602
0.00373127
-5.36676e-05
-0.00369727
0.00140811
0.00174025
0.0042637
0.00685571
0.00674854
0.00761419
0.00913934
0.00876843
0.0101317
0.00977072
0.0111065
0.0116051
0.013741
0.0166407
0.020382
5.85071e-05
0.00296437
0.00367801
-1.69413e-05
-0.00362073
0.00141663
0.00176078
0.00425748
0.00684396
0.00683966
0.00764075
0.00913924
0.00880607
0.0101146
0.00981518
0.0110765
0.0116409
0.0136674
0.0165626
0.0198851
9.14939e-05
0.00295726
0.0036244
3.04414e-05
-0.0035184
0.00143266
0.0017958
0.00425245
0.00683647
0.00693895
0.0076757
0.00913668
0.00884599
0.0100965
0.00986279
0.0110463
0.0116759
0.0135901
0.0164626
0.0194161
0.000130026
0.00294619
0.00357409
8.81846e-05
-0.00339409
0.00145411
0.00183948
0.00424862
0.00683269
0.00704212
0.00771612
0.0091305
0.00888676
0.0100772
0.00991253
0.0110157
0.0117079
0.0135108
0.0163397
0.018973
0.000172292
0.00293281
0.00352858
0.000156598
-0.00325231
0.00147672
0.00188768
0.004244
0.0068309
0.00714427
0.00775796
0.00911964
0.00892715
0.0100568
0.00996334
0.0109854
0.0117351
0.0134317
0.0161945
0.0185535
0.00021696
0.00291845
0.00348767
0.000235945
-0.00309638
0.00149658
0.00192952
0.00423653
0.00682918
0.00724058
0.00779682
0.00910322
0.00896619
0.0100358
0.0100141
0.010956
0.0117558
0.0133545
0.0160294
0.0181563
0.000263308
0.00290403
0.00345026
0.000325834
-0.00292892
0.00151234
0.00196759
0.00422587
0.00682632
0.00732683
0.00782873
0.00908069
0.00900314
0.0100146
0.0100635
0.0109282
0.0117686
0.0132798
0.0158481
0.0177801
0.000311043
0.00289017
0.00341505
0.0004249
-0.00275286
0.00152492
0.00200393
0.00421359
0.00682216
0.00740012
0.007851
0.00905197
0.00903751
0.00999386
0.0101105
0.0109022
0.0117721
0.0132076
0.0156547
0.0174233
0.000360077
0.00287724
0.00338087
0.000531055
-0.00257127
0.0015362
0.0020421
0.00420219
0.00681734
0.00745959
0.00786281
0.00901762
0.00906904
0.00997411
0.0101539
0.0108779
0.0117656
0.0131364
0.0154522
0.0170888
0.00041039
0.00286535
0.003347
0.000642107
-0.00238658
0.00154794
0.00208496
0.00419391
0.00681319
0.0075064
0.00786502
0.00897879
0.00909759
0.0099558
0.0101929
0.0108551
0.0117485
0.013064
0.0152427
0.0167569
0.00046197
0.00285446
0.00331331
0.000756193
-0.00220002
0.00156126
0.00213349
0.00418979
0.006811
0.0075426
0.00785952
0.00893694
0.00912317
0.00993918
0.0102269
0.0108329
0.0117212
0.0129882
0.0150276
0.0164278
0.000514803
0.00284454
0.00328009
0.000871869
-0.00201184
0.00157671
0.00218729
0.0041894
0.00681163
0.00757049
0.00784819
0.00889346
0.00914585
0.00992432
0.0102556
0.0108103
0.011684
0.0129075
0.0148081
0.0161027
0.000568891
0.00283562
0.00324776
0.000988083
-0.00182176
0.00159452
0.00224518
0.00419147
0.00681541
0.00759241
0.00783252
0.00884951
0.00916565
0.00991117
0.0102791
0.010786
0.0116373
0.0128208
0.0145852
0.0157801
0.000624257
0.00282768
0.00321676
0.00110416
-0.00162945
0.00161482
0.00230597
0.00419485
0.0068222
0.00761026
0.00781365
0.00880604
0.00918255
0.00989928
0.0102973
0.0107595
0.0115813
0.0127275
0.0143606
0.0154594
0.000680938
0.00282069
0.00318751
0.00121962
-0.00143462
0.00163768
0.00236882
0.0041989
0.00683164
0.00762557
0.00779222
0.00876369
0.00919677
0.00988768
0.0103108
0.0107304
0.011516
0.0126273
0.0141363
0.0151402
0.000738993
0.00281463
0.00316045
0.00133414
-0.00123711
0.00166334
0.00243316
0.00420338
0.00684327
0.0076396
0.00776838
0.00872262
0.00920879
0.00987548
0.0103194
0.0106985
0.0114412
0.0125204
0.0139138
0.014823
0.000798506
0.00280945
0.00313602
0.0014475
-0.00103702
0.00169204
0.00249868
0.00420832
0.00685657
0.00765342
0.00774222
0.00868256
0.00921922
0.00986215
0.0103226
0.0106633
0.0113573
0.0124067
0.0136942
0.0145087
0.000859577
0.0028051
0.00311462
0.00155955
-0.000834567
0.001724
0.00256514
0.00421386
0.00687094
0.00766789
0.00771387
0.00864307
0.00922864
0.00984713
0.0103197
0.010625
0.0112647
0.0122857
0.0134786
0.0141979
0.000922327
0.00280157
0.0030966
0.00167019
-0.000630011
0.00175944
0.00263227
0.0042202
0.00688566
0.00768357
0.00768385
0.00860359
0.00923742
0.00983021
0.0103098
0.0105835
0.011164
0.0121571
0.0132683
0.0138907
0.000986906
0.0027988
0.00308221
0.00177936
-0.000423743
0.00179866
0.00269989
0.00422756
0.00689996
0.00770104
0.00765267
0.00856341
0.00924578
0.00981135
0.0102921
0.0105384
0.0110556
0.0120204
0.013064
0.0135889
0.00105346
0.00279679
0.00307169
0.001887
-0.000216274
0.00184191
0.00276793
0.00423624
0.00691329
0.00772087
0.00762058
0.00852179
0.00925397
0.00979042
0.0102657
0.0104899
0.0109402
0.0118736
0.0128658
0.0132975
0.00112214
0.00279553
0.00306521
0.00199318
-8.16695e-06
0.00188948
0.00283625
0.00424659
0.00692519
0.00775635
0.00758816
0.00847782
0.00926218
0.00976777
0.0102295
0.0104377
0.0108201
0.0117149
0.0126717
0.0130226
0.00119312
0.00279496
0.00306283
0.00209813
0.000200052
0.00194161
0.00290481
0.00425894
0.00693488
0.00778072
0.00755627
0.00843051
0.0092701
0.0097445
0.0101828
0.0103807
0.0106982
0.0115448
0.0124772
0.0127673
0.00126655
0.00279515
0.00306459
0.00220201
0.000407882
0.00199856
0.00297371
0.00427348
0.00694182
0.00780738
0.00752578
0.00837898
0.00927689
0.00972185
0.0101256
0.0103168
0.0105766
0.0113666
0.012277
0.0125301
0.00134256
0.00279627
0.00307043
0.00230498
0.000614863
0.00206051
0.00304302
0.00429052
0.0069457
0.00783608
0.00749747
0.00832265
0.00928132
0.00970066
0.0100589
0.0102447
0.0104556
0.0111835
0.0120694
0.0123052
0.00142131
0.00279849
0.00308012
0.00240734
0.000820656
0.00212747
0.00311285
0.00431055
0.00694614
0.00786627
0.00747227
0.0082613
0.00928181
0.00968133
0.00998384
0.010164
0.0103352
0.0109976
0.0118547
0.0120862
0.00150293
0.00280211
0.00309337
0.00250937
0.00102514
0.00219927
0.00318328
0.00433401
0.00694266
0.00789739
0.00745126
0.00819498
0.0092769
0.00966386
0.00990139
0.0100747
0.0102159
0.0108101
0.0116329
0.0118695
0.00158753
0.00280748
0.00310986
0.00261124
0.00122834
0.00227578
0.00325423
0.00436144
0.00693482
0.00792853
0.00743538
0.00812399
0.00926501
0.00964825
0.00981272
0.0099756
0.0100988
0.0106242
0.0114048
0.0116526
0.00167518
0.00281501
0.00312931
0.00271304
0.00143039
0.00235688
0.00332545
0.00439335
0.00692317
0.00795828
0.00742506
0.008049
0.00924446
0.00963453
0.00971967
0.00986498
0.00998372
0.010445
0.0111727
0.0114315
0.0017659
0.00282517
0.00315144
0.00281473
0.00163152
0.00244255
0.00339651
0.00443007
0.0069084
0.00798531
0.00742015
0.00797077
0.00921407
0.00962198
0.00962422
0.00974232
0.00986871
0.010276
0.0109409
0.0112032
0.00185976
0.00283836
0.00317606
0.00291626
0.00183188
0.00253289
0.003467
0.00447173
0.0068914
0.0080088
0.00742006
0.00788975
0.00917303
0.00960959
0.00952833
0.00960868
0.009752
0.0101176
0.0107134
0.0109672
0.0019568
0.00285494
0.00320312
0.00301757
0.00203129
0.0026281
0.00353659
0.00451817
0.00687327
0.00802831
0.00742417
0.00780624
0.00912031
0.00959638
0.00943424
0.00946511
0.00963162
0.00997
0.0104956
0.0107264
0.00205705
0.00287528
0.00323276
0.00311868
0.0022294
0.00272862
0.00360502
0.00456858
0.00685493
0.00804356
0.00743226
0.00772077
0.00905467
0.00958123
0.00934433
0.00931271
0.00950529
0.00983279
0.0102917
0.0104859
0.0021606
0.00289954
0.00326531
0.00321972
0.00242563
0.00283542
0.00367246
0.00462127
0.00683655
0.0080549
0.00744474
0.00763361
0.00897411
0.00956253
0.00926167
0.00915394
0.0093704
0.00970394
0.0101037
0.0102533
0.00226767
0.00292751
0.00330116
0.00332101
0.00261915
0.00294937
0.00373959
0.00467447
0.00681788
0.00806283
0.00746204
0.00754552
0.00887641
0.00953727
0.00918959
0.00899223
0.00922339
0.0095803
0.00993391
0.0100362
0.00237832
0.00295926
0.00334052
0.00342307
0.00280872
0.00307052
0.00380788
0.00472715
0.00679879
0.00806707
0.00748437
0.00745885
0.00876071
0.00950127
0.00912999
0.00883233
0.00906172
0.00945766
0.00978243
0.00984003
0.00249261
0.00299503
0.00338326
0.003527
0.00299317
0.00319787
0.00387952
0.00477889
0.00677825
0.00806658
0.00751217
0.0073769
0.00862739
0.00944955
0.00908224
0.00868082
0.00888579
0.00933005
0.0096475
0.00966773
0.00261063
0.00303537
0.00342881
0.00363376
0.00317236
0.00332963
0.00395699
0.00483027
0.00675398
0.0080599
0.00754556
0.00730315
0.00847816
0.00937678
0.00904381
0.00854526
0.00869813
0.0091898
0.00952555
0.00952064
0.00273232
0.00308099
0.00347599
0.00374423
0.00334781
0.00346286
0.00404113
0.00488278
0.00672493
0.00804537
0.00758357
0.00724099
0.00831601
0.0092783
0.0090105
0.00843293
0.00850444
0.009029
0.00941014
0.00939778
0.00285754
0.00313277
0.0035254
0.00385901
0.00352241
0.00359422
0.00413072
0.00493944
0.00669204
0.00801976
0.00762378
0.00719385
0.00814574
0.00915259
0.0089759
0.00834715
0.00831479
0.00884363
0.00929156
0.00929698
0.00298586
0.00319214
0.003571
0.00397718
0.00369977
0.00372217
0.00422362
0.00500288
0.00665665
0.00797917
0.00766243
0.00716455
0.00797439
0.00900183
0.00893261
0.00828517
0.00814116
0.00863736
0.0091579
0.00921402
0.00311665
0.00326078
0.00361496
0.00409611
0.00388354
0.00384747
0.00431545
0.00507352
0.00662155
0.00792266
0.00769447
0.00715324
0.00781041
0.0088309
0.00887482
0.00824061
0.00799206
0.00841977
0.00899826
0.00914015
0.00324929
0.0033397
0.00365797
0.00421225
0.00407558
0.00397273
0.00440039
0.00514927
0.00659232
0.00785323
0.00771396
0.00715636
0.00766206
0.00864695
0.0087996
0.0082067
0.00786981
0.00820326
0.00880833
0.00906026
0.00338309
0.00342952
0.00370269
0.00432125
0.00427475
0.00410311
0.00447436
0.005226
0.00657494
0.00777625
0.00771721
0.00716841
0.00753392
0.00845742
0.00870606
0.00817775
0.00777296
0.00799996
0.00859378
0.00895706
0.00351746
0.0035305
0.00375209
0.00441881
0.00447763
0.00424532
0.00453769
0.00529583
0.00657098
0.00770121
0.00770559
0.00718325
0.007426
0.00826905
0.00859486
0.00814767
0.00769919
0.00781842
0.00836556
0.00882002
0.00365191
0.00364257
0.00380935
0.00450228
0.00467922
0.00440506
0.00459327
0.0053493
0.00657748
0.0076392
0.00768445
0.00719516
0.00733492
0.00808679
0.00846896
0.00811148
0.00764437
0.00766343
0.00813786
0.00864933
0.00378597
0.00376519
0.00387763
0.00457158
0.00487311
0.00458475
0.00464706
0.00538012
0.00658816
0.00759569
0.00766273
0.00720299
0.00725589
0.00791232
0.0083318
0.00806732
0.00760354
0.00753696
0.00792411
0.00845261
0.00391947
0.00389758
0.00395914
0.0046281
0.00505191
0.00478233
0.00471123
0.00538976
0.00658901
0.0075674
0.0076504
0.00721039
0.00718684
0.00774571
0.00818551
0.00801486
0.00757266
0.00743695
0.00773461
0.0082436
0.00405238
0.0040391
0.00405562
0.00467448
0.0052074
0.00499084
0.00479966
0.00538424
0.00656646
0.00754772
0.00765487
0.00722557
0.00712882
0.00758698
0.00803023
0.00795197
0.00754928
0.00736003
0.00757451
0.00803929
0.00418474
0.00418747
0.00416975
0.00471647
0.0053352
0.00520143
0.00491771
0.00537318
0.00651399
0.00752358
0.00767668
0.00725796
0.00708606
0.00743836
0.00786638
0.00787531
0.00753173
0.00730486
0.00744315
0.00785322
0.00431771
0.00433874
0.00430032
0.00476049
0.00543413
0.00540401
0.00506642
0.00537538
0.00643519
0.00747655
0.00771
0.00731202
0.00706418
0.00730458
0.00769745
0.00778102
0.00751435
0.00727078
0.00733962
0.00769252
0.00445182
0.00449108
0.00444709
0.00481122
0.00550312
0.00558624
0.00524057
0.00541018
0.00634208
0.00739571
0.00773948
0.00738842
0.00707035
0.00719168
0.00752927
0.00766701
0.00748702
0.00725415
0.0072647
0.00755963
0.00458966
0.00464034
0.00460736
0.00487111
0.00554289
0.00573989
0.00543264
0.00548479
0.00625801
0.00728361
0.00774432
0.00748088
0.00711076
0.00710741
0.00736941
0.00753758
0.00744205
0.00724669
0.00721811
0.00745658
0.00473401
0.00479982
0.00477195
0.00493851
0.00555443
0.00586089
0.0056323
0.00559692
0.00620273
0.00714975
0.00770833
0.00757037
0.00718421
0.00706182
0.00722723
0.00739945
0.00737666
0.00723585
0.00719361
0.00738463
0.00488078
0.00494459
0.00494113
0.00503151
0.00556173
0.00594616
0.00582291
0.00574052
0.00618615
0.0070139
0.00763182
0.00763515
0.00728164
0.00706203
0.007115
0.00726055
0.00729257
0.00721206
0.00718083
0.00734183
0.00502982
0.00508721
0.00510518
0.0051477
0.00557769
0.00599997
0.00599097
0.00590269
0.00620908
0.00689675
0.00752292
0.00765954
0.00738336
0.00710438
0.00704588
0.00713273
0.00719436
0.00717241
0.00716856
0.00731994
0.00518067
0.00522503
0.0052635
0.00528254
0.00561056
0.00602865
0.00612836
0.00606848
0.0062666
0.00681393
0.00740087
0.00764168
0.00747025
0.00717778
0.00702535
0.00703223
0.0070916
0.00711905
0.00714995
0.00730718
0.00533113
0.00536115
0.00541362
0.00542725
0.00566314
0.00604383
0.00623327
0.00622941
0.00635499
0.00677249
0.00728829
0.00758898
0.00752732
0.00726357
0.00704698
0.0069725
0.00699762
0.00705476
0.00712351
0.0072955
0.00548135
0.00549323
0.0055547
0.00557586
0.00573765
0.00606117
0.00630976
0.0063741
0.00646206
0.00676773
0.00719942
0.00751601
0.00754901
0.00734632
0.00710133
0.00695741
0.00692812
0.00698626
0.00708958
0.0072822
0.00563102
0.00562885
0.00568425
0.00571805
0.00582992
0.00608878
0.0063632
0.00649593
0.00657897
0.00679706
0.00714183
0.00744372
0.0075422
0.00741201
0.00717354
0.0069809
0.00689474
0.00692678
0.00705011
0.00726642
0.00577718
0.00575963
0.00580967
0.00585416
0.00593417
0.00612979
0.00640284
0.00659276
0.0066958
0.00685679
0.00711893
0.00738672
0.00752061
0.00745571
0.00724936
0.00703474
0.0069015
0.00689152
0.00701168
0.00724826
0.00591941
0.00589264
0.00592752
0.00597889
0.00604564
0.00618926
0.0064413
0.00666957
0.00680239
0.00693451
0.00712807
0.00735081
0.00749809
0.00748444
0.00731849
0.00710614
0.0069433
0.00689057
0.00698667
0.00723167
0.00605486
0.00601843
0.00604411
0.00609595
0.00615568
0.00626057
0.00648275
0.00673042
0.00689817
0.0070233
0.0071677
0.00734536
0.00748752
0.00751001
0.00738304
0.00718435
0.00700967
0.00692367
0.00698534
0.00722264
0.00618491
0.00614446
0.00615624
0.00620273
0.00626006
0.00634114
0.00653149
0.00678098
0.0069813
0.0071167
0.00722942
0.00736795
0.00749586
0.00754239
0.00745358
0.00727372
0.00709698
0.00698926
0.0070151
0.00722946
0.00630748
0.00626375
0.00626511
0.00630348
0.00635866
0.00642717
0.00658937
0.00682736
0.00705196
0.00721166
0.00731165
0.00741903
0.00752723
0.00758298
0.00752944
0.00737651
0.0072056
0.00708819
0.00708463
0.00726705
0.00641541
0.00636998
0.00637058
0.00640021
0.00644944
0.0065131
0.0066565
0.0068758
0.00710987
0.00729859
0.00741137
0.00750572
0.00759768
0.00764926
0.00761648
0.00749256
0.00733234
0.00721104
0.00718628
0.00733589
0.00652032
0.00647576
0.00646617
0.0064845
0.00652883
0.00659317
0.00672898
0.00693638
0.00716788
0.0073692
0.00750272
0.00761046
0.00770714
0.0077658
0.00774741
0.0076496
0.0075041
0.00737856
0.0073354
0.00745138
0.00661048
0.00656741
0.00655763
0.0065644
0.00659727
0.00666028
0.00679224
0.00699878
0.00724008
0.00745195
0.00759411
0.00771584
0.00783094
0.00791377
0.0079237
0.00785756
0.00773669
0.00761425
0.00755935
0.00764891
0.00668503
0.00664438
0.00664062
0.00663999
0.00666226
0.00672283
0.00684572
0.0070392
0.00729034
0.00753535
0.00770814
0.00784482
0.00797328
0.0080821
0.00813127
0.00810065
0.00800573
0.00789051
0.00782102
0.00787231
0.00674649
0.00671338
0.00671553
0.00670987
0.00672876
0.00679363
0.00691158
0.00708061
0.00731056
0.00759051
0.00785228
0.00807511
0.00826464
0.00841923
0.00851448
0.00854048
0.00851169
0.00843161
0.00832039
0.00825446
0.00679495
0.00672536
0.00671987
0.00673087
0.00677187
0.00685088
0.00697439
0.00711989
0.00726533
0.00743875
0.00769143
0.00804105
0.00839313
0.00866636
0.00885797
0.00902399
0.00920229
0.0094297
0.00969172
0.00994031
0.00684911
0.00683623
0.00681942
0.00680251
0.00679998
0.00683512
0.00697724
0.00723163
0.00752636
0.00783536
0.00811488
0.0083677
0.00859811
0.00882386
0.00906562
0.00932365
0.00958507
0.00981783
0.00999165
0.0100673
0.00672544
0.00664154
0.00677091
0.00691842
0.00702794
0.00711993
0.00724357
0.00742943
0.00765762
0.00789129
0.00808697
0.0082891
0.00852695
0.00878535
0.00906549
0.00935327
0.00965699
0.010015
0.0103797
0.0106359
0.00687284
0.00690783
0.00695823
0.0070386
0.00712538
0.00720832
0.00733175
0.00752246
0.00773119
0.00796461
0.00824345
0.00853792
0.00883911
0.0090962
0.0092832
0.0094052
0.0093924
0.00923027
0.00897265
0.00873728
0.00672754
0.00668004
0.00686435
0.00709284
0.00726774
0.00736053
0.00745461
0.00761627
0.00780957
0.0080216
0.00826901
0.00851074
0.00876536
0.00906606
0.00936593
0.00966026
0.00996306
0.0102934
0.0106024
0.0107912
0.00678306
0.00682427
0.00701516
0.00725502
0.00741626
0.00749405
0.00756493
0.0077062
0.00789273
0.00808475
0.00832446
0.00861306
0.00892793
0.00928377
0.00963411
0.00996094
0.0102612
0.0104993
0.0106287
0.0105853
0.0259093
0.0197495
0.01124
0.00453008
0.00254365
0.00366445
0.0052804
0.00647216
0.00718921
0.00759921
0.0078751
0.00809133
0.00830969
0.00858759
0.00885703
0.00904958
0.00923715
0.00946966
0.0096879
0.00983582
0.0099481
0.0101238
0.0103988
0.0106807
0.0108739
0.0110205
0.0112561
0.0115987
0.0118971
0.0120907
0.0123191
0.0126455
0.0129609
0.0132194
0.013482
0.0137593
0.0140069
0.0142554
0.0145613
0.0149081
0.0152644
0.0156444
0.0160397
0.0164237
0.0167584
0.0170575
0.0173639
0.0176868
0.0179929
0.0182996
0.0186614
0.0190706
0.0194573
0.019807
0.0202064
0.0206533
0.0210869
0.021508
0.0219617
0.0223759
0.0227288
0.023069
0.0234664
0.023935
0.0244615
0.0249889
0.0255257
0.0260569
0.0265613
0.0270114
0.0274569
0.027985
0.0285554
0.0291346
0.0296769
0.0302364
0.0307705
0.0313503
0.0319691
0.0325974
0.0332215
0.0338625
0.0345413
0.0352096
0.0358962
0.036598
0.037317
0.0380875
0.0388417
0.0396212
0.04037
0.0411519
0.0419605
0.042776
0.0435787
0.0443533
0.0451221
0.0457892
0.0464351
0.0470124
0.0250249
0.0195556
0.0113122
0.00468153
0.00264021
0.00371021
0.00530752
0.00649053
0.00720285
0.00761016
0.00788422
0.00809895
0.00831609
0.0085933
0.0088623
0.00905422
0.00924116
0.0094733
0.00969131
0.00983893
0.00995077
0.0101261
0.0104009
0.0106828
0.0108759
0.0110221
0.0112575
0.0116
0.0118984
0.0120919
0.01232
0.0126463
0.0129618
0.0132202
0.0134828
0.01376
0.0140076
0.0142561
0.0145619
0.0149087
0.015265
0.0156449
0.0160403
0.0164243
0.016759
0.0170581
0.0173645
0.0176874
0.0179934
0.0183001
0.0186619
0.0190711
0.0194578
0.0198075
0.0202068
0.0206536
0.0210873
0.0215083
0.021962
0.0223763
0.0227292
0.0230694
0.0234667
0.0239352
0.0244618
0.0249891
0.025526
0.0260571
0.0265616
0.0270116
0.0274571
0.0279852
0.0285556
0.0291348
0.0296771
0.0302366
0.0307707
0.0313504
0.0319692
0.0325975
0.0332217
0.0338626
0.0345414
0.0352097
0.0358963
0.0365981
0.0373171
0.0380876
0.0388418
0.0396213
0.0403701
0.041152
0.0419606
0.0427761
0.0435788
0.0443534
0.0451221
0.0457893
0.0464351
0.0470123
0.0242047
0.0193597
0.0114738
0.00496951
0.00280972
0.00377378
0.00533816
0.00651229
0.00721931
0.00762308
0.00789498
0.00810787
0.00832318
0.00859912
0.00886747
0.00905885
0.00924524
0.00947693
0.00969458
0.00984186
0.00995331
0.0101282
0.0104029
0.0106848
0.0108777
0.0110237
0.0112588
0.0116013
0.0118997
0.0120929
0.0123208
0.0126472
0.0129627
0.0132209
0.0134835
0.0137607
0.0140082
0.0142566
0.0145624
0.0149093
0.0152655
0.0156454
0.0160408
0.0164248
0.0167596
0.0170586
0.0173649
0.0176879
0.0179939
0.0183005
0.0186623
0.0190715
0.0194582
0.0198078
0.0202071
0.020654
0.0210876
0.0215086
0.0219624
0.0223767
0.0227295
0.0230696
0.0234669
0.0239354
0.024462
0.0249893
0.0255262
0.0260574
0.0265618
0.0270118
0.0274573
0.0279853
0.0285557
0.0291349
0.0296772
0.0302367
0.0307708
0.0313505
0.0319693
0.0325976
0.0332218
0.0338627
0.0345416
0.0352098
0.0358964
0.0365982
0.0373172
0.0380877
0.0388419
0.0396214
0.0403702
0.0411521
0.0419607
0.0427761
0.0435789
0.0443534
0.0451222
0.0457893
0.0464351
0.0470123
0.0234234
0.0191542
0.0116831
0.00533569
0.00304415
0.00386611
0.00538457
0.00654584
0.00724377
0.00764127
0.00790998
0.00812064
0.00833322
0.00860648
0.00887343
0.00906455
0.00925069
0.00948164
0.00969855
0.00984555
0.00995683
0.0101313
0.0104053
0.0106869
0.0108799
0.0110258
0.0112607
0.0116029
0.0119012
0.0120942
0.0123219
0.0126482
0.0129636
0.0132218
0.0134842
0.0137615
0.0140089
0.0142571
0.0145629
0.0149098
0.015266
0.0156459
0.0160413
0.0164254
0.0167601
0.0170591
0.0173654
0.0176883
0.0179944
0.0183009
0.0186627
0.0190719
0.0194586
0.0198082
0.0202075
0.0206543
0.0210879
0.021509
0.0219627
0.022377
0.0227298
0.0230699
0.0234671
0.0239356
0.0244622
0.0249896
0.0255264
0.0260576
0.0265621
0.027012
0.0274574
0.0279855
0.0285559
0.0291351
0.0296774
0.0302369
0.0307709
0.0313506
0.0319695
0.0325977
0.0332219
0.0338628
0.0345417
0.0352099
0.0358965
0.0365983
0.0373173
0.0380878
0.038842
0.0396215
0.0403702
0.0411522
0.0419608
0.0427762
0.0435789
0.0443535
0.0451223
0.0457894
0.0464352
0.0470123
0.02265
0.0189182
0.0118974
0.00572504
0.00330632
0.00397365
0.0054399
0.00658822
0.0072761
0.00766568
0.00793042
0.00813874
0.00834786
0.00861668
0.00888088
0.00907182
0.00925807
0.00948785
0.00970348
0.00985049
0.00996229
0.0101362
0.0104087
0.0106894
0.0108826
0.0110291
0.0112637
0.0116053
0.0119031
0.0120961
0.0123238
0.0126498
0.012965
0.0132229
0.0134853
0.0137624
0.0140096
0.0142576
0.0145634
0.0149103
0.0152666
0.0156465
0.0160418
0.016426
0.0167607
0.0170596
0.0173659
0.0176888
0.0179948
0.0183013
0.0186631
0.0190723
0.0194591
0.0198086
0.0202078
0.0206547
0.0210883
0.0215093
0.0219631
0.0223774
0.0227301
0.0230701
0.0234673
0.0239358
0.0244625
0.0249898
0.0255266
0.0260579
0.0265624
0.0270122
0.0274575
0.0279856
0.0285561
0.0291353
0.0296776
0.0302371
0.0307711
0.0313507
0.0319696
0.0325979
0.033222
0.0338629
0.0345418
0.03521
0.0358966
0.0365984
0.0373173
0.0380879
0.0388421
0.0396216
0.0403703
0.0411522
0.0419608
0.0427763
0.0435791
0.0443536
0.0451224
0.0457895
0.0464354
0.0470124
0.021883
0.0186437
0.0120993
0.00612023
0.00358414
0.00408934
0.00549745
0.00663392
0.00731308
0.00769458
0.00795514
0.00816131
0.00836667
0.00862974
0.00889005
0.0090808
0.00926742
0.00949549
0.0097092
0.00985662
0.00997002
0.0101436
0.0104136
0.0106923
0.0108861
0.0110339
0.0112683
0.0116083
0.0119055
0.0120988
0.0123266
0.0126522
0.0129668
0.0132246
0.0134869
0.0137638
0.0140106
0.0142582
0.0145639
0.0149108
0.0152671
0.015647
0.0160423
0.0164266
0.0167614
0.0170603
0.0173664
0.0176892
0.0179953
0.0183018
0.0186635
0.0190728
0.0194596
0.0198091
0.0202083
0.0206551
0.0210887
0.0215097
0.0219635
0.0223779
0.0227305
0.0230704
0.0234675
0.0239361
0.0244628
0.0249902
0.0255269
0.0260582
0.0265627
0.0270125
0.0274577
0.0279858
0.0285563
0.0291355
0.0296778
0.0302373
0.0307712
0.0313509
0.0319697
0.032598
0.0332222
0.033863
0.0345419
0.0352101
0.0358967
0.0365986
0.0373174
0.038088
0.0388422
0.0396217
0.0403705
0.0411523
0.041961
0.0427764
0.0435792
0.0443537
0.0451226
0.0457898
0.0464356
0.0470125
0.0211268
0.0183312
0.0122842
0.00651898
0.00387734
0.00421329
0.0055557
0.00668075
0.0073531
0.00772687
0.007983
0.00818689
0.00838824
0.00864487
0.00890074
0.00909132
0.00927833
0.00950414
0.00971536
0.00986356
0.00997967
0.0101534
0.01042
0.0106959
0.0108906
0.0110406
0.0112745
0.0116122
0.0119082
0.0121024
0.0123306
0.0126553
0.0129693
0.0132271
0.0134893
0.0137658
0.014012
0.0142591
0.0145644
0.0149113
0.0152677
0.0156476
0.0160428
0.0164271
0.0167622
0.0170611
0.017367
0.0176896
0.0179958
0.0183024
0.0186641
0.0190732
0.01946
0.0198096
0.0202088
0.0206556
0.0210892
0.0215102
0.0219641
0.0223784
0.0227309
0.0230707
0.0234678
0.0239363
0.0244632
0.0249905
0.0255272
0.0260586
0.0265631
0.0270128
0.0274579
0.027986
0.0285565
0.0291358
0.029678
0.0302375
0.0307714
0.031351
0.0319699
0.0325982
0.0332223
0.0338632
0.0345421
0.0352103
0.0358969
0.0365987
0.0373175
0.0380881
0.0388424
0.0396218
0.0403706
0.0411524
0.0419611
0.0427766
0.0435794
0.0443539
0.0451228
0.0457901
0.0464361
0.0470126
0.0203894
0.0179864
0.0124507
0.00691991
0.00418609
0.0043467
0.00561472
0.00672785
0.00739552
0.00776216
0.00801344
0.00821459
0.0084116
0.00866148
0.00891268
0.0091031
0.00929042
0.0095135
0.00972176
0.00987095
0.00999054
0.0101648
0.0104276
0.0107003
0.0108962
0.011049
0.0112824
0.0116167
0.0119113
0.0121067
0.0123355
0.012659
0.0129721
0.0132301
0.0134926
0.0137687
0.0140142
0.0142606
0.0145653
0.0149119
0.0152683
0.015648
0.0160431
0.0164275
0.016763
0.0170621
0.0173677
0.0176901
0.0179964
0.0183031
0.0186647
0.0190736
0.0194605
0.0198102
0.0202094
0.020656
0.0210896
0.0215108
0.0219647
0.0223789
0.0227314
0.0230711
0.023468
0.0239365
0.0244636
0.024991
0.0255276
0.0260591
0.0265636
0.0270132
0.0274581
0.0279863
0.0285569
0.0291361
0.0296783
0.0302377
0.0307716
0.0313512
0.0319701
0.0325984
0.0332225
0.0338633
0.0345423
0.0352104
0.035897
0.0365988
0.0373177
0.0380883
0.0388425
0.039622
0.0403707
0.0411525
0.0419612
0.0427767
0.0435796
0.0443541
0.0451231
0.0457907
0.0464368
0.0470128
0.0196798
0.0176159
0.0125946
0.0073187
0.00450897
0.00449052
0.00567489
0.00677449
0.00743962
0.00780011
0.00804616
0.00824402
0.00843639
0.00867932
0.0089257
0.00911592
0.00930345
0.0095235
0.00972844
0.00987862
0.0100021
0.0101772
0.010436
0.0107053
0.0109027
0.0110589
0.0112917
0.0116218
0.0119146
0.0121116
0.0123412
0.0126632
0.0129751
0.0132335
0.0134965
0.0137724
0.0140173
0.0142629
0.0145668
0.0149129
0.015269
0.0156484
0.0160431
0.0164276
0.0167638
0.0170634
0.0173687
0.0176907
0.0179971
0.0183042
0.0186656
0.019074
0.0194609
0.0198108
0.0202099
0.0206563
0.02109
0.0215115
0.0219654
0.0223796
0.022732
0.0230717
0.0234683
0.0239367
0.024464
0.0249914
0.025528
0.0260596
0.0265642
0.0270136
0.0274585
0.0279866
0.0285572
0.0291365
0.0296787
0.0302381
0.0307719
0.0313514
0.0319704
0.0325986
0.0332227
0.0338635
0.0345425
0.0352106
0.0358971
0.0365989
0.0373178
0.0380884
0.0388426
0.0396221
0.0403708
0.0411527
0.0419614
0.0427769
0.0435798
0.0443544
0.0451234
0.0457915
0.0464378
0.0470131
0.0190067
0.0172257
0.0127113
0.00771032
0.00484422
0.00464579
0.00573673
0.00681977
0.00748439
0.00784023
0.00808099
0.0082751
0.00846253
0.00869826
0.00893962
0.00912959
0.00931732
0.00953414
0.00973546
0.00988653
0.0100141
0.0101901
0.0104449
0.0107106
0.0109098
0.0110699
0.011302
0.0116276
0.0119182
0.0121169
0.0123474
0.0126677
0.0129781
0.0132369
0.0135006
0.0137765
0.014021
0.0142659
0.0145689
0.0149143
0.0152702
0.0156489
0.0160428
0.0164273
0.0167643
0.0170646
0.0173699
0.0176916
0.0179982
0.0183056
0.0186667
0.0190746
0.0194614
0.0198116
0.0202105
0.0206565
0.0210903
0.0215121
0.0219661
0.0223802
0.0227328
0.0230725
0.0234688
0.023937
0.0244643
0.0249917
0.0255283
0.0260601
0.0265647
0.0270141
0.0274589
0.0279871
0.0285577
0.029137
0.0296791
0.0302385
0.0307722
0.0313517
0.0319707
0.0325989
0.0332229
0.0338637
0.0345427
0.0352108
0.0358973
0.0365991
0.0373179
0.0380886
0.0388428
0.0396223
0.040371
0.0411528
0.0419616
0.0427771
0.0435801
0.0443547
0.0451238
0.0457925
0.0464392
0.0470135
0.0183766
0.0168225
0.0127976
0.0080908
0.00518994
0.00481341
0.00580085
0.00686289
0.00752868
0.00788201
0.00811786
0.00830783
0.0084899
0.0087181
0.00895426
0.00914402
0.00933203
0.00954547
0.00974288
0.0098947
0.0100264
0.0102035
0.010454
0.010716
0.0109172
0.0110814
0.011313
0.0116339
0.0119221
0.0121225
0.012354
0.0126724
0.0129812
0.0132403
0.0135046
0.0137808
0.0140253
0.0142697
0.0145717
0.0149163
0.0152717
0.0156496
0.0160424
0.0164266
0.0167645
0.0170657
0.017371
0.0176925
0.0179995
0.0183075
0.0186681
0.0190752
0.0194621
0.0198127
0.0202113
0.0206565
0.0210903
0.0215125
0.0219665
0.0223807
0.0227336
0.0230735
0.0234697
0.0239376
0.0244648
0.0249919
0.0255284
0.0260604
0.0265653
0.0270146
0.0274594
0.0279876
0.0285582
0.0291375
0.0296797
0.0302391
0.0307727
0.0313522
0.0319712
0.0325993
0.0332232
0.0338641
0.034543
0.035211
0.0358975
0.0365993
0.0373181
0.0380888
0.038843
0.0396224
0.0403711
0.0411529
0.0419618
0.0427773
0.0435805
0.0443552
0.0451243
0.0457939
0.0464411
0.0470141
0.0177929
0.0164138
0.0128531
0.00845684
0.00554371
0.00499401
0.00586822
0.00690341
0.00757146
0.00792487
0.0081567
0.00834214
0.00851828
0.00873861
0.00896947
0.00915915
0.00934756
0.0095575
0.00975072
0.00990319
0.0100392
0.0102175
0.0104635
0.0107214
0.0109246
0.0110933
0.0113246
0.0116407
0.0119263
0.0121283
0.012361
0.0126774
0.0129843
0.0132435
0.0135085
0.013785
0.0140296
0.0142738
0.0145749
0.0149188
0.0152737
0.0156506
0.0160419
0.0164256
0.0167643
0.0170666
0.0173721
0.0176934
0.018001
0.0183097
0.0186699
0.0190761
0.0194629
0.019814
0.0202123
0.0206566
0.0210901
0.0215126
0.0219666
0.0223808
0.0227343
0.0230746
0.0234708
0.0239387
0.0244657
0.0249923
0.0255284
0.0260606
0.0265657
0.027015
0.0274599
0.0279882
0.0285588
0.0291381
0.0296803
0.0302397
0.0307732
0.0313527
0.0319718
0.0325998
0.0332237
0.0338645
0.0345434
0.0352113
0.0358977
0.0365995
0.0373183
0.038089
0.0388432
0.0396226
0.0403713
0.0411531
0.0419621
0.0427775
0.0435809
0.0443557
0.0451248
0.0457957
0.0464434
0.0470148
0.0172558
0.0160062
0.0128786
0.00880522
0.00590277
0.0051882
0.00594036
0.00694153
0.00761189
0.00796821
0.00819732
0.00837797
0.00854749
0.00875956
0.00898509
0.00917487
0.00936381
0.00957018
0.00975903
0.00991211
0.0100526
0.0102321
0.0104735
0.010727
0.0109318
0.0111052
0.0113365
0.0116477
0.0119306
0.0121344
0.0123682
0.0126826
0.0129876
0.0132469
0.0135124
0.0137891
0.0140339
0.0142781
0.0145785
0.0149217
0.015276
0.0156519
0.0160415
0.0164243
0.0167637
0.0170672
0.0173731
0.0176944
0.0180027
0.0183122
0.018672
0.019077
0.0194638
0.0198156
0.0202136
0.0206567
0.0210898
0.0215125
0.0219664
0.0223805
0.0227345
0.0230756
0.0234721
0.0239401
0.0244671
0.0249928
0.0255281
0.0260603
0.0265657
0.0270153
0.0274604
0.0279889
0.0285594
0.0291386
0.0296809
0.0302403
0.0307739
0.0313534
0.0319725
0.0326004
0.0332242
0.0338651
0.034544
0.0352118
0.0358981
0.0365998
0.0373185
0.0380892
0.0388435
0.0396228
0.0403714
0.0411533
0.0419623
0.0427777
0.0435814
0.0443563
0.0451255
0.0457978
0.0464463
0.0470157
0.0167629
0.0156051
0.0128751
0.00913281
0.00626448
0.00539657
0.00601928
0.00697808
0.0076495
0.00801135
0.00823955
0.00841531
0.00857744
0.00878075
0.0090009
0.00919098
0.00938065
0.00958346
0.00976785
0.00992157
0.0100667
0.0102475
0.0104841
0.0107328
0.0109392
0.0111173
0.0113487
0.011655
0.0119352
0.0121407
0.0123756
0.012688
0.012991
0.0132504
0.0135165
0.0137932
0.0140382
0.0142824
0.0145824
0.0149249
0.0152788
0.0156534
0.0160412
0.0164228
0.0167628
0.0170676
0.0173739
0.0176953
0.0180045
0.018315
0.0186743
0.0190781
0.0194647
0.0198173
0.0202151
0.0206571
0.0210895
0.0215122
0.0219657
0.0223796
0.0227343
0.0230761
0.0234732
0.0239418
0.0244691
0.0249939
0.0255279
0.0260597
0.0265653
0.0270152
0.0274608
0.0279897
0.0285601
0.0291392
0.0296815
0.030241
0.0307745
0.0313542
0.0319732
0.0326011
0.0332249
0.0338659
0.0345448
0.0352124
0.0358986
0.0366001
0.0373188
0.0380895
0.0388438
0.0396231
0.0403717
0.0411534
0.0419626
0.0427779
0.0435819
0.0443571
0.0451262
0.0458004
0.0464497
0.0470168
0.0163096
0.015214
0.0128436
0.00943699
0.00662653
0.00561945
0.00610712
0.0070145
0.00768419
0.00805366
0.00828314
0.00845422
0.00860816
0.00880206
0.00901673
0.00920737
0.00939804
0.00959732
0.00977721
0.00993162
0.0100815
0.0102639
0.0104957
0.0107392
0.0109467
0.0111295
0.0113611
0.0116626
0.0119399
0.0121472
0.0123834
0.0126936
0.0129946
0.0132542
0.0135209
0.0137975
0.0140424
0.014287
0.0145866
0.0149285
0.0152818
0.0156553
0.0160411
0.0164213
0.0167618
0.0170678
0.0173748
0.0176962
0.0180064
0.0183179
0.0186769
0.0190793
0.0194657
0.0198191
0.0202169
0.0206576
0.0210891
0.0215117
0.0219647
0.0223784
0.0227336
0.0230762
0.0234738
0.0239433
0.0244713
0.0249954
0.0255277
0.0260588
0.0265644
0.0270146
0.027461
0.0279904
0.0285609
0.0291398
0.029682
0.0302415
0.0307752
0.031355
0.0319741
0.0326018
0.0332257
0.0338668
0.0345456
0.0352131
0.0358992
0.0366006
0.0373192
0.0380898
0.0388442
0.0396234
0.0403719
0.0411536
0.0419629
0.0427782
0.0435824
0.044358
0.045127
0.0458033
0.0464537
0.0470182
0.0158907
0.0148357
0.0127854
0.00971558
0.00698664
0.00585659
0.00620584
0.00705266
0.00771617
0.00809442
0.00832767
0.00849481
0.00863988
0.00882364
0.00903263
0.00922412
0.00941605
0.00961182
0.00978709
0.00994227
0.0100972
0.0102813
0.0105083
0.0107464
0.0109547
0.0111419
0.0113738
0.0116704
0.0119449
0.0121541
0.0123916
0.0126996
0.0129984
0.0132582
0.0135256
0.0138019
0.0140468
0.0142918
0.0145913
0.0149326
0.0152853
0.0156576
0.0160412
0.0164197
0.0167606
0.017068
0.0173756
0.0176972
0.0180083
0.0183211
0.0186797
0.0190806
0.0194666
0.019821
0.0202189
0.0206583
0.0210888
0.021511
0.0219634
0.0223768
0.0227326
0.0230759
0.0234741
0.0239445
0.0244736
0.0249971
0.0255275
0.0260575
0.0265631
0.0270136
0.027461
0.0279911
0.0285618
0.0291405
0.0296826
0.0302419
0.0307757
0.0313558
0.0319749
0.0326026
0.0332265
0.0338678
0.0345467
0.035214
0.0359001
0.0366013
0.0373196
0.0380902
0.0388446
0.0396238
0.0403723
0.0411538
0.0419632
0.0427784
0.043583
0.044359
0.045128
0.0458067
0.0464583
0.0470197
0.0155015
0.0144729
0.0127026
0.00996647
0.00734217
0.00610716
0.00631714
0.00709464
0.0077459
0.00813287
0.00837261
0.00853725
0.00867309
0.00884588
0.00904884
0.00924135
0.0094348
0.00962702
0.00979754
0.00995351
0.0101137
0.0102997
0.0105219
0.0107544
0.0109632
0.0111548
0.0113869
0.0116787
0.0119501
0.0121614
0.0124003
0.0127059
0.0130024
0.0132624
0.0135305
0.0138064
0.0140514
0.0142972
0.0145967
0.0149372
0.0152892
0.0156601
0.0160415
0.0164181
0.0167593
0.0170682
0.0173765
0.0176981
0.0180103
0.0183244
0.0186827
0.019082
0.0194675
0.0198229
0.0202209
0.0206592
0.0210885
0.0215103
0.021962
0.0223749
0.0227315
0.0230755
0.0234742
0.0239452
0.0244755
0.0249989
0.0255274
0.026056
0.0265613
0.0270124
0.0274608
0.0279918
0.0285628
0.0291413
0.0296831
0.0302423
0.0307762
0.0313566
0.0319759
0.0326033
0.0332272
0.0338689
0.0345478
0.035215
0.0359011
0.0366022
0.0373202
0.0380905
0.038845
0.0396242
0.0403728
0.0411542
0.0419635
0.0427787
0.0435836
0.0443601
0.0451291
0.0458103
0.0464632
0.0470214
0.0151373
0.0141276
0.0125979
0.010188
0.00769052
0.0063698
0.00644224
0.00714239
0.00777422
0.00816853
0.00841744
0.00858166
0.00870825
0.00886924
0.00906567
0.00925927
0.00945441
0.00964303
0.00980859
0.00996535
0.010131
0.010319
0.0105364
0.0107631
0.0109721
0.0111681
0.0114005
0.0116874
0.0119558
0.0121692
0.0124095
0.0127127
0.0130066
0.0132667
0.0135355
0.0138111
0.0140564
0.0143033
0.0146028
0.0149424
0.0152935
0.015663
0.016042
0.0164167
0.0167579
0.0170684
0.0173774
0.0176991
0.0180123
0.0183279
0.0186858
0.0190835
0.0194684
0.0198247
0.020223
0.0206601
0.0210883
0.0215094
0.0219603
0.0223729
0.0227303
0.0230753
0.0234743
0.0239457
0.0244769
0.0250004
0.0255271
0.0260541
0.0265592
0.027011
0.0274606
0.0279925
0.0285637
0.0291421
0.0296837
0.0302426
0.0307766
0.0313574
0.0319768
0.032604
0.0332279
0.03387
0.034549
0.0352161
0.0359021
0.0366032
0.0373209
0.0380909
0.0388453
0.0396247
0.0403733
0.0411546
0.0419639
0.0427789
0.0435842
0.0443613
0.0451303
0.0458142
0.0464686
0.0470234
0.0147929
0.0138006
0.0124752
0.0103799
0.0080293
0.00664228
0.00658145
0.00719772
0.00780259
0.00820144
0.0084615
0.00862787
0.00874567
0.00889415
0.00908345
0.00927803
0.00947497
0.0096599
0.00982028
0.00997778
0.010149
0.0103392
0.0105516
0.0107723
0.0109816
0.0111819
0.0114148
0.0116966
0.0119618
0.0121775
0.0124195
0.01272
0.0130109
0.013271
0.0135405
0.013816
0.0140618
0.0143101
0.0146097
0.0149483
0.0152981
0.0156662
0.0160427
0.0164153
0.0167566
0.0170686
0.0173784
0.0177001
0.0180144
0.0183314
0.0186892
0.0190851
0.0194692
0.0198265
0.0202252
0.0206612
0.0210881
0.0215086
0.0219586
0.0223709
0.0227292
0.0230755
0.0234749
0.0239463
0.024478
0.0250016
0.0255269
0.0260521
0.0265569
0.0270096
0.0274606
0.0279933
0.0285646
0.0291428
0.0296843
0.030243
0.0307771
0.0313582
0.0319777
0.0326046
0.0332285
0.033871
0.0345502
0.0352172
0.0359033
0.0366044
0.0373218
0.0380913
0.0388457
0.0396251
0.040374
0.0411552
0.0419643
0.0427791
0.0435848
0.0443625
0.0451317
0.0458183
0.0464744
0.0470255
0.0144637
0.0134917
0.0123385
0.0105429
0.00835607
0.0069217
0.0067344
0.00726234
0.00783292
0.00823188
0.00850398
0.00867537
0.00878554
0.00892103
0.00910253
0.00929783
0.00949651
0.00967764
0.00983262
0.0099908
0.0101679
0.0103603
0.0105676
0.0107821
0.0109914
0.0111963
0.0114296
0.0117062
0.0119683
0.0121864
0.01243
0.0127277
0.0130155
0.0132753
0.0135456
0.0138211
0.0140679
0.0143178
0.0146174
0.0149547
0.0153032
0.0156697
0.0160436
0.016414
0.0167554
0.017069
0.0173795
0.0177012
0.0180164
0.0183351
0.0186927
0.0190868
0.0194702
0.0198284
0.0202274
0.0206623
0.0210881
0.0215078
0.0219568
0.0223688
0.0227284
0.0230763
0.0234763
0.0239473
0.0244789
0.0250026
0.0255266
0.02605
0.0265544
0.0270085
0.0274611
0.0279943
0.0285655
0.0291433
0.0296847
0.0302433
0.0307777
0.0313591
0.0319788
0.0326054
0.0332292
0.0338721
0.0345514
0.0352183
0.0359045
0.0366057
0.0373228
0.0380918
0.038846
0.0396255
0.0403747
0.0411559
0.0419648
0.0427794
0.0435854
0.0443639
0.0451331
0.0458227
0.0464805
0.0470278
0.0141471
0.0132006
0.0121915
0.0106773
0.00866828
0.00720547
0.00690038
0.00733762
0.00786722
0.00826052
0.00854413
0.00872345
0.00882791
0.00895027
0.00912323
0.00931881
0.00951902
0.0096962
0.00984564
0.0100045
0.0101875
0.0103823
0.0105844
0.0107922
0.0110018
0.0112114
0.0114452
0.0117165
0.0119751
0.0121958
0.0124412
0.0127358
0.0130202
0.0132798
0.0135508
0.0138265
0.0140744
0.0143261
0.0146257
0.0149616
0.0153086
0.0156733
0.0160447
0.0164127
0.0167542
0.0170694
0.0173807
0.0177022
0.0180185
0.0183389
0.0186964
0.0190886
0.0194711
0.0198304
0.0202298
0.0206635
0.0210882
0.021507
0.021955
0.0223667
0.0227278
0.0230778
0.0234787
0.0239491
0.0244798
0.0250034
0.0255265
0.0260479
0.026552
0.0270077
0.0274622
0.0279957
0.0285663
0.0291437
0.029685
0.0302437
0.0307786
0.0313603
0.0319799
0.0326062
0.0332299
0.033873
0.0345526
0.0352194
0.0359057
0.036607
0.0373239
0.0380924
0.0388463
0.0396258
0.0403754
0.0411567
0.0419654
0.0427797
0.043586
0.0443653
0.0451348
0.0458272
0.0464869
0.0470304
0.013841
0.0129278
0.0120371
0.0107826
0.00896374
0.00749164
0.00707809
0.00742435
0.0079075
0.00828861
0.00858163
0.00877122
0.00887246
0.00898206
0.00914583
0.00934113
0.00954256
0.00971554
0.00985935
0.0100189
0.010208
0.0104052
0.0106019
0.0108029
0.0110125
0.0112272
0.0114616
0.0117273
0.0119823
0.0122056
0.0124529
0.0127443
0.0130252
0.0132845
0.0135563
0.0138322
0.0140815
0.014335
0.0146344
0.0149689
0.0153142
0.0156772
0.0160459
0.0164116
0.016753
0.0170699
0.0173819
0.0177033
0.0180206
0.0183428
0.0187002
0.0190904
0.0194722
0.0198325
0.0202322
0.0206647
0.0210883
0.0215063
0.0219531
0.0223647
0.0227276
0.02308
0.0234822
0.0239517
0.0244809
0.0250041
0.0255264
0.026046
0.0265498
0.0270074
0.0274638
0.0279975
0.0285672
0.0291439
0.0296851
0.0302442
0.0307797
0.0313616
0.031981
0.032607
0.0332308
0.033874
0.0345537
0.0352205
0.0359069
0.0366083
0.0373251
0.0380931
0.0388467
0.0396261
0.0403761
0.0411575
0.0419661
0.04278
0.0435866
0.0443668
0.0451366
0.0458319
0.0464936
0.0470332
0.0135425
0.012674
0.0118797
0.0108588
0.00924038
0.0077785
0.00726539
0.00752257
0.00795584
0.00831804
0.00861652
0.00881759
0.0089185
0.00901648
0.00917062
0.00936502
0.00956724
0.00973569
0.00987373
0.0100341
0.0102294
0.0104292
0.0106202
0.0108141
0.0110237
0.0112436
0.0114788
0.0117387
0.01199
0.0122159
0.012465
0.0127532
0.0130305
0.0132896
0.0135622
0.0138383
0.0140889
0.0143443
0.0146435
0.0149764
0.0153201
0.0156813
0.0160472
0.0164104
0.016752
0.0170705
0.0173832
0.0177044
0.0180228
0.0183467
0.0187041
0.0190924
0.0194734
0.0198349
0.0202348
0.020666
0.0210886
0.0215057
0.0219514
0.0223628
0.0227277
0.0230828
0.0234865
0.0239552
0.0244823
0.0250047
0.0255263
0.0260442
0.0265477
0.0270075
0.0274661
0.0279997
0.028568
0.0291439
0.0296852
0.0302447
0.030781
0.0313633
0.0319823
0.032608
0.0332319
0.0338751
0.0345549
0.0352216
0.0359082
0.0366097
0.0373264
0.0380938
0.038847
0.0396265
0.0403768
0.0411584
0.0419668
0.0427803
0.0435873
0.0443684
0.0451385
0.0458367
0.0465006
0.0470362
0.013248
0.0124377
0.0117256
0.0109072
0.00949585
0.00806434
0.00745983
0.00763143
0.0080141
0.00835102
0.00864912
0.00886147
0.00896496
0.00905336
0.00919793
0.00939075
0.00959322
0.00975676
0.00988879
0.01005
0.0102519
0.0104542
0.0106395
0.0108259
0.0110354
0.0112607
0.0114968
0.0117508
0.011998
0.0122266
0.0124778
0.0127625
0.0130362
0.013295
0.0135685
0.0138448
0.0140966
0.0143538
0.0146529
0.0149842
0.0153263
0.0156855
0.0160486
0.0164094
0.016751
0.0170713
0.0173847
0.0177056
0.018025
0.0183508
0.0187081
0.0190944
0.0194747
0.0198373
0.0202375
0.0206673
0.0210888
0.0215051
0.0219497
0.0223609
0.022728
0.0230862
0.0234917
0.0239594
0.024484
0.0250052
0.0255263
0.0260425
0.0265457
0.0270079
0.0274687
0.0280022
0.028569
0.0291439
0.0296851
0.0302453
0.0307826
0.0313653
0.0319836
0.0326091
0.0332332
0.0338763
0.034556
0.0352228
0.0359095
0.0366112
0.0373278
0.0380947
0.0388474
0.0396268
0.0403776
0.0411593
0.0419677
0.0427807
0.0435881
0.0443701
0.0451406
0.0458417
0.0465078
0.0470395
0.0129536
0.0122136
0.0115806
0.0109316
0.00972718
0.0083478
0.00765987
0.00774891
0.00808326
0.00839003
0.00868038
0.00890211
0.00901064
0.00909221
0.00922798
0.00941862
0.00962067
0.00977888
0.0099046
0.0100667
0.0102753
0.0104803
0.0106596
0.0108384
0.0110477
0.0112785
0.0115156
0.0117634
0.0120065
0.0122377
0.012491
0.0127723
0.0130421
0.0133009
0.0135753
0.0138517
0.0141045
0.0143634
0.0146624
0.0149921
0.0153326
0.0156899
0.0160502
0.0164085
0.0167501
0.0170722
0.0173862
0.0177067
0.0180272
0.018355
0.0187122
0.0190965
0.0194762
0.01984
0.0202404
0.0206686
0.0210891
0.0215047
0.0219481
0.0223592
0.0227286
0.0230899
0.0234974
0.0239642
0.0244859
0.0250058
0.0255262
0.0260408
0.0265439
0.0270084
0.0274716
0.0280048
0.0285699
0.0291438
0.0296851
0.030246
0.0307845
0.0313675
0.031985
0.0326102
0.0332346
0.0338775
0.0345571
0.0352239
0.0359109
0.0366128
0.0373293
0.0380956
0.0388479
0.0396272
0.0403784
0.0411603
0.0419686
0.0427812
0.0435889
0.0443719
0.0451429
0.0458469
0.0465153
0.0470431
0.0126578
0.0119937
0.011448
0.0109379
0.00993074
0.00862723
0.00786592
0.00787231
0.00816302
0.00843773
0.00871192
0.00893911
0.00905442
0.0091322
0.00926076
0.00944899
0.00964982
0.00980217
0.00992126
0.0100841
0.0102995
0.0105075
0.0106806
0.0108515
0.0110606
0.0112971
0.0115353
0.0117767
0.0120153
0.0122492
0.0125047
0.0127825
0.0130485
0.0133072
0.0135826
0.013859
0.0141128
0.0143733
0.014672
0.0150002
0.0153391
0.0156945
0.0160519
0.0164076
0.0167493
0.0170733
0.0173879
0.017708
0.0180295
0.0183594
0.0187164
0.0190987
0.0194777
0.0198428
0.0202433
0.02067
0.0210893
0.0215042
0.0219465
0.0223576
0.0227294
0.0230939
0.0235036
0.0239693
0.024488
0.0250062
0.025526
0.0260391
0.0265421
0.0270091
0.0274747
0.0280076
0.0285709
0.0291437
0.029685
0.0302467
0.0307865
0.0313698
0.0319864
0.0326114
0.0332362
0.0338789
0.0345583
0.0352251
0.0359124
0.0366144
0.0373309
0.0380967
0.0388484
0.0396275
0.0403793
0.0411614
0.0419697
0.0427817
0.0435897
0.0443739
0.0451455
0.0458522
0.0465231
0.047047
0.0123657
0.0117698
0.0113266
0.0109345
0.0101039
0.00889863
0.00807975
0.00799964
0.00825147
0.00849664
0.00874611
0.00897226
0.00909524
0.00917237
0.00929603
0.0094822
0.00968097
0.00982669
0.00993885
0.0101022
0.0103246
0.0105356
0.0107025
0.0108652
0.0110741
0.0113164
0.0115557
0.0117906
0.0120246
0.0122612
0.012519
0.0127932
0.0130552
0.0133139
0.0135904
0.0138668
0.0141213
0.0143833
0.0146819
0.0150084
0.0153459
0.0156994
0.0160538
0.0164069
0.0167487
0.0170745
0.0173897
0.0177092
0.0180319
0.0183639
0.0187208
0.019101
0.0194792
0.0198457
0.0202464
0.0206714
0.0210896
0.0215039
0.021945
0.022356
0.0227303
0.0230981
0.0235099
0.0239747
0.0244903
0.0250067
0.0255259
0.0260374
0.0265403
0.0270098
0.0274779
0.0280105
0.0285719
0.0291436
0.029685
0.0302475
0.0307886
0.0313723
0.031988
0.0326127
0.0332379
0.0338804
0.0345596
0.0352264
0.0359139
0.0366161
0.0373327
0.0380978
0.038849
0.039628
0.0403802
0.0411625
0.0419708
0.0427823
0.0435906
0.044376
0.0451482
0.0458576
0.0465312
0.0470512
0.0120864
0.0115381
0.0112105
0.0109312
0.0102482
0.00915457
0.00830203
0.0081314
0.00834523
0.00856787
0.00878633
0.00900196
0.0091321
0.00921179
0.00933323
0.00951834
0.00971447
0.00985262
0.00995743
0.0101213
0.0103505
0.0105647
0.0107254
0.0108795
0.0110882
0.0113366
0.0115771
0.0118051
0.0120343
0.0122737
0.012534
0.0128044
0.0130622
0.0133211
0.0135987
0.013875
0.0141301
0.0143935
0.0146919
0.0150169
0.0153528
0.0157045
0.0160559
0.0164063
0.0167482
0.0170759
0.0173916
0.0177106
0.0180344
0.0183686
0.0187254
0.0191033
0.0194808
0.0198487
0.0202496
0.0206729
0.0210898
0.0215036
0.0219436
0.0223545
0.0227312
0.0231024
0.0235164
0.0239802
0.0244926
0.0250072
0.0255256
0.0260358
0.0265386
0.0270105
0.027481
0.0280133
0.028573
0.0291436
0.0296851
0.0302484
0.0307907
0.0313748
0.0319896
0.032614
0.0332397
0.0338819
0.034561
0.0352278
0.0359155
0.0366178
0.0373344
0.0380989
0.0388496
0.0396285
0.0403811
0.0411637
0.041972
0.042783
0.0435916
0.0443783
0.0451512
0.0458632
0.0465396
0.0470557
0.0118253
0.0113016
0.011092
0.0109344
0.0103707
0.00938699
0.00853018
0.00827116
0.00844076
0.00864991
0.00883649
0.00902985
0.00916395
0.00924968
0.00937167
0.00955713
0.00975062
0.00988031
0.00997704
0.0101414
0.0103773
0.0105946
0.010749
0.0108945
0.0111028
0.0113577
0.0115995
0.0118202
0.0120444
0.0122867
0.0125495
0.0128161
0.0130696
0.0133286
0.0136075
0.0138837
0.0141392
0.0144039
0.0147021
0.0150256
0.01536
0.0157097
0.0160583
0.0164059
0.0167478
0.0170775
0.0173937
0.017712
0.0180368
0.0183733
0.0187301
0.0191058
0.0194825
0.0198518
0.0202529
0.0206744
0.02109
0.0215034
0.0219422
0.0223531
0.0227323
0.0231068
0.023523
0.0239858
0.0244951
0.0250077
0.0255254
0.0260342
0.0265369
0.0270112
0.0274842
0.0280162
0.0285741
0.0291436
0.0296852
0.0302493
0.030793
0.0313774
0.0319914
0.0326155
0.0332415
0.0338835
0.0345624
0.0352292
0.0359171
0.0366196
0.0373363
0.0381001
0.0388503
0.039629
0.0403821
0.041165
0.0419732
0.0427837
0.0435926
0.0443807
0.0451544
0.045869
0.0465483
0.0470606
0.0115848
0.0110675
0.0109641
0.0109435
0.0104825
0.00959199
0.00875669
0.00842307
0.00853717
0.00873889
0.00889956
0.00905928
0.00918996
0.009285
0.00941087
0.00959816
0.00978947
0.00991011
0.00999783
0.0101623
0.0104053
0.0106254
0.0107734
0.0109102
0.0111181
0.0113795
0.0116229
0.0118362
0.0120547
0.0123001
0.0125658
0.0128284
0.0130774
0.0133366
0.0136169
0.0138928
0.0141487
0.0144146
0.0147125
0.0150344
0.0153675
0.0157153
0.0160608
0.0164057
0.0167477
0.0170793
0.017396
0.0177134
0.0180393
0.0183782
0.018735
0.0191084
0.0194842
0.019855
0.0202563
0.0206759
0.0210902
0.0215032
0.021941
0.0223517
0.0227334
0.0231112
0.0235295
0.0239914
0.0244976
0.0250083
0.0255251
0.0260326
0.0265352
0.0270119
0.0274873
0.0280191
0.0285752
0.0291436
0.0296853
0.0302503
0.0307952
0.03138
0.0319931
0.032617
0.0332433
0.0338852
0.0345639
0.0352307
0.0359188
0.0366215
0.0373381
0.0381014
0.038851
0.0396296
0.0403831
0.0411663
0.0419745
0.0427846
0.0435937
0.0443833
0.0451578
0.0458749
0.0465573
0.0470659
0.0113646
0.0108433
0.0108239
0.0109506
0.0105941
0.00977284
0.00897121
0.00858782
0.00863814
0.00883004
0.00897538
0.00909508
0.00921047
0.00931611
0.00945054
0.0096411
0.00983074
0.00994216
0.0100201
0.0101841
0.0104343
0.0106575
0.0107985
0.0109265
0.0111339
0.011402
0.0116473
0.011853
0.0120656
0.0123138
0.0125827
0.0128414
0.0130855
0.013345
0.0136269
0.0139024
0.0141585
0.0144254
0.0147232
0.0150435
0.0153752
0.0157211
0.0160636
0.0164057
0.0167477
0.0170814
0.0173985
0.0177149
0.0180419
0.0183832
0.0187401
0.0191111
0.019486
0.0198583
0.0202599
0.0206775
0.0210904
0.0215032
0.0219399
0.0223504
0.0227346
0.0231157
0.0235361
0.023997
0.0245001
0.025009
0.0255249
0.026031
0.0265336
0.0270126
0.0274903
0.028022
0.0285763
0.0291436
0.0296855
0.0302513
0.0307975
0.0313827
0.031995
0.0326186
0.0332453
0.033887
0.0345655
0.0352322
0.0359206
0.0366235
0.0373401
0.0381027
0.0388518
0.0396302
0.0403842
0.0411676
0.0419759
0.0427855
0.0435949
0.0443861
0.0451616
0.0458809
0.0465666
0.0470716
0.0111621
0.0106341
0.010673
0.0109471
0.0107096
0.00993833
0.00916545
0.00875967
0.00874972
0.00892107
0.00906019
0.00914169
0.0092281
0.00934116
0.0094899
0.00968593
0.00987403
0.00997629
0.0100443
0.0102071
0.0104644
0.010691
0.0108246
0.0109432
0.0111504
0.0114254
0.0116727
0.0118707
0.0120769
0.012328
0.0126001
0.0128551
0.0130942
0.0133537
0.0136374
0.0139126
0.0141686
0.0144366
0.0147341
0.0150529
0.0153831
0.0157272
0.0160666
0.0164058
0.0167479
0.0170837
0.0174012
0.0177166
0.0180444
0.0183884
0.0187454
0.0191139
0.0194878
0.0198617
0.0202637
0.0206791
0.0210906
0.0215032
0.0219389
0.0223492
0.0227358
0.0231202
0.0235426
0.0240025
0.0245027
0.0250097
0.0255246
0.0260295
0.0265321
0.0270132
0.0274933
0.0280249
0.0285775
0.0291438
0.0296858
0.0302524
0.0307998
0.0313855
0.0319969
0.0326202
0.0332472
0.0338888
0.0345671
0.0352338
0.0359225
0.0366254
0.0373421
0.038104
0.0388527
0.0396308
0.0403853
0.041169
0.0419773
0.0427865
0.0435962
0.0443891
0.0451656
0.0458871
0.0465762
0.0470777
0.0109733
0.0104436
0.0105158
0.010927
0.0108258
0.0100988
0.00933841
0.00892828
0.00887477
0.00901488
0.009149
0.00920033
0.00924771
0.00935945
0.0095271
0.00973274
0.00991924
0.0100121
0.0100701
0.0102316
0.0104955
0.0107258
0.0108522
0.0109603
0.0111671
0.0114496
0.0116991
0.0118894
0.012089
0.0123425
0.0126182
0.0128694
0.0131033
0.013363
0.0136484
0.0139234
0.0141792
0.0144479
0.0147452
0.0150625
0.0153913
0.0157335
0.0160699
0.0164062
0.0167484
0.0170862
0.0174041
0.0177183
0.0180471
0.0183937
0.0187508
0.0191169
0.0194896
0.0198652
0.0202676
0.0206808
0.0210908
0.0215033
0.0219381
0.0223481
0.0227371
0.0231248
0.0235491
0.0240081
0.0245054
0.0250105
0.0255244
0.0260281
0.0265306
0.0270139
0.0274963
0.0280278
0.0285787
0.0291439
0.0296862
0.0302535
0.0308022
0.0313882
0.031999
0.032622
0.0332493
0.0338908
0.0345688
0.0352355
0.0359244
0.0366275
0.0373441
0.0381054
0.0388536
0.0396316
0.0403865
0.0411705
0.0419787
0.0427876
0.0435975
0.0443922
0.0451699
0.0458935
0.0465861
0.0470843
0.0107944
0.0102751
0.0103571
0.0108862
0.0109357
0.010261
0.00949647
0.00908443
0.00900921
0.00911729
0.00923904
0.00926804
0.00927433
0.00937274
0.00955977
0.00978097
0.00996675
0.0100494
0.0100973
0.0102579
0.010528
0.0107616
0.0108813
0.0109785
0.0111839
0.0114745
0.0117266
0.0119089
0.0121016
0.0123577
0.0126369
0.0128844
0.013113
0.0133727
0.01366
0.0139347
0.0141902
0.0144595
0.0147564
0.0150723
0.0153998
0.0157402
0.0160735
0.0164069
0.0167491
0.017089
0.0174073
0.0177201
0.0180497
0.0183991
0.0187565
0.0191199
0.0194915
0.0198688
0.0202716
0.0206826
0.021091
0.0215035
0.0219374
0.0223471
0.0227385
0.0231294
0.0235556
0.0240136
0.0245082
0.0250114
0.0255243
0.0260267
0.0265293
0.0270145
0.0274993
0.0280307
0.02858
0.0291441
0.0296866
0.0302548
0.0308046
0.0313911
0.0320011
0.0326238
0.0332514
0.0338928
0.0345706
0.0352373
0.0359264
0.0366296
0.0373462
0.0381069
0.0388546
0.0396323
0.0403877
0.041172
0.0419803
0.0427889
0.0435989
0.0443955
0.0451745
0.0459
0.0465963
0.0470914
0.0106201
0.0101316
0.0102044
0.0108226
0.0110315
0.010426
0.00964848
0.00922598
0.00914398
0.00923086
0.00933301
0.00934084
0.00930971
0.00938507
0.00958672
0.00982893
0.0100169
0.0100883
0.0101252
0.0102854
0.0105625
0.0107988
0.0109116
0.010998
0.011201
0.0114996
0.0117554
0.0119295
0.0121149
0.0123735
0.0126564
0.0128999
0.0131232
0.0133831
0.0136723
0.0139466
0.0142015
0.0144713
0.014768
0.0150824
0.0154086
0.0157472
0.0160773
0.0164078
0.01675
0.0170921
0.0174107
0.017722
0.0180524
0.0184046
0.0187624
0.0191231
0.0194934
0.0198725
0.0202758
0.0206844
0.0210912
0.0215038
0.0219369
0.0223462
0.02274
0.023134
0.023562
0.024019
0.024511
0.0250124
0.0255241
0.0260254
0.026528
0.0270152
0.0275022
0.0280336
0.0285813
0.0291444
0.0296871
0.030256
0.030807
0.0313939
0.0320032
0.0326257
0.0332536
0.0338948
0.0345725
0.0352391
0.0359284
0.0366318
0.0373484
0.0381084
0.0388557
0.0396332
0.040389
0.0411736
0.0419818
0.0427902
0.0436005
0.044399
0.0451794
0.0459067
0.0466068
0.0470989
0.0104425
0.0100113
0.0100678
0.0107376
0.0111056
0.0105899
0.00980097
0.00935811
0.00927099
0.00935114
0.00943616
0.00941748
0.00935135
0.00940035
0.00960916
0.00987458
0.0100692
0.0101296
0.0101539
0.0103133
0.0105989
0.0108381
0.0109431
0.0110189
0.0112188
0.0115246
0.0117851
0.0119512
0.0121286
0.0123899
0.0126767
0.0129162
0.0131338
0.0133939
0.0136852
0.0139591
0.0142132
0.0144835
0.0147798
0.0150928
0.0154176
0.0157545
0.0160816
0.016409
0.0167512
0.0170955
0.0174145
0.017724
0.0180551
0.0184103
0.0187685
0.0191264
0.0194954
0.0198763
0.0202802
0.0206862
0.0210914
0.0215042
0.0219365
0.0223455
0.0227415
0.0231387
0.0235683
0.0240244
0.0245139
0.0250134
0.0255241
0.0260243
0.0265268
0.0270159
0.0275051
0.0280365
0.0285826
0.0291448
0.0296877
0.0302574
0.0308095
0.0313969
0.0320055
0.0326277
0.0332558
0.033897
0.0345745
0.0352411
0.0359306
0.0366341
0.0373506
0.03811
0.0388568
0.039634
0.0403904
0.0411753
0.0419835
0.0427918
0.0436021
0.0444027
0.0451847
0.0459136
0.0466176
0.047107
0.0102547
0.00990535
0.00995704
0.0106395
0.0111515
0.010747
0.00995517
0.00948761
0.00938965
0.00946903
0.00954921
0.00950226
0.00939666
0.00941899
0.00963004
0.00991731
0.010122
0.010173
0.0101842
0.0103412
0.0106362
0.0108801
0.0109762
0.0110407
0.0112378
0.01155
0.0118154
0.0119744
0.012143
0.0124067
0.0126981
0.0129333
0.0131448
0.0134053
0.013699
0.0139722
0.0142253
0.014496
0.0147919
0.0151033
0.015427
0.0157622
0.0160861
0.0164105
0.0167526
0.0170992
0.0174185
0.0177262
0.0180577
0.0184161
0.0187749
0.0191299
0.0194973
0.0198802
0.0202848
0.0206882
0.0210917
0.0215048
0.0219364
0.0223448
0.0227431
0.0231433
0.0235746
0.0240298
0.0245169
0.0250146
0.0255241
0.0260232
0.0265258
0.0270165
0.0275079
0.0280394
0.028584
0.0291452
0.0296884
0.0302589
0.030812
0.0313999
0.0320078
0.0326298
0.0332581
0.0338993
0.0345766
0.0352431
0.0359328
0.0366364
0.0373528
0.0381116
0.0388581
0.039635
0.0403918
0.041177
0.0419852
0.0427934
0.0436039
0.0444066
0.0451904
0.0459206
0.0466287
0.0471156
0.0100556
0.00980121
0.00987648
0.0105414
0.0111662
0.0108903
0.0101082
0.00961843
0.00950676
0.00957767
0.00966527
0.00960087
0.00944748
0.00943789
0.00965102
0.00995879
0.0101744
0.0102173
0.0102163
0.0103699
0.0106734
0.0109245
0.0110121
0.0110632
0.0112577
0.0115763
0.0118458
0.0119985
0.0121583
0.0124238
0.0127205
0.0129516
0.0131562
0.0134169
0.0137135
0.0139861
0.0142378
0.0145086
0.0148043
0.0151142
0.0154366
0.0157703
0.0160911
0.0164123
0.0167543
0.0171032
0.0174229
0.0177286
0.0180604
0.0184219
0.0187816
0.0191336
0.0194993
0.0198842
0.0202895
0.0206902
0.0210919
0.0215055
0.0219365
0.0223443
0.0227447
0.023148
0.0235809
0.0240351
0.0245199
0.0250159
0.0255241
0.0260223
0.0265248
0.0270172
0.0275107
0.0280422
0.0285854
0.0291456
0.0296892
0.0302604
0.0308146
0.0314029
0.0320103
0.032632
0.0332604
0.0339016
0.0345788
0.0352451
0.0359351
0.0366388
0.0373552
0.0381134
0.0388594
0.039636
0.0403933
0.0411789
0.041987
0.0427952
0.0436058
0.0444107
0.0451964
0.0459278
0.0466401
0.0471247
0.00984983
0.00968701
0.00982051
0.0104577
0.0111535
0.0110133
0.010256
0.00974805
0.00962952
0.00967947
0.0097732
0.00971288
0.00951167
0.00945552
0.00966938
0.0100013
0.0102276
0.0102611
0.0102493
0.0104005
0.0107105
0.0109698
0.0110515
0.011087
0.0112776
0.0116039
0.0118771
0.012023
0.0121745
0.0124414
0.0127437
0.0129713
0.0131682
0.0134288
0.0137287
0.0140009
0.0142508
0.0145216
0.0148169
0.0151254
0.0154465
0.0157787
0.0160965
0.0164144
0.0167563
0.0171075
0.0174276
0.0177312
0.0180632
0.0184278
0.0187885
0.0191375
0.0195013
0.0198883
0.0202945
0.0206923
0.0210922
0.0215063
0.0219368
0.022344
0.0227465
0.0231527
0.0235871
0.0240403
0.024523
0.0250173
0.0255243
0.0260214
0.026524
0.0270179
0.0275134
0.0280451
0.0285868
0.0291462
0.0296901
0.0302621
0.0308172
0.031406
0.0320128
0.0326343
0.0332629
0.0339041
0.0345811
0.0352473
0.0359375
0.0366413
0.0373576
0.0381152
0.0388608
0.0396371
0.0403948
0.0411808
0.0419888
0.0427972
0.0436078
0.044415
0.0452028
0.0459352
0.0466517
0.0471345
0.0096468
0.00955543
0.00977544
0.0103997
0.0111237
0.0111122
0.0103955
0.00986953
0.00975974
0.00978531
0.0098651
0.00982818
0.00959716
0.00947677
0.0096799
0.0100437
0.0102853
0.010305
0.0102802
0.0104328
0.0107489
0.0110148
0.0110939
0.0111139
0.011297
0.0116322
0.0119103
0.0120479
0.012191
0.0124598
0.0127676
0.0129921
0.0131811
0.0134408
0.0137444
0.0140167
0.0142644
0.0145347
0.0148298
0.015137
0.0154567
0.0157874
0.0161023
0.016417
0.0167586
0.0171121
0.0174327
0.0177341
0.018066
0.0184338
0.0187956
0.0191415
0.0195033
0.0198925
0.0202996
0.0206946
0.0210925
0.0215072
0.0219373
0.0223438
0.0227482
0.0231574
0.0235932
0.0240455
0.0245261
0.0250188
0.0255245
0.0260208
0.0265234
0.0270186
0.0275161
0.028048
0.0285883
0.0291468
0.029691
0.0302638
0.0308199
0.0314092
0.0320154
0.0326367
0.0332654
0.0339066
0.0345835
0.0352496
0.03594
0.0366439
0.03736
0.038117
0.0388623
0.0396383
0.0403964
0.0411829
0.0419907
0.0427993
0.0436101
0.0444195
0.0452097
0.0459428
0.0466636
0.0471448
0.00945706
0.00940631
0.00972545
0.0103697
0.0110921
0.0111876
0.0105253
0.00997679
0.00988954
0.00990638
0.00994482
0.00993185
0.0097042
0.00951324
0.00968073
0.0100795
0.0103498
0.0103531
0.010307
0.0104641
0.0107909
0.0110601
0.0111372
0.0111447
0.0113171
0.0116599
0.0119459
0.0120741
0.0122069
0.0124787
0.0127926
0.0130142
0.013195
0.013453
0.0137604
0.0140334
0.0142786
0.0145481
0.014843
0.0151489
0.0154673
0.0157965
0.0161086
0.01642
0.0167612
0.0171171
0.0174381
0.0177371
0.0180688
0.01844
0.018803
0.0191458
0.0195053
0.0198968
0.020305
0.0206969
0.0210929
0.0215083
0.0219381
0.0223438
0.0227501
0.0231621
0.0235993
0.0240506
0.0245293
0.0250204
0.0255248
0.0260203
0.0265229
0.0270194
0.0275188
0.0280508
0.0285898
0.0291476
0.0296921
0.0302656
0.0308226
0.0314124
0.0320181
0.0326392
0.0332679
0.0339092
0.0345859
0.0352519
0.0359426
0.0366465
0.0373626
0.038119
0.0388639
0.0396395
0.040398
0.0411851
0.0419927
0.0428017
0.0436125
0.0444242
0.0452169
0.0459506
0.0466757
0.0471556
0.0092897
0.00924862
0.00965539
0.0103579
0.011074
0.0112449
0.0106459
0.0100677
0.0100047
0.0100474
0.0100283
0.0100119
0.00982019
0.00957674
0.00967921
0.0101005
0.0104178
0.0104116
0.0103314
0.0104893
0.0108362
0.0111089
0.0111797
0.0111781
0.0113399
0.0116865
0.0119828
0.0121031
0.0122222
0.012497
0.0128192
0.0130376
0.0132099
0.0134659
0.0137767
0.0140507
0.0142937
0.0145619
0.0148563
0.0151611
0.0154783
0.015806
0.0161153
0.0164234
0.0167641
0.0171224
0.017444
0.0177405
0.0180717
0.0184462
0.0188107
0.0191502
0.0195074
0.0199012
0.0203106
0.0206994
0.0210933
0.0215096
0.0219391
0.022344
0.022752
0.0231668
0.0236052
0.0240556
0.0245326
0.0250222
0.0255253
0.0260199
0.0265225
0.0270202
0.0275215
0.0280537
0.0285914
0.0291484
0.0296934
0.0302676
0.0308253
0.0314157
0.0320209
0.0326418
0.0332706
0.033912
0.0345885
0.0352544
0.0359452
0.0366492
0.0373652
0.038121
0.0388656
0.0396409
0.0403997
0.0411874
0.0419948
0.0428042
0.0436152
0.044429
0.0452246
0.0459587
0.046688
0.0471671
0.00915146
0.00909902
0.0095573
0.0103462
0.0110786
0.0112943
0.0107593
0.0101464
0.0100917
0.0101996
0.0101337
0.0100697
0.00992588
0.00967018
0.00969024
0.0101035
0.0104789
0.0104842
0.0103608
0.0105045
0.0108799
0.0111648
0.0112227
0.0112107
0.0113662
0.0117137
0.0120196
0.0121354
0.0122383
0.0125135
0.0128469
0.0130631
0.0132255
0.0134793
0.0137935
0.0140684
0.0143095
0.0145762
0.0148699
0.0151735
0.0154897
0.015816
0.0161225
0.0164273
0.0167674
0.017128
0.0174504
0.0177441
0.0180745
0.0184525
0.0188188
0.0191549
0.0195093
0.0199056
0.0203164
0.0207021
0.0210937
0.0215111
0.0219405
0.0223443
0.0227539
0.0231716
0.0236112
0.0240606
0.0245359
0.025024
0.0255258
0.0260197
0.0265224
0.027021
0.0275241
0.0280565
0.0285931
0.0291493
0.0296947
0.0302696
0.0308281
0.031419
0.0320238
0.0326445
0.0332733
0.0339149
0.0345913
0.0352569
0.035948
0.0366519
0.0373679
0.0381231
0.0388673
0.0396423
0.0404014
0.0411899
0.041997
0.0428068
0.0436181
0.0444341
0.0452327
0.045967
0.0467004
0.0471791
0.00904493
0.00897134
0.00943747
0.0103148
0.0111019
0.0113488
0.0108692
0.0102212
0.0101434
0.0103421
0.010274
0.0101237
0.0100031
0.00978044
0.00972946
0.0100974
0.0105218
0.0105658
0.0104047
0.0105119
0.0109138
0.0112283
0.0112717
0.0112402
0.0113935
0.0117441
0.0120561
0.0121695
0.0122566
0.0125283
0.0128744
0.0130913
0.0132422
0.0134929
0.013811
0.0140867
0.0143258
0.0145912
0.0148838
0.0151862
0.0155014
0.0158264
0.0161302
0.0164316
0.0167709
0.017134
0.0174572
0.0177481
0.0180773
0.0184587
0.0188273
0.0191599
0.0195113
0.0199101
0.0203226
0.0207049
0.0210942
0.0215127
0.0219421
0.0223448
0.0227559
0.0231764
0.0236171
0.0240654
0.0245392
0.025026
0.0255265
0.0260197
0.0265224
0.0270219
0.0275267
0.0280594
0.0285947
0.0291503
0.0296962
0.0302718
0.0308309
0.0314225
0.0320269
0.0326474
0.0332762
0.0339178
0.0345941
0.0352595
0.0359509
0.0366548
0.0373706
0.0381254
0.0388692
0.0396439
0.0404032
0.0411925
0.0419992
0.0428097
0.0436213
0.0444392
0.0452412
0.0459756
0.0467131
0.0471917
0.00896575
0.00887404
0.00931387
0.0102485
0.0111273
0.0114188
0.0109822
0.0103016
0.0101636
0.0104518
0.0104458
0.0101983
0.0100472
0.00988557
0.00980286
0.0100991
0.0105423
0.0106429
0.0104686
0.0105219
0.0109314
0.0112927
0.0113328
0.0112683
0.0114168
0.0117786
0.012095
0.0122039
0.0122773
0.0125429
0.0129003
0.0131216
0.0132612
0.0135064
0.0138291
0.0141059
0.0143422
0.0146067
0.0148984
0.0151991
0.0155133
0.0158373
0.0161386
0.0164364
0.0167748
0.0171404
0.0174646
0.0177525
0.0180801
0.0184649
0.0188361
0.0191653
0.0195131
0.0199146
0.0203289
0.020708
0.0210948
0.0215145
0.0219441
0.0223455
0.0227579
0.0231812
0.0236229
0.0240702
0.0245426
0.0250282
0.0255273
0.0260199
0.0265226
0.0270228
0.0275293
0.0280622
0.0285965
0.0291515
0.0296977
0.030274
0.0308338
0.0314259
0.03203
0.0326503
0.0332791
0.0339209
0.0345971
0.0352623
0.0359539
0.0366577
0.0373735
0.0381277
0.0388712
0.0396456
0.0404051
0.0411953
0.0420016
0.0428127
0.0436248
0.0444446
0.0452501
0.0459845
0.0467259
0.0472048
0.00891322
0.00880881
0.00920358
0.0101473
0.0111327
0.0115034
0.0111066
0.0103969
0.0101671
0.0105102
0.0106265
0.0103165
0.0100752
0.00996227
0.00989795
0.0101264
0.0105506
0.0107019
0.0105452
0.0105475
0.0109349
0.0113465
0.0114078
0.0113026
0.0114319
0.0118136
0.0121402
0.0122391
0.0122983
0.0125586
0.012925
0.0131526
0.0132827
0.0135203
0.0138474
0.0141262
0.0143588
0.0146223
0.0149138
0.0152126
0.0155254
0.0158487
0.0161476
0.0164417
0.0167788
0.0171471
0.0174726
0.0177575
0.018083
0.0184709
0.0188452
0.0191711
0.0195151
0.019919
0.0203355
0.0207113
0.0210954
0.0215164
0.0219464
0.0223464
0.02276
0.023186
0.0236288
0.0240749
0.0245461
0.0250304
0.0255283
0.0260203
0.026523
0.0270238
0.0275318
0.0280651
0.0285983
0.0291527
0.0296995
0.0302764
0.0308367
0.0314295
0.0320332
0.0326534
0.0332822
0.0339241
0.0346002
0.0352651
0.0359569
0.0366606
0.0373764
0.0381301
0.0388733
0.0396474
0.040407
0.0411982
0.0420041
0.0428158
0.0436286
0.0444501
0.0452595
0.0459938
0.0467388
0.0472185
0.0088857
0.00877363
0.00911956
0.0100285
0.0110976
0.0115878
0.0112481
0.0105154
0.0101727
0.0105123
0.0107859
0.0104857
0.0101151
0.00999952
0.00999203
0.010186
0.0105653
0.010739
0.0106181
0.0105955
0.010938
0.0113796
0.0114889
0.0113524
0.0114397
0.0118415
0.0121935
0.0122793
0.0123173
0.0125745
0.0129504
0.0131835
0.0133061
0.0135355
0.0138657
0.0141477
0.0143762
0.0146374
0.0149297
0.0152271
0.0155378
0.0158602
0.0161574
0.0164477
0.016783
0.0171539
0.0174812
0.017763
0.0180859
0.018477
0.0188546
0.0191774
0.0195172
0.0199233
0.0203423
0.020715
0.0210961
0.0215185
0.0219491
0.0223476
0.022762
0.0231908
0.0236346
0.0240795
0.0245495
0.0250328
0.0255294
0.026021
0.0265236
0.0270249
0.0275344
0.0280679
0.0286001
0.029154
0.0297013
0.030279
0.0308397
0.0314331
0.0320365
0.0326565
0.0332853
0.0339275
0.0346034
0.035268
0.0359601
0.0366637
0.0373794
0.0381327
0.0388754
0.0396494
0.040409
0.0412013
0.0420068
0.0428191
0.0436329
0.0444558
0.0452692
0.0460035
0.0467518
0.0472326
0.00887529
0.00876752
0.00906728
0.00991135
0.0110175
0.0116508
0.0114029
0.0106628
0.0101999
0.0104715
0.0108938
0.0106891
0.010197
0.0100098
0.0100593
0.0102651
0.0106044
0.0107675
0.0106717
0.0106561
0.010957
0.0113941
0.0115615
0.0114228
0.0114499
0.0118549
0.0122504
0.0123303
0.0123352
0.0125874
0.0129777
0.0132154
0.0133297
0.0135519
0.0138845
0.0141701
0.0143948
0.0146522
0.0149454
0.0152426
0.0155508
0.0158718
0.0161677
0.0164545
0.0167876
0.0171609
0.0174905
0.0177692
0.0180889
0.0184828
0.0188643
0.019184
0.0195194
0.0199276
0.0203493
0.020719
0.0210969
0.0215206
0.021952
0.022349
0.0227641
0.0231956
0.0236405
0.0240841
0.0245531
0.0250352
0.0255306
0.0260219
0.0265245
0.027026
0.027537
0.0280708
0.0286021
0.0291555
0.0297033
0.0302816
0.0308428
0.0314368
0.03204
0.0326598
0.0332886
0.0339309
0.0346067
0.0352711
0.0359634
0.0366669
0.0373824
0.0381354
0.0388777
0.0396515
0.0404111
0.0412046
0.0420096
0.0428225
0.0436375
0.0444617
0.0452792
0.0460136
0.0467649
0.0472472
0.00886694
0.00879274
0.00904646
0.00981144
0.0109064
0.0116721
0.0115567
0.0108388
0.0102653
0.0104126
0.0109311
0.0108946
0.0103403
0.0100205
0.0100849
0.0103409
0.0106725
0.0108081
0.0107039
0.0107088
0.0110003
0.0114069
0.0116118
0.0115054
0.0114755
0.0118531
0.0123012
0.012396
0.0123573
0.0125935
0.0130054
0.0132512
0.0133533
0.0135682
0.0139046
0.0141934
0.0144143
0.0146671
0.0149605
0.015259
0.0155651
0.0158837
0.0161783
0.016462
0.0167926
0.0171679
0.0175002
0.0177762
0.0180919
0.0184884
0.0188743
0.0191911
0.0195216
0.019932
0.0203565
0.0207232
0.0210979
0.021523
0.0219553
0.0223507
0.0227663
0.0232004
0.0236463
0.0240887
0.0245567
0.0250378
0.025532
0.026023
0.0265256
0.0270273
0.0275395
0.0280737
0.0286041
0.0291572
0.0297055
0.0302844
0.0308458
0.0314405
0.0320436
0.0326632
0.033292
0.0339345
0.0346102
0.0352743
0.0359669
0.0366701
0.0373856
0.0381383
0.03888
0.0396537
0.0404132
0.0412081
0.0420127
0.042826
0.0436426
0.0444678
0.0452895
0.0460241
0.0467781
0.0472623
0.00884184
0.00884114
0.00905734
0.00973771
0.0107825
0.0116445
0.0116905
0.0110341
0.0103773
0.0103639
0.0109002
0.0110653
0.0105382
0.0100637
0.010077
0.0103883
0.010755
0.0108791
0.0107333
0.0107352
0.011054
0.0114387
0.0116415
0.0115822
0.0115247
0.0118465
0.0123351
0.0124731
0.0123919
0.0125926
0.0130283
0.0132924
0.0133791
0.0135825
0.0139254
0.0142188
0.0144349
0.0146822
0.0149748
0.0152754
0.0155808
0.0158965
0.0161891
0.0164702
0.0167981
0.0171751
0.0175104
0.0177841
0.0180954
0.0184939
0.0188845
0.0191987
0.0195238
0.0199362
0.0203641
0.0207278
0.021099
0.0215255
0.021959
0.0223526
0.0227686
0.0232052
0.0236521
0.0240932
0.0245603
0.0250406
0.0255335
0.0260243
0.0265269
0.0270287
0.0275421
0.0280766
0.0286062
0.0291589
0.0297077
0.0302874
0.030849
0.0314443
0.0320473
0.0326667
0.0332955
0.0339382
0.0346138
0.0352776
0.0359704
0.0366734
0.0373888
0.0381414
0.0388824
0.0396562
0.0404155
0.0412116
0.042016
0.0428296
0.0436481
0.0444741
0.0453
0.0460351
0.0467915
0.0472776
0.00878489
0.00889801
0.00910053
0.00969436
0.0106619
0.0115756
0.0117862
0.0112335
0.0105329
0.0103523
0.010825
0.0111698
0.0107622
0.0101655
0.0100602
0.0103919
0.0108282
0.0109822
0.0107841
0.0107343
0.0110921
0.0115
0.0116716
0.011636
0.0115897
0.0118511
0.012348
0.0125506
0.0124459
0.01259
0.0130415
0.0133377
0.0134106
0.0135942
0.0139446
0.014247
0.0144573
0.0146974
0.0149887
0.0152912
0.0155976
0.0159108
0.0162003
0.0164786
0.016804
0.0171825
0.0175211
0.0177925
0.018099
0.0184992
0.018895
0.019207
0.0195262
0.0199401
0.020372
0.0207329
0.0211
0.0215281
0.0219631
0.0223548
0.0227708
0.0232101
0.0236579
0.0240976
0.024564
0.0250435
0.0255352
0.0260259
0.0265284
0.0270301
0.0275447
0.0280795
0.0286084
0.0291608
0.0297102
0.0302904
0.0308521
0.0314482
0.0320511
0.0326704
0.0332991
0.033942
0.0346175
0.035281
0.035974
0.0366769
0.0373921
0.0381447
0.0388849
0.0396587
0.0404179
0.0412153
0.0420197
0.0428332
0.043654
0.0444807
0.0453107
0.0460467
0.0468049
0.0472933
0.00868993
0.00894344
0.00917517
0.00968584
0.0105585
0.0114791
0.0118354
0.0114184
0.0107189
0.0103935
0.0107369
0.0111975
0.0109756
0.0103303
0.0100652
0.010358
0.0108668
0.0110994
0.0108771
0.0107293
0.0110909
0.0115728
0.0117286
0.0116687
0.0116491
0.0118776
0.0123495
0.0126148
0.0125186
0.0125951
0.0130425
0.0133824
0.0134506
0.0136057
0.0139596
0.0142769
0.0144831
0.0147129
0.0150019
0.0153065
0.0156147
0.0159268
0.0162125
0.0164871
0.0168101
0.0171901
0.0175325
0.0178018
0.0181029
0.0185043
0.0189056
0.0192159
0.0195287
0.0199437
0.0203801
0.0207388
0.0211013
0.0215306
0.0219676
0.0223573
0.0227731
0.023215
0.0236639
0.0241019
0.0245677
0.0250465
0.0255371
0.0260276
0.0265301
0.0270318
0.0275474
0.0280824
0.0286107
0.0291628
0.0297128
0.0302936
0.0308554
0.0314521
0.032055
0.0326741
0.0333029
0.033946
0.0346214
0.0352846
0.0359778
0.0366805
0.0373955
0.0381481
0.0388874
0.0396614
0.0404206
0.0412191
0.0420236
0.042837
0.0436603
0.0444877
0.0453215
0.0460587
0.0468185
0.0473092
0.00856094
0.00896001
0.00925863
0.0097114
0.0104841
0.0113695
0.0118397
0.0115728
0.0109175
0.0104871
0.0106683
0.0111618
0.011142
0.0105372
0.0101202
0.0103095
0.0108563
0.0112047
0.0110141
0.0107497
0.011048
0.0116244
0.0118255
0.0117064
0.0116832
0.0119183
0.0123577
0.0126591
0.0125992
0.0126165
0.0130341
0.0134202
0.0134993
0.0136205
0.0139697
0.0143064
0.0145132
0.01473
0.0150141
0.015321
0.0156316
0.0159441
0.0162266
0.0164961
0.0168159
0.0171979
0.0175446
0.0178119
0.0181069
0.0185092
0.0189166
0.0192255
0.0195314
0.0199467
0.0203883
0.0207454
0.0211028
0.0215329
0.0219724
0.0223603
0.0227754
0.0232199
0.02367
0.0241063
0.0245713
0.0250496
0.0255393
0.0260298
0.0265321
0.0270335
0.0275501
0.0280855
0.0286131
0.0291649
0.0297156
0.030297
0.0308587
0.0314562
0.0320591
0.032678
0.0333068
0.0339501
0.0346254
0.0352884
0.0359816
0.0366842
0.0373989
0.0381517
0.0388901
0.0396642
0.0404235
0.041223
0.0420278
0.0428409
0.0436671
0.0444951
0.0453323
0.0460712
0.0468323
0.0473253
0.00841072
0.00894017
0.00933865
0.00978968
0.0104501
0.011264
0.0118068
0.0116879
0.0111106
0.0106207
0.010642
0.0110901
0.0112414
0.0107551
0.0102353
0.0102752
0.0108025
0.0112709
0.0111754
0.010822
0.0109897
0.0116236
0.0119405
0.0117807
0.0116939
0.0119488
0.0123851
0.0126929
0.012674
0.0126571
0.0130247
0.0134463
0.0135536
0.0136418
0.0139757
0.0143331
0.0145468
0.0147503
0.0150259
0.0153344
0.0156481
0.015962
0.0162428
0.0165063
0.0168211
0.0172055
0.0175576
0.0178231
0.018111
0.0185135
0.0189278
0.0192363
0.0195345
0.0199492
0.0203965
0.0207528
0.0211047
0.0215351
0.0219773
0.0223638
0.0227779
0.0232247
0.0236761
0.0241108
0.024575
0.0250527
0.0255416
0.0260322
0.0265343
0.0270353
0.0275528
0.0280885
0.0286156
0.0291672
0.0297186
0.0303005
0.030862
0.0314603
0.0320633
0.032682
0.0333109
0.0339544
0.0346294
0.0352924
0.0359855
0.036688
0.0374025
0.0381555
0.0388929
0.0396671
0.0404266
0.0412269
0.0420324
0.042845
0.0436741
0.0445029
0.0453432
0.0460841
0.0468463
0.0473416
0.00825501
0.00888459
0.00939426
0.00985802
0.0104516
0.0111791
0.0117483
0.0117612
0.0112828
0.010777
0.0106642
0.011012
0.011275
0.01095
0.0103978
0.0102815
0.0107272
0.0112811
0.0113324
0.0109538
0.010951
0.0115647
0.0120357
0.0119077
0.0117113
0.011946
0.0124218
0.0127348
0.0127356
0.0127081
0.013024
0.0134608
0.0136087
0.0136717
0.013979
0.0143556
0.0145827
0.0147741
0.0150383
0.0153469
0.0156641
0.0159798
0.0162606
0.0165187
0.0168259
0.0172121
0.0175715
0.0178359
0.0181156
0.018517
0.0189388
0.0192483
0.019538
0.019951
0.0204048
0.0207611
0.021107
0.0215373
0.0219823
0.0223676
0.0227806
0.0232295
0.0236823
0.0241153
0.0245788
0.025056
0.0255441
0.0260349
0.0265367
0.0270372
0.0275556
0.0280917
0.0286182
0.0291696
0.0297217
0.0303042
0.0308653
0.0314644
0.0320676
0.032686
0.0333152
0.0339589
0.0346336
0.0352965
0.0359895
0.0366919
0.0374062
0.0381595
0.0388958
0.0396701
0.0404301
0.0412309
0.0420373
0.0428492
0.0436814
0.0445112
0.0453541
0.0460974
0.0468607
0.047358
0.00810691
0.00880286
0.00942173
0.00992714
0.0104831
0.0111265
0.0116801
0.0117966
0.0114251
0.0109379
0.0107291
0.0109523
0.0112598
0.0110993
0.0105842
0.0103398
0.0106571
0.011237
0.0114529
0.011127
0.0109641
0.0114739
0.0120738
0.0120652
0.0117734
0.0119126
0.0124399
0.0127972
0.0127934
0.0127563
0.0130354
0.0134693
0.0136593
0.0137112
0.0139823
0.0143724
0.0146204
0.0148013
0.0150514
0.0153588
0.0156793
0.0159972
0.0162794
0.0165339
0.0168316
0.017217
0.0175855
0.0178505
0.0181209
0.0185197
0.0189496
0.0192617
0.0195424
0.0199517
0.0204128
0.0207704
0.0211098
0.0215394
0.0219876
0.0223718
0.0227833
0.0232344
0.0236886
0.0241197
0.0245825
0.0250593
0.0255468
0.0260378
0.0265395
0.0270393
0.0275583
0.028095
0.0286211
0.0291722
0.029725
0.030308
0.0308687
0.0314687
0.0320721
0.0326902
0.0333194
0.0339635
0.0346378
0.0353009
0.0359937
0.0366959
0.03741
0.0381636
0.038899
0.039673
0.0404339
0.041235
0.0420425
0.0428538
0.0436889
0.04452
0.045365
0.046111
0.0468753
0.0473745
0.00797554
0.00870691
0.00942135
0.00998674
0.0105272
0.0111064
0.0116196
0.0118025
0.0115349
0.0110879
0.0108221
0.0109257
0.0112173
0.0111964
0.0107697
0.0104445
0.0106182
0.0111598
0.0115154
0.0113117
0.0110429
0.0113877
0.0120425
0.0122108
0.0119014
0.0118831
0.0124127
0.0128684
0.0128683
0.0127952
0.0130511
0.0134793
0.0137025
0.0137578
0.0139889
0.0143818
0.014659
0.0148336
0.0150649
0.0153706
0.0156945
0.0160138
0.0162982
0.0165514
0.0168393
0.0172207
0.0175986
0.0178672
0.0181274
0.018521
0.0189596
0.0192767
0.0195481
0.0199516
0.0204203
0.0207806
0.021113
0.0215413
0.0219932
0.0223764
0.0227861
0.0232393
0.023695
0.0241243
0.0245863
0.0250628
0.0255496
0.0260409
0.0265425
0.0270417
0.027561
0.0280982
0.0286241
0.0291749
0.0297285
0.030312
0.030872
0.0314731
0.0320767
0.0326946
0.0333239
0.0339683
0.0346421
0.0353053
0.0359978
0.0367
0.0374141
0.0381678
0.0389024
0.039676
0.0404381
0.0412391
0.0420478
0.0428587
0.0436965
0.0445293
0.045376
0.0461249
0.0468902
0.047391
0.00786857
0.00860966
0.00939698
0.0100308
0.0105744
0.0111105
0.0115778
0.0117917
0.0116148
0.0112185
0.0109268
0.0109338
0.0111686
0.0112452
0.0109341
0.0105794
0.0106234
0.0110765
0.0115169
0.0114752
0.0111773
0.0113416
0.0119639
0.0123031
0.0120737
0.0118999
0.0123404
0.0129154
0.0129742
0.0128376
0.0130591
0.0134941
0.0137416
0.0138072
0.0140025
0.0143833
0.0146946
0.0148733
0.0150792
0.0153804
0.015711
0.0160299
0.0163159
0.0165703
0.0168494
0.0172241
0.01761
0.0178853
0.0181362
0.0185215
0.0189682
0.0192929
0.0195552
0.0199508
0.0204272
0.020792
0.0211171
0.0215428
0.021999
0.0223817
0.0227888
0.0232439
0.0237018
0.0241289
0.02459
0.0250665
0.0255527
0.0260442
0.0265458
0.0270442
0.0275638
0.0281016
0.0286273
0.0291778
0.0297321
0.0303161
0.0308754
0.0314775
0.0320813
0.0326991
0.0333285
0.0339733
0.0346467
0.03531
0.0360021
0.0367041
0.0374184
0.0381721
0.038906
0.0396791
0.0404426
0.0412435
0.0420532
0.0428641
0.0437042
0.0445391
0.0453871
0.0461389
0.0469055
0.0474076
0.00779117
0.00852262
0.00935567
0.0100564
0.0106193
0.0111264
0.0115554
0.0117766
0.0116703
0.0113289
0.0110293
0.0109679
0.0111307
0.0112558
0.0110652
0.0107273
0.0106701
0.0110119
0.0114725
0.0115905
0.0113419
0.0113545
0.0118737
0.012326
0.0122477
0.0119904
0.0122603
0.0129047
0.0130971
0.0129066
0.0130533
0.0135057
0.0137822
0.0138559
0.0140248
0.0143805
0.014721
0.014921
0.0150992
0.0153858
0.0157281
0.0160484
0.0163318
0.0165892
0.0168624
0.0172285
0.0176196
0.0179037
0.0181475
0.0185216
0.0189752
0.0193103
0.0195642
0.0199492
0.020433
0.0208041
0.0211218
0.0215438
0.0220048
0.022388
0.0227919
0.0232483
0.0237087
0.0241338
0.0245936
0.0250701
0.0255561
0.0260477
0.0265493
0.027047
0.0275665
0.028105
0.0286307
0.0291809
0.029736
0.0303204
0.0308786
0.0314821
0.0320862
0.0327037
0.0333331
0.0339784
0.0346512
0.0353149
0.0360067
0.0367083
0.0374231
0.0381764
0.0389098
0.0396821
0.0404474
0.0412481
0.0420588
0.04287
0.0437121
0.0445492
0.0453984
0.0461531
0.046921
0.0474242
0.00774382
0.00845626
0.00930775
0.010063
0.0106573
0.0111489
0.0115475
0.0117654
0.0117083
0.0114217
0.0111236
0.011015
0.0111115
0.0112432
0.011157
0.0108724
0.0107482
0.0109799
0.0114063
0.0116461
0.0115055
0.0114235
0.0118044
0.0122948
0.0123805
0.0121398
0.0122195
0.0128315
0.0132009
0.013021
0.0130479
0.0135003
0.0138267
0.0139056
0.0140534
0.0143796
0.014734
0.0149703
0.0151308
0.0153868
0.015741
0.0160719
0.0163479
0.0166061
0.0168777
0.0172347
0.017628
0.0179216
0.0181607
0.0185219
0.0189802
0.0193283
0.0195753
0.0199473
0.0204381
0.0208172
0.0211276
0.0215444
0.0220105
0.0223951
0.0227951
0.0232521
0.0237155
0.0241391
0.0245973
0.0250739
0.0255597
0.0260514
0.026553
0.02705
0.0275693
0.0281086
0.0286341
0.029184
0.02974
0.030325
0.030882
0.0314868
0.032091
0.0327084
0.0333379
0.0339836
0.0346559
0.0353197
0.0360113
0.0367123
0.0374281
0.0381808
0.0389138
0.0396855
0.0404523
0.0412531
0.0420642
0.0428764
0.0437201
0.0445596
0.0454099
0.0461673
0.0469368
0.0474409
0.00772057
0.00841658
0.00926656
0.010054
0.0106834
0.0111738
0.0115494
0.0117596
0.0117344
0.0114976
0.0112091
0.0110647
0.0111088
0.0112227
0.0112108
0.0110022
0.0108465
0.0109836
0.0113439
0.0116503
0.0116402
0.0115316
0.0117759
0.0122393
0.0124514
0.0123059
0.0122503
0.0127306
0.0132456
0.01317
0.0130707
0.0134707
0.0138662
0.0139613
0.0140852
0.014386
0.0147367
0.015012
0.0151772
0.0153903
0.0157425
0.0160981
0.016369
0.0166194
0.0168928
0.0172439
0.0176364
0.0179392
0.0181755
0.0185229
0.0189839
0.0193466
0.0195884
0.0199451
0.0204418
0.0208313
0.0211343
0.0215444
0.022016
0.0224033
0.0227991
0.0232556
0.0237222
0.0241446
0.0246011
0.0250776
0.0255635
0.0260552
0.0265569
0.0270531
0.0275719
0.0281125
0.0286379
0.0291874
0.0297441
0.0303296
0.0308852
0.0314916
0.0320961
0.0327133
0.0333428
0.0339889
0.0346609
0.0353248
0.0360162
0.0367163
0.0374332
0.0381851
0.0389178
0.039689
0.0404574
0.0412585
0.0420698
0.0428833
0.0437283
0.0445702
0.0454218
0.0461816
0.0469527
0.0474577
0.00771125
0.00839983
0.00924143
0.0100393
0.0106961
0.0111962
0.0115565
0.0117581
0.0117531
0.0115583
0.0112875
0.0111144
0.0111155
0.0112042
0.0112344
0.0111063
0.0109533
0.0110169
0.011303
0.0116232
0.0117299
0.0116559
0.0117924
0.012188
0.0124712
0.012448
0.0123471
0.01265
0.0132164
0.0133155
0.0131453
0.0134297
0.0138849
0.0140249
0.0141201
0.0143986
0.0147372
0.0150392
0.0152338
0.0154085
0.0157326
0.0161185
0.0163995
0.0166327
0.0169038
0.017255
0.017646
0.0179566
0.0181911
0.0185239
0.0189864
0.0193653
0.0196035
0.0199427
0.0204441
0.0208462
0.0211424
0.0215437
0.0220208
0.0224123
0.0228036
0.0232587
0.0237287
0.0241504
0.024605
0.0250816
0.0255675
0.0260591
0.0265612
0.0270566
0.0275744
0.0281165
0.0286418
0.0291908
0.0297483
0.0303344
0.0308884
0.0314962
0.0321012
0.0327183
0.0333481
0.0339942
0.0346662
0.0353297
0.0360213
0.0367205
0.037439
0.0381898
0.0389219
0.0396928
0.0404623
0.0412641
0.0420752
0.0428904
0.0437369
0.0445807
0.0454339
0.046196
0.0469687
0.0474744
0.00770719
0.00839835
0.00923532
0.0100309
0.0106989
0.0112111
0.0115647
0.0117587
0.0117661
0.0116047
0.0113584
0.0111659
0.0111264
0.0111895
0.0112387
0.0111789
0.0110566
0.011071
0.0112883
0.011587
0.0117738
0.0117722
0.0118449
0.0121583
0.0124636
0.0125436
0.0124745
0.0126273
0.0131399
0.0134149
0.0132691
0.0134057
0.0138722
0.014089
0.0141629
0.0144133
0.0147409
0.0150509
0.0152868
0.0154477
0.0157209
0.0161233
0.0164374
0.0166545
0.016909
0.0172638
0.0176579
0.0179746
0.0182075
0.0185247
0.0189873
0.0193844
0.0196211
0.0199404
0.0204448
0.0208621
0.0211522
0.0215423
0.0220249
0.0224223
0.0228089
0.0232616
0.023735
0.0241562
0.024609
0.0250859
0.0255716
0.0260631
0.0265658
0.0270602
0.0275766
0.0281209
0.0286462
0.0291945
0.0297525
0.0303393
0.030892
0.0315011
0.0321066
0.0327231
0.0333533
0.0339993
0.0346717
0.0353347
0.0360265
0.0367245
0.0374445
0.0381945
0.038926
0.0396974
0.0404676
0.0412702
0.042081
0.0428978
0.0437458
0.0445913
0.0454463
0.0462104
0.0469847
0.0474911
0.00770472
0.00840506
0.00924328
0.0100349
0.0107004
0.0112183
0.0115704
0.0117592
0.0117743
0.011638
0.0114179
0.0112173
0.01114
0.0111756
0.0112315
0.0112215
0.0111444
0.0111368
0.0112966
0.0115588
0.0117846
0.011862
0.0119182
0.0121548
0.0124492
0.0125964
0.0125949
0.0126667
0.0130599
0.0134453
0.013409
0.0134251
0.0138359
0.0141382
0.0142183
0.0144306
0.0147494
0.0150558
0.0153255
0.0155023
0.0157215
0.016109
0.0164705
0.0166924
0.0169152
0.0172656
0.0176716
0.0179961
0.0182253
0.0185249
0.0189856
0.0194036
0.0196414
0.0199377
0.0204427
0.0208785
0.0211644
0.0215406
0.0220279
0.0224332
0.0228151
0.0232642
0.0237412
0.0241623
0.0246128
0.0250905
0.025576
0.026067
0.0265706
0.0270642
0.0275785
0.0281253
0.0286508
0.0291984
0.0297571
0.0303442
0.0308955
0.0315057
0.0321123
0.0327283
0.0333591
0.0340045
0.0346774
0.0353395
0.0360318
0.036729
0.0374503
0.0381995
0.0389296
0.0397019
0.0404726
0.0412763
0.0420869
0.0429055
0.0437552
0.0446019
0.0454588
0.0462251
0.0470006
0.0475077
0.00770221
0.00841513
0.00925902
0.0100499
0.010708
0.0112209
0.0115709
0.0117566
0.011779
0.0116592
0.0114618
0.0112637
0.0111567
0.0111625
0.0112168
0.0112414
0.0112095
0.0112036
0.0113215
0.0115454
0.0117792
0.0119195
0.0119965
0.0121754
0.0124412
0.0126244
0.0126868
0.0127436
0.0130154
0.0134212
0.0135271
0.0134937
0.0137998
0.0141603
0.0142815
0.014455
0.0147597
0.0150619
0.0153489
0.0155585
0.0157445
0.0160866
0.0164832
0.0167411
0.0169323
0.0172568
0.0176797
0.0180228
0.0182469
0.018525
0.0189815
0.0194228
0.0196662
0.0199363
0.0204374
0.0208945
0.0211793
0.0215386
0.022029
0.0224446
0.0228222
0.0232664
0.0237472
0.0241688
0.0246165
0.0250952
0.0255807
0.0260711
0.0265757
0.0270685
0.0275804
0.0281299
0.0286557
0.0292022
0.0297615
0.0303491
0.0308994
0.03151
0.032118
0.0327331
0.033365
0.0340099
0.0346837
0.0353448
0.0360371
0.0367337
0.0374561
0.038205
0.0389335
0.0397072
0.0404779
0.0412824
0.042093
0.0429129
0.0437647
0.0446123
0.0454713
0.0462398
0.0470165
0.0475243
0.00770038
0.0084263
0.00927858
0.0100716
0.0107232
0.0112231
0.0115653
0.0117464
0.0117749
0.0116696
0.0114895
0.0113004
0.011175
0.0111531
0.0111974
0.0112452
0.0112532
0.0112642
0.0113585
0.011548
0.0117731
0.0119507
0.012065
0.0122136
0.0124433
0.012642
0.0127477
0.012826
0.0130171
0.0133748
0.0135963
0.0135907
0.0137871
0.0141568
0.01434
0.0144903
0.0147702
0.0150699
0.0153632
0.0156042
0.0157862
0.0160745
0.0164734
0.0167867
0.0169706
0.0172468
0.017674
0.0180511
0.0182752
0.0185246
0.0189715
0.0194393
0.0196955
0.0199373
0.0204282
0.0209097
0.0211981
0.0215382
0.0220286
0.0224565
0.0228305
0.0232682
0.0237529
0.0241759
0.0246201
0.0250998
0.0255854
0.0260749
0.0265809
0.0270728
0.0275821
0.0281346
0.0286612
0.0292065
0.0297664
0.0303539
0.0309037
0.0315132
0.0321242
0.0327382
0.0333707
0.034015
0.0346895
0.0353498
0.0360421
0.0367389
0.0374617
0.0382103
0.0389371
0.0397128
0.0404836
0.0412887
0.0420999
0.0429209
0.0437747
0.0446229
0.0454837
0.0462546
0.047032
0.0475402
0.00770149
0.00843957
0.00930072
0.010096
0.0107433
0.0112279
0.0115557
0.0117286
0.0117598
0.0116667
0.0115007
0.0113224
0.0111883
0.0111446
0.0111743
0.0112347
0.011278
0.0113123
0.0113995
0.0115619
0.0117722
0.0119662
0.0121145
0.0122587
0.0124549
0.0126559
0.0127885
0.0128936
0.0130512
0.0133378
0.0136175
0.0136873
0.0138079
0.0141419
0.0143843
0.0145352
0.0147857
0.0150795
0.0153752
0.0156377
0.0158331
0.0160827
0.0164529
0.016812
0.0170252
0.0172512
0.0176535
0.0180731
0.0183154
0.0185302
0.0189552
0.0194509
0.0197298
0.0199423
0.0204135
0.0209208
0.0212194
0.0215391
0.0220261
0.0224679
0.0228401
0.0232697
0.0237581
0.0241837
0.024624
0.0251045
0.0255906
0.0260791
0.0265866
0.0270774
0.0275837
0.0281392
0.0286666
0.0292105
0.0297712
0.0303588
0.0309088
0.031517
0.0321309
0.0327437
0.033377
0.0340208
0.0346958
0.0353553
0.0360471
0.0367444
0.0374673
0.038216
0.0389409
0.0397182
0.0404891
0.0412943
0.0421067
0.0429286
0.0437846
0.0446336
0.0454962
0.0462697
0.0470478
0.0475566
0.0077081
0.0084554
0.00932456
0.0101204
0.0107622
0.0112312
0.0115393
0.0116999
0.0117308
0.0116497
0.011494
0.0113253
0.0111902
0.0111326
0.0111497
0.0112142
0.0112866
0.011347
0.0114381
0.0115839
0.0117784
0.0119768
0.0121464
0.012301
0.0124757
0.0126694
0.0128205
0.0129437
0.0130967
0.0133263
0.0136097
0.0137597
0.0138547
0.0141305
0.01441
0.014581
0.014807
0.0150903
0.0153851
0.0156622
0.0158762
0.0161082
0.0164402
0.0168135
0.0170775
0.0172797
0.0176271
0.0180759
0.0183628
0.0185488
0.0189337
0.0194543
0.0197703
0.0199562
0.0203962
0.0209275
0.0212442
0.0215433
0.0220215
0.0224781
0.0228505
0.0232706
0.0237621
0.0241919
0.024628
0.0251086
0.0255951
0.0260829
0.0265923
0.027082
0.0275854
0.028144
0.0286728
0.029215
0.0297762
0.0303636
0.0309148
0.0315166
0.0321378
0.0327491
0.0333828
0.0340264
0.0347017
0.0353607
0.0360521
0.0367503
0.0374727
0.0382212
0.038945
0.0397241
0.0404954
0.0413002
0.0421139
0.0429365
0.0437941
0.0446439
0.045508
0.0462841
0.0470627
0.0475716
0.00773085
0.00847751
0.00935104
0.0101466
0.0107819
0.0112351
0.0115163
0.011652
0.0116719
0.0116004
0.0114598
0.0113063
0.0111752
0.0111114
0.0111231
0.0111899
0.0112839
0.0113716
0.011474
0.0116139
0.0117937
0.0119893
0.0121678
0.0123338
0.0125013
0.0126831
0.0128467
0.0129816
0.0131376
0.0133364
0.013595
0.0138012
0.0139134
0.0141352
0.0144236
0.0146232
0.0148342
0.0151044
0.0153927
0.0156781
0.0159111
0.0161386
0.0164415
0.016803
0.0171113
0.0173287
0.0176138
0.0180555
0.0184058
0.0185857
0.01891
0.019442
0.019811
0.0199797
0.0203766
0.0209268
0.0212719
0.0215535
0.0220166
0.0224881
0.0228635
0.0232723
0.0237662
0.0242015
0.0246335
0.0251134
0.0256002
0.0260869
0.0265989
0.0270868
0.0275871
0.0281485
0.0286788
0.0292194
0.0297812
0.0303687
0.0309231
0.0315529
0.0321467
0.0327558
0.0333894
0.0340328
0.0347077
0.0353663
0.0360572
0.0367569
0.0374785
0.0382268
0.0389496
0.0397299
0.0405016
0.0413059
0.0421217
0.0429451
0.0438044
0.0446552
0.0455206
0.0462993
0.0470784
0.0475876
0.0077744
0.00850687
0.00937462
0.0101662
0.010796
0.0112387
0.0114989
0.0116088
0.0116065
0.0115256
0.0113899
0.0112358
0.0111301
0.0110732
0.0110864
0.0111575
0.0112669
0.0113819
0.0115014
0.0116431
0.0118117
0.0119999
0.0121801
0.0123527
0.012523
0.0126952
0.0128662
0.0130121
0.0131692
0.013356
0.0135858
0.0138168
0.0139676
0.0141566
0.0144312
0.0146575
0.0148639
0.0151224
0.0154018
0.0156884
0.015942
0.0161703
0.016453
0.0167935
0.0171209
0.0173779
0.0176241
0.0180205
0.0184291
0.0186423
0.0188962
0.0194132
0.0198482
0.020015
0.0203559
0.0209138
0.0212971
0.0215668
0.022008
0.0224932
0.0228756
0.023272
0.0237676
0.0242099
0.0246385
0.0251169
0.0256037
0.0260898
0.0266054
0.0270919
0.0275889
0.028153
0.0286852
0.0292241
0.0297856
0.0303736
0.0309301
0.0315483
0.032152
0.0327615
0.0333949
0.0340387
0.0347132
0.0353714
0.0360621
0.0367629
0.0374832
0.0382311
0.0389541
0.0397355
0.0405075
0.0413108
0.0421286
0.0429527
0.0438128
0.0446651
0.0455317
0.0463127
0.0470925
0.0476016
0.00785296
0.00855044
0.00938778
0.0101521
0.0107543
0.0111729
0.0114155
0.011514
0.0115092
0.0114395
0.0113219
0.0111933
0.0110805
0.0110314
0.0110554
0.0111367
0.0112588
0.0113966
0.0115347
0.0116817
0.0118423
0.0120189
0.0121951
0.0123683
0.0125434
0.0127126
0.0128857
0.0130417
0.0131991
0.0133814
0.013591
0.0138229
0.0140124
0.0141946
0.0144435
0.0146866
0.0148963
0.015144
0.0154153
0.0156954
0.0159688
0.0162058
0.016472
0.0167975
0.0171225
0.0174161
0.0176631
0.0179933
0.0184242
0.0187091
0.0189064
0.0193702
0.0198764
0.0200696
0.0203455
0.0208939
0.021325
0.0215917
0.0220035
0.0224987
0.0228917
0.0232746
0.0237695
0.0242204
0.0246467
0.0251224
0.025608
0.026093
0.0266123
0.0270975
0.0275908
0.0281567
0.0286915
0.0292295
0.02979
0.0303785
0.0309363
0.0315532
0.0321581
0.032769
0.0334018
0.0340454
0.034719
0.035377
0.0360682
0.0367704
0.0374893
0.0382364
0.0389598
0.0397418
0.0405141
0.0413171
0.0421371
0.0429623
0.0438229
0.0446763
0.0455441
0.0463273
0.0471077
0.0476169
0.0080165
0.00867514
0.0094676
0.0101785
0.0107191
0.0110771
0.0112629
0.0113158
0.0112763
0.0111977
0.0111167
0.0110437
0.0109798
0.0109611
0.0110085
0.0111106
0.0112478
0.0114016
0.0115532
0.0117043
0.0118586
0.0120238
0.0121935
0.0123639
0.0125424
0.012715
0.0128906
0.013056
0.0132173
0.0133976
0.0135963
0.0138195
0.0140345
0.0142297
0.0144563
0.0147036
0.0149234
0.0151609
0.0154271
0.0156981
0.0159807
0.0162366
0.0164878
0.0168008
0.0171198
0.0174264
0.0177056
0.0179875
0.0183892
0.0187592
0.0189448
0.0193172
0.0198732
0.0201306
0.0203423
0.0208557
0.0213409
0.0216191
0.0219968
0.0224973
0.0229057
0.0232761
0.0237676
0.024228
0.0246544
0.0251268
0.0256104
0.0260946
0.0266183
0.0271041
0.0275935
0.0281598
0.0286974
0.0292351
0.0297931
0.0303829
0.0309436
0.0315555
0.0321616
0.0327754
0.0334081
0.0340514
0.0347242
0.0353817
0.0360735
0.0367762
0.0374935
0.03824
0.0389648
0.0397471
0.0405191
0.0413214
0.0421433
0.0429698
0.0438306
0.0446858
0.0455551
0.04634
0.0471211
0.0476301
0.00818541
0.00879629
0.00954269
0.0102064
0.0106956
0.0110027
0.0111425
0.0111621
0.0111106
0.01102
0.0109311
0.0108721
0.0108669
0.0109084
0.0109913
0.0111067
0.0112482
0.0114077
0.0115649
0.0117189
0.0118708
0.0120291
0.0121942
0.0123624
0.0125421
0.0127205
0.0129001
0.0130739
0.0132427
0.0134224
0.0136148
0.0138286
0.0140522
0.0142637
0.0144813
0.0147218
0.0149521
0.015183
0.0154431
0.0157119
0.0159913
0.0162693
0.0165165
0.0168101
0.0171305
0.0174295
0.0177381
0.0180163
0.0183553
0.0187789
0.0190139
0.0192896
0.0198431
0.0201978
0.0203708
0.0208156
0.0213481
0.0216561
0.0219972
0.0224938
0.0229213
0.0232811
0.0237648
0.0242353
0.0246648
0.0251338
0.0256141
0.0260962
0.0266232
0.0271112
0.0275971
0.0281619
0.0287031
0.0292423
0.0297969
0.0303872
0.0309506
0.0315596
0.0321654
0.0327823
0.0334151
0.0340572
0.034729
0.0353867
0.0360804
0.0367838
0.0374989
0.0382446
0.038971
0.0397534
0.0405252
0.0413278
0.0421517
0.042979
0.0438395
0.0446957
0.0455664
0.0463531
0.0471347
0.0476438
0.00839268
0.0087921
0.00930833
0.00977361
0.010127
0.0103688
0.0105279
0.0106172
0.0106676
0.0107116
0.0107425
0.0107396
0.0107931
0.0108956
0.0110115
0.0111331
0.0112655
0.0114158
0.0115689
0.0117222
0.0118725
0.0120256
0.0121869
0.0123524
0.0125318
0.0127154
0.0129002
0.0130816
0.0132594
0.0134405
0.0136301
0.0138386
0.0140627
0.0142838
0.0145048
0.0147379
0.0149715
0.0152026
0.0154521
0.0157237
0.0159955
0.0162834
0.0165437
0.0168151
0.0171389
0.0174336
0.0177444
0.0180537
0.0183428
0.0187602
0.0190758
0.0192934
0.0197857
0.0202368
0.0204205
0.0207781
0.021335
0.0216936
0.0220055
0.0224871
0.0229359
0.0232911
0.0237613
0.0242398
0.0246752
0.0251406
0.0256177
0.0260966
0.0266259
0.0271194
0.0276027
0.0281626
0.0287072
0.029249
0.0297993
0.0303907
0.0309583
0.0315638
0.0321691
0.03279
0.0334233
0.0340642
0.0347346
0.0353915
0.0360868
0.0367902
0.0375028
0.0382483
0.0389768
0.0397591
0.0405294
0.0413322
0.0421579
0.0429866
0.0438474
0.0447052
0.0455776
0.0463653
0.0471475
0.0476566
0.0100173
0.00987049
0.00963671
0.00945882
0.00937978
0.00940823
0.00953115
0.00972048
0.00993117
0.0101388
0.0103779
0.0106429
0.0108436
0.0109633
0.0110542
0.0111593
0.011275
0.0114033
0.0115405
0.0116896
0.0118445
0.0120001
0.012165
0.0123323
0.0125135
0.012703
0.0128932
0.0130821
0.0132679
0.0134534
0.0136433
0.0138492
0.0140713
0.014296
0.0145237
0.0147539
0.0149858
0.0152219
0.0154638
0.0157363
0.0160077
0.016292
0.0165704
0.0168282
0.017141
0.0174427
0.0177388
0.0180764
0.0183582
0.0187291
0.0191113
0.0193324
0.0197326
0.0202434
0.0204855
0.0207601
0.021304
0.0217212
0.02202
0.0224739
0.0229419
0.0233019
0.0237549
0.024239
0.0246847
0.0251481
0.0256234
0.0260977
0.0266248
0.027128
0.0276107
0.028162
0.0287112
0.0292577
0.0298028
0.0303951
0.0309638
0.0315665
0.0321708
0.0327955
0.0334285
0.0340679
0.0347376
0.0353955
0.0360929
0.0367965
0.0375064
0.0382515
0.0389822
0.0397643
0.040534
0.0413377
0.0421651
0.0429941
0.0438543
0.0447128
0.0455868
0.046376
0.0471585
0.0476678
0.00991961
0.00953403
0.00908086
0.00874911
0.00860782
0.00865854
0.00886601
0.00918862
0.0095933
0.010006
0.0103409
0.010598
0.0107787
0.0109339
0.0110684
0.0111911
0.0113075
0.0114283
0.0115622
0.0117058
0.0118591
0.0120124
0.0121744
0.0123399
0.0125156
0.0127039
0.0128926
0.013085
0.0132742
0.0134647
0.0136601
0.0138652
0.0140869
0.0143121
0.0145444
0.0147732
0.0150013
0.0152423
0.01548
0.0157478
0.0160222
0.0162994
0.0165892
0.016851
0.0171432
0.0174572
0.017745
0.0180863
0.0183944
0.0187147
0.0191158
0.0193887
0.0197049
0.0202167
0.0205494
0.0207759
0.02127
0.0217409
0.0220516
0.0224707
0.0229493
0.0233227
0.0237557
0.0242377
0.0246942
0.0251562
0.0256312
0.0260997
0.0266204
0.0271357
0.0276221
0.0281605
0.0287124
0.0292654
0.029805
0.0303983
0.030974
0.0315716
0.032176
0.0328065
0.0334392
0.0340753
0.0347443
0.0354024
0.0361008
0.0368033
0.0375109
0.0382564
0.0389887
0.0397701
0.0405379
0.0413423
0.0421713
0.0430015
0.0438622
0.044722
0.0455979
0.0463874
0.0471703
0.0476801
0.0106105
0.0102782
0.00978366
0.00933427
0.00904012
0.00891919
0.00894928
0.00909025
0.009302
0.00957085
0.00986745
0.0101706
0.0104495
0.0106929
0.0109056
0.0110859
0.0112447
0.0113934
0.0115465
0.0116995
0.0118547
0.0120105
0.0121684
0.0123337
0.0125026
0.012686
0.0128716
0.013063
0.0132556
0.0134511
0.0136598
0.0138685
0.0140924
0.0143193
0.0145501
0.0147797
0.0150053
0.015252
0.0154923
0.0157536
0.0160311
0.0163037
0.016594
0.0168672
0.0171408
0.0174562
0.01775
0.0180762
0.0184155
0.0187163
0.0190915
0.0194289
0.0197093
0.0201649
0.0205828
0.0208143
0.0212297
0.0217315
0.0220768
0.0224596
0.0229422
0.0233375
0.0237532
0.0242312
0.0246979
0.0251621
0.0256423
0.0261024
0.0266123
0.0271416
0.0276347
0.0281594
0.028713
0.0292733
0.0298089
0.0303996
0.0309797
0.0315718
0.0321751
0.0328117
0.0334434
0.0340758
0.0347447
0.0354059
0.0361058
0.036807
0.0375127
0.0382588
0.038993
0.0397738
0.040541
0.0413465
0.0421768
0.0430069
0.043867
0.0447274
0.0456047
0.0463953
0.0471784
0.0476885
0.00869767
0.00890109
0.00922104
0.00950663
0.00969427
0.00978383
0.0098177
0.00983292
0.00982884
0.00980649
0.00987799
0.0100458
0.0102786
0.010534
0.0107888
0.0110262
0.0112408
0.0114306
0.0116
0.0117569
0.0119064
0.0120576
0.0122086
0.0123664
0.0125272
0.0126959
0.0128748
0.0130579
0.0132509
0.0134503
0.0136681
0.0138863
0.01411
0.0143403
0.0145632
0.0147916
0.0150185
0.0152651
0.0155129
0.0157657
0.0160438
0.0163159
0.0165991
0.0168855
0.0171511
0.0174592
0.0177657
0.0180779
0.0184279
0.0187395
0.0190755
0.0194436
0.0197467
0.020128
0.0205804
0.0208786
0.0212181
0.0217116
0.0221157
0.022464
0.022938
0.0233626
0.0237574
0.0242285
0.0247027
0.0251639
0.0256565
0.0261085
0.0266008
0.0271473
0.0276492
0.0281576
0.0287126
0.0292796
0.0298106
0.0304064
0.0309909
0.0315774
0.0321805
0.0328246
0.0334569
0.034084
0.0347515
0.0354141
0.0361153
0.0368138
0.0375168
0.0382637
0.0389991
0.0397789
0.0405437
0.0413505
0.0421821
0.0430131
0.043874
0.0447351
0.0456143
0.0464052
0.0471884
0.0476994
0.010705
0.0103112
0.00976542
0.00925689
0.00885643
0.00859336
0.00848328
0.00852762
0.00875154
0.00912693
0.00951535
0.00986822
0.0101958
0.0105022
0.0107745
0.0110118
0.0112177
0.011401
0.0115683
0.0117256
0.0118782
0.0120312
0.0121878
0.0123471
0.0125114
0.0126771
0.0128547
0.013038
0.0132309
0.0134386
0.013659
0.0138882
0.0141143
0.0143453
0.014565
0.014787
0.0150223
0.0152656
0.015521
0.0157732
0.0160462
0.0163248
0.0165977
0.0168904
0.0171572
0.0174542
0.0177703
0.0180788
0.0184257
0.0187532
0.0190731
0.0194336
0.0197744
0.0201222
0.0205465
0.0209161
0.0212301
0.0216733
0.0221338
0.0224713
0.0229188
0.0233793
0.0237612
0.0242206
0.0247084
0.0251609
0.0256654
0.0261208
0.0265884
0.0271462
0.0276644
0.028156
0.0287105
0.0292866
0.0298069
0.0304072
0.0309976
0.0315772
0.032177
0.0328271
0.0334605
0.0340843
0.0347504
0.0354152
0.0361187
0.0368166
0.0375175
0.0382645
0.039002
0.0397816
0.0405455
0.0413527
0.0421852
0.0430163
0.0438766
0.044738
0.0456183
0.04641
0.0471937
0.0477045
0.010268
0.00968085
0.00899217
0.00841962
0.00805804
0.00793732
0.0080255
0.00829473
0.00867334
0.00909177
0.0095013
0.00989101
0.0102544
0.0105771
0.0108487
0.0110753
0.0112681
0.0114366
0.0115931
0.011743
0.0118931
0.0120434
0.0121979
0.0123543
0.0125155
0.0126795
0.0128525
0.0130354
0.0132266
0.0134369
0.0136582
0.0138894
0.0141196
0.0143481
0.0145687
0.014786
0.0150242
0.015268
0.0155219
0.0157787
0.0160463
0.0163289
0.0166002
0.0168911
0.0171636
0.0174546
0.0177724
0.0180819
0.0184221
0.018754
0.0190738
0.0194244
0.0197779
0.0201329
0.0205325
0.0209218
0.0212553
0.0216637
0.0221367
0.0224899
0.0229141
0.0233868
0.023772
0.0242165
0.0247139
0.025163
0.0256662
0.026134
0.0265876
0.0271401
0.0276739
0.0281603
0.0287072
0.0292938
0.0298158
0.030411
0.0310081
0.0315882
0.0321846
0.0328377
0.0334738
0.0340951
0.0347596
0.035423
0.0361269
0.0368236
0.0375228
0.0382689
0.0390058
0.0397858
0.0405479
0.0413554
0.0421885
0.0430206
0.0438821
0.0447438
0.0456251
0.0464171
0.0472017
0.0477148
)
;

boundaryField
{
    zeroGradientPlanes
    {
        type            zeroGradient;
    }
    inlet
    {
        type            zeroGradient;
    }
    plate
    {
        type            zeroGradient;
    }
    frontAndBack
    {
        type            empty;
    }
}


// ************************************************************************* //
