/*--------------------------------*- C++ -*----------------------------------*\
| =========                 |                                                 |
| \\      /  F ield         | OpenFOAM: The Open Source CFD Toolbox           |
|  \\    /   O peration     | Version:  v1906                                 |
|   \\  /    A nd           | Web:      www.OpenFOAM.com                      |
|    \\/     M anipulation  |                                                 |
\*---------------------------------------------------------------------------*/
FoamFile
{
    version     2.0;
    format      ascii;
    class       volScalarField;
    location    "7.8";
    object      p;
}
// * * * * * * * * * * * * * * * * * * * * * * * * * * * * * * * * * * * * * //

dimensions      [0 2 -2 0 0 0 0];


internalField   nonuniform List<scalar> 
9600
(
-2.35254e-10
0.000887437
0.00475684
0.000567362
-0.00281463
0.0032182
0.00455777
0.00517074
0.00904277
0.00874374
0.00850517
0.01092
0.0107226
0.0121016
0.0121989
0.0132908
0.0139056
0.0166826
0.0187073
0.0222066
2.41024e-06
0.000882134
0.00475442
0.000590061
-0.00280079
0.00319027
0.00454778
0.00517116
0.00904501
0.00875632
0.00851211
0.0109089
0.0107257
0.0120994
0.0122082
0.0132653
0.0139236
0.0166292
0.0187198
0.0218349
5.5781e-06
0.000884945
0.00475562
0.000608689
-0.00278201
0.00314701
0.00453576
0.00519836
0.00905319
0.0087757
0.00852432
0.010885
0.0107366
0.0120884
0.0122207
0.0132296
0.0139404
0.0165655
0.018709
0.0214018
1.24125e-05
0.000906865
0.00474828
0.000629131
-0.00274237
0.00311701
0.00452449
0.00525235
0.00906045
0.00880039
0.008546
0.0108537
0.010755
0.0120699
0.0122354
0.0131874
0.0139547
0.0164965
0.018667
0.02099
2.61814e-05
0.00094501
0.00472393
0.000652209
-0.00267127
0.00310491
0.00450954
0.00532513
0.00906819
0.00882912
0.00857586
0.0108204
0.0107795
0.0120483
0.0122524
0.0131428
0.0139684
0.0164208
0.0185994
0.0206049
4.8171e-05
0.000993323
0.00467807
0.000681204
-0.00256692
0.00310684
0.00448976
0.00541173
0.00907926
0.0088599
0.00861214
0.0107886
0.0108085
0.0120267
0.0122716
0.0130967
0.0139804
0.0163381
0.0185106
0.0202386
7.786e-05
0.00104701
0.00461248
0.000718558
-0.00243592
0.00312143
0.00446779
0.00550791
0.00909623
0.00889098
0.008653
0.010759
0.0108405
0.0120059
0.0122921
0.0130504
0.013989
0.0162512
0.0184015
0.0198851
0.000113446
0.00110341
0.00453402
0.000765412
-0.00228774
0.00314859
0.00444585
0.00560954
0.00911943
0.00892068
0.00869678
0.0107312
0.0108746
0.0119861
0.0123132
0.0130048
0.0139933
0.0161627
0.0182714
0.0195422
0.000152736
0.00116204
0.00445124
0.000821633
-0.00213034
0.00318577
0.00442421
0.00571263
0.00914687
0.00894737
0.00874178
0.0107045
0.0109102
0.0119671
0.012334
0.012961
0.0139922
0.0160738
0.0181211
0.0192097
0.000194045
0.00122368
0.00437081
0.000886509
-0.0019683
0.00322817
0.00440217
0.00581342
0.00917534
0.00896951
0.00878655
0.0106788
0.0109465
0.0119494
0.0123543
0.0129203
0.0139855
0.0159859
0.0179536
0.0188874
0.000236625
0.00128914
0.00429605
0.000958843
-0.00180236
0.00327105
0.00437899
0.00590888
0.00920171
0.0089859
0.00882994
0.0106541
0.0109832
0.0119337
0.0123736
0.0128841
0.0139734
0.0159004
0.0177729
0.0185746
0.000280537
0.0013584
0.00422732
0.00103682
-0.00163064
0.00331178
0.00435449
0.00599702
0.00922387
0.00899586
0.00887107
0.0106307
0.0110194
0.0119203
0.0123915
0.0128533
0.0139559
0.0158184
0.017584
0.0182714
0.000326212
0.0014307
0.00416348
0.00111839
-0.00145045
0.00334989
0.00432933
0.00607699
0.00924116
0.00899933
0.00890941
0.0106091
0.0110546
0.0119095
0.0124074
0.012828
0.0139352
0.01574
0.0173919
0.0179783
0.000374093
0.00150501
0.00410317
0.00120198
-0.00125994
0.00338625
0.00430468
0.00614915
0.00925427
0.00899697
0.00894475
0.0105898
0.011088
0.0119014
0.0124208
0.0128079
0.0139109
0.0156641
0.0172004
0.0176954
0.000424465
0.00158054
0.00404551
0.00128686
-0.0010591
0.0034219
0.00428202
0.00621451
0.00926486
0.00898989
0.00897695
0.0105736
0.0111193
0.0118957
0.0124308
0.0127913
0.0138832
0.0155884
0.0170108
0.017422
0.000477446
0.0016568
0.0039902
0.00137302
-0.000849406
0.00345739
0.00426264
0.0062741
0.00927487
0.0089795
0.00900579
0.0105611
0.0111482
0.0118922
0.0124371
0.0127763
0.0138524
0.0155108
0.0168226
0.0171575
0.000533076
0.00173359
0.00393737
0.00146069
-0.00063295
0.00349298
0.00424743
0.0063287
0.00928587
0.00896725
0.00903097
0.0105529
0.0111749
0.01189
0.0124399
0.0127612
0.0138181
0.0154294
0.0166353
0.0169014
0.000591382
0.00181078
0.00388735
0.0015501
-0.000411641
0.00352884
0.00423695
0.00637891
0.0092989
0.00895445
0.00905213
0.0105492
0.0111993
0.0118887
0.0124395
0.0127443
0.01378
0.015344
0.0164491
0.0166524
0.000652406
0.00188827
0.00384056
0.0016414
-0.000186883
0.00356521
0.00423155
0.00642518
0.00931442
0.00894231
0.00906885
0.0105502
0.0112218
0.0118873
0.0124363
0.0127245
0.0137372
0.0152557
0.0162637
0.0164078
0.000716219
0.00196599
0.00379746
0.0017347
4.03615e-05
0.00360239
0.00423149
0.00646786
0.00933255
0.00893195
0.00908072
0.0105555
0.0112431
0.0118847
0.0124309
0.0127019
0.0136888
0.0151651
0.0160799
0.0161659
0.000782928
0.00204388
0.00375854
0.00183003
0.000269339
0.00364074
0.00423694
0.00650729
0.00935316
0.00892442
0.00908753
0.0105646
0.0112641
0.0118801
0.0124233
0.0126762
0.013634
0.0150719
0.0158984
0.0159262
0.000852672
0.00212182
0.00372429
0.00192749
0.00049934
0.00368056
0.00424799
0.00654382
0.00937583
0.00892062
0.00908928
0.0105766
0.0112854
0.011873
0.0124131
0.0126477
0.0135724
0.0149758
0.0157196
0.0156888
0.000925625
0.00219964
0.00369515
0.00202734
0.000729752
0.00372203
0.00426473
0.00657787
0.00940002
0.00892115
0.00908614
0.010591
0.011308
0.0118623
0.0123999
0.0126166
0.0135034
0.0148765
0.0155445
0.0154521
0.00100199
0.00227724
0.00367143
0.00212973
0.000960088
0.00376543
0.00428711
0.00660985
0.00942539
0.00892637
0.00907831
0.0106071
0.0113327
0.0118478
0.0123826
0.0125836
0.013427
0.0147738
0.0153754
0.015214
0.00108197
0.0023545
0.00365335
0.00223472
0.00118986
0.00381106
0.00431498
0.00664015
0.00945162
0.00893667
0.00906604
0.0106237
0.0113604
0.0118293
0.0123601
0.0125491
0.013343
0.0146667
0.0152162
0.0149753
0.0011658
0.00243127
0.00364114
0.00234255
0.00141856
0.00385913
0.00434835
0.00666925
0.00947825
0.00895256
0.00904972
0.0106395
0.0113918
0.0118074
0.0123314
0.0125133
0.0132511
0.0145521
0.0150702
0.0147427
0.00125372
0.00250742
0.00363489
0.00245353
0.00164584
0.00390994
0.00438716
0.00669916
0.00950485
0.0089745
0.00902987
0.0106533
0.0114274
0.0117826
0.0122949
0.0124774
0.0131533
0.0144257
0.0149359
0.0145271
0.00134594
0.00258295
0.00363455
0.00256783
0.00187145
0.00396387
0.00443137
0.00672631
0.00953092
0.00900275
0.00900721
0.0106636
0.0114676
0.0117555
0.0122495
0.0124416
0.0130533
0.0142847
0.0148066
0.0143372
0.00144262
0.00265793
0.00364011
0.00268553
0.00209511
0.00402117
0.00448107
0.00675266
0.00955572
0.00903748
0.00898251
0.0106692
0.0115122
0.0117277
0.0121944
0.0124052
0.012955
0.0141302
0.0146731
0.0141744
0.00154392
0.00273246
0.00365161
0.00280684
0.00231651
0.00408198
0.00453647
0.00677887
0.0095785
0.00907882
0.00895675
0.0106684
0.0115605
0.0117008
0.0121292
0.0123671
0.0128607
0.0139661
0.0145292
0.0140339
0.00164998
0.00280681
0.00366893
0.00293187
0.00253562
0.00414632
0.0045975
0.00680572
0.00959861
0.00912675
0.00893135
0.0106597
0.0116116
0.0116764
0.0120535
0.0123264
0.0127725
0.013796
0.0143726
0.0139083
0.00176089
0.00288135
0.0036919
0.00306053
0.00275262
0.00421433
0.00466392
0.00683388
0.0096153
0.00918068
0.00890785
0.0106421
0.0116641
0.0116562
0.0119676
0.0122816
0.0126926
0.0136237
0.0142023
0.0137897
0.0018767
0.00295652
0.00372038
0.00319264
0.00296765
0.00428611
0.0047354
0.00686418
0.00962804
0.00923957
0.00888771
0.0106147
0.0117162
0.0116422
0.0118718
0.01223
0.0126242
0.0134551
0.0140179
0.0136701
0.00199741
0.00303283
0.00375433
0.00332793
0.00318099
0.00436166
0.0048115
0.00689761
0.00963712
0.00930238
0.00887197
0.010577
0.0117655
0.0116364
0.0117671
0.0121677
0.0125681
0.0132965
0.0138216
0.0135425
0.00212297
0.00311083
0.00379382
0.003466
0.00339283
0.00444134
0.00489161
0.00693469
0.00964294
0.00936816
0.00886154
0.0105287
0.0118096
0.0116409
0.0116567
0.0120916
0.0125214
0.0131537
0.0136186
0.0134018
0.00225339
0.00319104
0.00383897
0.0036065
0.00360328
0.00452569
0.00497488
0.00697538
0.009646
0.00943594
0.00885743
0.0104701
0.0118452
0.0116562
0.0115444
0.0119997
0.0124799
0.0130304
0.0134159
0.0132449
0.00238872
0.00327393
0.00388992
0.00374912
0.00381233
0.00461534
0.0050605
0.00701941
0.00964707
0.00950509
0.00886034
0.0104018
0.0118692
0.0116823
0.0114353
0.0118908
0.012439
0.0129299
0.0132214
0.0130704
0.00252897
0.00335972
0.0039471
0.0038938
0.00401962
0.00471126
0.00514838
0.00706591
0.00964643
0.0095757
0.00887117
0.0103241
0.0118783
0.0117183
0.0113342
0.0117651
0.0123927
0.0128526
0.0130444
0.0128812
0.00267413
0.00344836
0.00401118
0.00404081
0.00422441
0.00481457
0.00523878
0.00711365
0.00964377
0.00964753
0.00889139
0.0102381
0.0118685
0.0117618
0.0112464
0.0116247
0.0123345
0.0127966
0.0128949
0.012687
0.00282439
0.00353974
0.00408246
0.00419074
0.00442604
0.00492598
0.00533194
0.00716187
0.00963897
0.00971951
0.00892282
0.0101465
0.0118362
0.0118088
0.0111774
0.0114733
0.012258
0.0127557
0.0127796
0.0125035
0.00297995
0.00363398
0.00416078
0.00434436
0.00462344
0.00504535
0.0054295
0.00721036
0.0096313
0.0097903
0.00896659
0.0100528
0.0117791
0.0118543
0.0111315
0.0113169
0.0121586
0.0127208
0.0126985
0.0123459
0.00314095
0.00373145
0.0042457
0.00450259
0.00481626
0.00517176
0.00553358
0.00725915
0.00961921
0.00985866
0.00902333
0.0099616
0.0116969
0.0118914
0.011111
0.0111639
0.0120332
0.0126825
0.0126484
0.0122251
0.00330747
0.00383279
0.00433628
0.00466631
0.00500553
0.00530309
0.00564486
0.00730941
0.00960204
0.00992267
0.00909268
0.00987696
0.011591
0.0119136
0.0111158
0.011024
0.0118808
0.0126313
0.0126251
0.0121477
0.00347951
0.00393897
0.00443099
0.00483588
0.00519328
0.00543678
0.00576274
0.00736368
0.0095802
0.0099792
0.00917287
0.00980271
0.0114652
0.0119161
0.0111423
0.0109065
0.0117055
0.0125569
0.0126212
0.0121155
0.00365697
0.00404919
0.00452799
0.00501061
0.00538278
0.005571
0.00588609
0.00742378
0.00955446
0.0100253
0.00926124
0.00974288
0.0113254
0.0118961
0.011184
0.0108191
0.0115176
0.0124492
0.0126245
0.0121245
0.0038395
0.00416862
0.00462615
0.00518886
0.00557779
0.00570513
0.00601157
0.00749047
0.00952752
0.0100593
0.00935353
0.00970006
0.0111794
0.0118539
0.0112329
0.0107651
0.0113309
0.0123033
0.0126191
0.0121656
0.00402646
0.00429767
0.00472535
0.00536775
0.00578134
0.00584036
0.00613412
0.00756307
0.0095045
0.0100823
0.00944417
0.00967427
0.0110355
0.0117922
0.0112816
0.0107422
0.0111582
0.0121243
0.0125888
0.0122272
0.00421717
0.00443735
0.00482634
0.0055435
0.00599451
0.00597957
0.00624933
0.00763985
0.00949108
0.0100968
0.00952841
0.00966341
0.0108994
0.0117147
0.0113252
0.0107463
0.0110094
0.0119228
0.012522
0.0122957
0.00441086
0.00458855
0.00493082
0.00571188
0.00621627
0.00612807
0.00635495
0.00771582
0.00949093
0.0101088
0.00960521
0.00966448
0.0107735
0.0116245
0.01136
0.010773
0.0108925
0.0117122
0.012413
0.0123555
0.00460682
0.00475191
0.00504145
0.00586868
0.00644342
0.00629352
0.00645196
0.00778199
0.00950313
0.0101278
0.00967695
0.00967375
0.0106586
0.0115249
0.0113826
0.0108159
0.0108117
0.0115081
0.0122637
0.0123901
0.00480431
0.00492741
0.00516158
0.00601138
0.00667116
0.00648163
0.00654318
0.00783041
0.00952361
0.010161
0.00974935
0.00968925
0.0105542
0.011419
0.0113925
0.0108682
0.0107659
0.0113274
0.0120843
0.0123838
0.00500275
0.00511448
0.00529435
0.00613985
0.00689276
0.00669426
0.00663771
0.00785686
0.00954083
0.0102096
0.00983207
0.00971359
0.0104585
0.0113072
0.0113896
0.0109251
0.0107508
0.0111821
0.0118934
0.0123277
0.0052019
0.0053127
0.00544222
0.00625523
0.00709906
0.00692853
0.00675085
0.00786335
0.00953969
0.0102702
0.00993314
0.00975211
0.0103731
0.0111898
0.011373
0.0109839
0.0107599
0.0110746
0.011709
0.0122258
0.00540134
0.00552098
0.00560848
0.00636147
0.00728134
0.00717764
0.0068951
0.00785648
0.00950932
0.0103338
0.010056
0.009813
0.0103029
0.0110678
0.011339
0.0110415
0.0107898
0.0110025
0.0115463
0.0120961
0.00560159
0.00573539
0.00579359
0.00646521
0.0074363
0.00743127
0.00707669
0.00785233
0.00944659
0.010383
0.0101993
0.00990314
0.0102547
0.0109463
0.0112856
0.0110915
0.010837
0.0109616
0.01142
0.0119621
0.00580412
0.00595287
0.0059961
0.0065704
0.00756145
0.0076762
0.00729538
0.00787487
0.00935807
0.0103997
0.0103521
0.0100246
0.010236
0.0108339
0.0112146
0.0111252
0.0108964
0.0109497
0.0113302
0.0118427
0.00601037
0.00617229
0.00621548
0.00667965
0.00765511
0.00790051
0.00754467
0.00794167
0.00926355
0.0103759
0.010495
0.0101762
0.0102543
0.0107392
0.0111319
0.0111375
0.0109593
0.0109644
0.0112695
0.0117472
0.00622135
0.00640029
0.00644574
0.00679599
0.00771954
0.00809724
0.00781371
0.00805556
0.00918602
0.010315
0.0106063
0.0103479
0.0103149
0.0106723
0.011047
0.011129
0.0110144
0.011001
0.0112386
0.0116758
0.00643546
0.00661626
0.00668415
0.00693649
0.00777359
0.00826029
0.00808569
0.00821369
0.00914204
0.0102291
0.0106729
0.0105196
0.0104159
0.0106442
0.0109696
0.011104
0.0110544
0.0110492
0.0112381
0.0116296
0.00665228
0.00682866
0.00692348
0.00710341
0.00783085
0.00838937
0.00834227
0.00840553
0.00914041
0.0101396
0.0106965
0.010672
0.010547
0.0106608
0.0109128
0.0110705
0.0110788
0.0110967
0.0112619
0.0116111
0.00687113
0.00703647
0.00716091
0.00729316
0.00789943
0.00848754
0.00857232
0.00861826
0.0091845
0.0100675
0.0106856
0.0107924
0.0106919
0.01072
0.0108886
0.0110389
0.0110915
0.0111367
0.0112981
0.0116193
0.00709175
0.00724266
0.00738917
0.00749674
0.00798678
0.00856757
0.0087731
0.00884022
0.00927167
0.0100263
0.0106554
0.0108762
0.0108338
0.0108122
0.010902
0.0110214
0.0110992
0.0111698
0.0113359
0.0116483
0.00731317
0.00744499
0.0076081
0.00771
0.00809772
0.00864028
0.00894227
0.00905681
0.00939289
0.010022
0.0106257
0.0109285
0.0109598
0.0109263
0.0109526
0.0110274
0.0111093
0.0112008
0.0113726
0.0116863
0.00753428
0.00764856
0.00781672
0.00792308
0.00822969
0.0087161
0.00908376
0.00925908
0.00953868
0.0100553
0.0106107
0.0109608
0.0110633
0.0110486
0.0110357
0.0110621
0.0111297
0.011234
0.011411
0.0117272
0.00775329
0.00784949
0.00801823
0.0081318
0.00837783
0.00880156
0.00920437
0.00944196
0.0096997
0.0101249
0.0106184
0.0109877
0.0111481
0.0111662
0.0111425
0.0111294
0.0111684
0.0112732
0.0114544
0.011771
0.00796882
0.00805065
0.00821112
0.00833297
0.00853998
0.00890206
0.00931145
0.0096023
0.00986237
0.0102239
0.0106537
0.0110202
0.0112231
0.0112754
0.0112601
0.0112276
0.0112334
0.011324
0.0115054
0.0118199
0.00817898
0.0082467
0.00839911
0.00852433
0.00870666
0.00901646
0.00941532
0.00974533
0.0100224
0.0103446
0.0107185
0.0110661
0.0112964
0.0113821
0.0113796
0.0113464
0.0113286
0.0113946
0.0115685
0.0118779
0.008383
0.00844217
0.00858137
0.00870523
0.00887222
0.00914161
0.00951892
0.00987233
0.010175
0.0104784
0.0108088
0.0111338
0.0113776
0.0114944
0.0115065
0.0114771
0.0114514
0.0114912
0.0116477
0.0119482
0.0085783
0.00863144
0.00875858
0.00887767
0.00903484
0.00927544
0.00962668
0.00998783
0.0103169
0.0106201
0.0109198
0.0112224
0.0114702
0.011614
0.0116507
0.0116281
0.0116019
0.0116214
0.0117515
0.0120365
0.0087628
0.00880815
0.00892952
0.009042
0.00919114
0.00941315
0.0097403
0.010097
0.0104463
0.0107655
0.0110531
0.0113375
0.0115811
0.0117393
0.0118049
0.0117996
0.0117768
0.0117875
0.0118909
0.012152
0.00893806
0.00898263
0.00909181
0.00919363
0.00933585
0.00954828
0.00985899
0.0102063
0.0105626
0.0108973
0.0111978
0.0114848
0.0117323
0.0118983
0.0119853
0.0120024
0.0119823
0.011987
0.0120682
0.0122962
0.00909963
0.00914424
0.00924635
0.00933389
0.00946581
0.00967271
0.00997676
0.0103234
0.0106845
0.0110192
0.0113274
0.0116357
0.0119113
0.0121082
0.0122237
0.0122745
0.0122698
0.012269
0.0123325
0.0125289
0.00924152
0.00928841
0.00939223
0.00946994
0.00958975
0.00978603
0.0100721
0.0104145
0.010798
0.011153
0.011461
0.0117677
0.0120682
0.0123098
0.0124673
0.0125621
0.0125965
0.0126028
0.0126492
0.0128131
0.00937457
0.00942172
0.00952923
0.00959721
0.00971664
0.00991109
0.0101756
0.0104889
0.0108683
0.0112853
0.0116823
0.0120539
0.0123989
0.0126837
0.0128776
0.0130162
0.013096
0.0131017
0.0130892
0.0131418
0.00947117
0.00950593
0.00959157
0.00967181
0.00980985
0.0100156
0.0102924
0.0105688
0.010845
0.0111279
0.011508
0.0120214
0.012546
0.0129837
0.0133121
0.0135966
0.0139034
0.0142441
0.0146114
0.0149525
0.00961143
0.00965246
0.00975858
0.00980638
0.00989808
0.0100466
0.0103089
0.0106921
0.0111418
0.0116133
0.012056
0.0124633
0.0128206
0.0131655
0.0135095
0.0138364
0.0141583
0.0144676
0.0147405
0.0149301
0.00950651
0.00953786
0.0097397
0.00995442
0.0101502
0.0103635
0.0106393
0.0109616
0.0113112
0.0116549
0.0119806
0.0123373
0.0127203
0.0131207
0.0135395
0.0139534
0.0144318
0.0149489
0.0154116
0.0157177
0.00975199
0.00982125
0.00998571
0.0101158
0.0102837
0.0104844
0.0107579
0.0110769
0.0114157
0.0118017
0.0122275
0.0126707
0.0130887
0.0134275
0.0136994
0.0138805
0.0139062
0.0138172
0.0136775
0.0135886
0.00960313
0.00964709
0.00991519
0.0102097
0.0104521
0.0106587
0.010912
0.0112083
0.0115159
0.0118575
0.012223
0.012588
0.0129999
0.0134168
0.0138229
0.0142402
0.0146838
0.0151371
0.0155288
0.0157845
0.00976198
0.00982202
0.0101264
0.0104013
0.0106249
0.0108087
0.0110348
0.011319
0.0116142
0.0119418
0.0123372
0.0127526
0.0131917
0.0136355
0.0140456
0.014433
0.0147734
0.0150509
0.015243
0.0153144
0.0255356
0.020643
0.0130038
0.00741319
0.00632926
0.00788088
0.00965217
0.0108978
0.0116795
0.0122006
0.0126472
0.013165
0.0137485
0.0142547
0.0146472
0.0150237
0.0154198
0.0158157
0.0162025
0.0165768
0.0169927
0.0174932
0.0179955
0.0184001
0.0187531
0.019196
0.0197434
0.0202487
0.0206631
0.021113
0.0216467
0.0221671
0.0226378
0.0231097
0.0236191
0.0241712
0.024771
0.025405
0.0260316
0.0266447
0.0272713
0.0278928
0.0284772
0.0290353
0.0295851
0.0301671
0.0307916
0.0314403
0.0320894
0.0327608
0.0334654
0.0341813
0.0348759
0.0355828
0.0363581
0.0371359
0.0378771
0.0386195
0.0393814
0.040133
0.0409135
0.0417271
0.042587
0.0434742
0.0443882
0.045334
0.046268
0.0471331
0.0480179
0.0489565
0.0499315
0.0509488
0.0519761
0.0530006
0.0540209
0.0550821
0.0561596
0.0572847
0.0584164
0.0595757
0.060742
0.0619396
0.0631802
0.0644329
0.0657159
0.0670223
0.0683678
0.0697465
0.0711234
0.0725344
0.0739227
0.0753879
0.0768728
0.0783683
0.0798663
0.0813523
0.0828239
0.0842247
0.085537
0.0867042
0.0248205
0.0204855
0.0130879
0.00756026
0.0064197
0.00792428
0.00967851
0.0109162
0.0116934
0.0122115
0.0126559
0.0131722
0.013755
0.0142606
0.0146524
0.0150283
0.0154239
0.0158193
0.0162058
0.0165797
0.0169952
0.0174955
0.0179977
0.0184022
0.0187548
0.0191974
0.0197448
0.0202501
0.0206643
0.021114
0.0216477
0.0221681
0.0226388
0.0231105
0.0236198
0.0241719
0.0247716
0.0254057
0.0260323
0.0266454
0.0272719
0.0278934
0.0284778
0.0290359
0.0295857
0.0301677
0.0307921
0.0314408
0.0320899
0.0327612
0.0334658
0.0341818
0.0348763
0.0355832
0.0363585
0.0371363
0.0378775
0.0386198
0.0393817
0.0401333
0.0409138
0.0417274
0.0425872
0.0434745
0.0443884
0.0453342
0.0462682
0.0471333
0.0480181
0.0489567
0.0499316
0.050949
0.0519762
0.0530008
0.0540211
0.0550822
0.0561597
0.0572849
0.0584165
0.0595758
0.0607421
0.0619397
0.0631803
0.0644331
0.065716
0.0670224
0.0683679
0.0697466
0.0711235
0.0725345
0.0739228
0.075388
0.0768729
0.0783684
0.0798663
0.0813524
0.082824
0.0842247
0.085537
0.0867042
0.0241282
0.0203275
0.0132658
0.00783417
0.00657584
0.00798277
0.00970638
0.0109361
0.0117092
0.0122247
0.0126668
0.0131808
0.0137619
0.0142665
0.0146576
0.015033
0.015428
0.0158229
0.0162091
0.0165826
0.0169977
0.0174978
0.0179999
0.0184042
0.0187565
0.0191988
0.0197461
0.0202514
0.0206654
0.0211149
0.0216486
0.022169
0.0226396
0.0231112
0.0236205
0.0241725
0.0247722
0.0254063
0.0260329
0.0266459
0.0272725
0.027894
0.0284784
0.0290364
0.0295862
0.0301681
0.0307926
0.0314413
0.0320903
0.0327617
0.0334662
0.0341822
0.0348767
0.0355835
0.0363588
0.0371367
0.0378778
0.0386202
0.039382
0.0401336
0.040914
0.0417277
0.0425875
0.0434747
0.0443886
0.0453344
0.0462685
0.0471335
0.0480182
0.0489568
0.0499318
0.0509492
0.0519764
0.0530009
0.0540212
0.0550824
0.0561598
0.057285
0.0584166
0.0595759
0.0607422
0.0619398
0.0631804
0.0644332
0.0657161
0.0670225
0.068368
0.0697467
0.0711236
0.0725346
0.0739229
0.0753881
0.076873
0.0783685
0.0798664
0.0813524
0.082824
0.0842248
0.085537
0.0867042
0.0234764
0.020172
0.0134946
0.00818197
0.00679094
0.00806661
0.00974725
0.0109654
0.0117322
0.0122439
0.012683
0.0131932
0.0137705
0.0142732
0.0146639
0.0150392
0.0154335
0.0158275
0.0162131
0.0165864
0.017001
0.0175007
0.0180025
0.0184066
0.0187587
0.0192009
0.019748
0.020253
0.0206667
0.0211161
0.0216498
0.0221701
0.0226405
0.023112
0.0236212
0.0241731
0.0247728
0.0254069
0.0260335
0.0266465
0.0272731
0.0278946
0.0284789
0.029037
0.0295867
0.0301686
0.030793
0.0314417
0.0320908
0.0327621
0.0334667
0.0341826
0.0348771
0.0355838
0.0363592
0.0371371
0.0378782
0.0386205
0.0393824
0.0401339
0.0409143
0.0417279
0.0425877
0.0434749
0.0443888
0.0453347
0.0462688
0.0471338
0.0480184
0.048957
0.049932
0.0509493
0.0519766
0.0530011
0.0540213
0.0550825
0.05616
0.0572851
0.0584168
0.059576
0.0607423
0.0619399
0.0631805
0.0644333
0.0657162
0.0670226
0.0683681
0.0697468
0.0711237
0.0725347
0.073923
0.0753881
0.0768731
0.0783686
0.0798665
0.0813525
0.0828241
0.0842249
0.0855372
0.0867044
0.0228342
0.0199933
0.0137318
0.00855427
0.00703221
0.00816393
0.00979514
0.0110017
0.0117623
0.01227
0.012706
0.0132109
0.013782
0.0142811
0.0146717
0.0150475
0.015441
0.0158337
0.0162188
0.016592
0.0170062
0.0175046
0.0180055
0.0184098
0.0187624
0.0192043
0.0197506
0.0202551
0.0206687
0.021118
0.0216515
0.0221715
0.0226416
0.023113
0.0236221
0.0241738
0.0247735
0.0254076
0.0260342
0.0266472
0.0272738
0.0278953
0.0284795
0.0290375
0.0295872
0.030169
0.0307935
0.0314422
0.0320913
0.0327626
0.0334671
0.0341831
0.0348775
0.0355842
0.0363596
0.0371375
0.0378786
0.0386208
0.0393827
0.0401342
0.0409146
0.0417282
0.042588
0.0434752
0.0443891
0.045335
0.0462691
0.047134
0.0480186
0.0489572
0.0499321
0.0509495
0.0519767
0.0530013
0.0540215
0.0550826
0.0561601
0.0572853
0.0584169
0.0595762
0.0607425
0.06194
0.0631807
0.0644334
0.0657163
0.0670227
0.0683682
0.0697469
0.0711238
0.0725348
0.0739231
0.0753882
0.0768732
0.0783687
0.0798666
0.0813526
0.0828243
0.084225
0.0855374
0.0867046
0.0221928
0.0197825
0.0139625
0.00893557
0.00728876
0.00826852
0.00984432
0.0110403
0.0117966
0.0123011
0.0127341
0.0132329
0.013796
0.0142903
0.0146808
0.0150577
0.0154506
0.0158417
0.0162261
0.0166
0.0170136
0.0175098
0.0180089
0.0184137
0.0187676
0.0192094
0.0197543
0.020258
0.0206717
0.021121
0.021654
0.0221734
0.0226433
0.0231145
0.0236232
0.0241747
0.0247742
0.0254083
0.0260349
0.0266479
0.0272746
0.027896
0.0284801
0.0290381
0.0295878
0.0301696
0.0307939
0.0314427
0.0320918
0.0327631
0.0334676
0.0341836
0.034878
0.0355847
0.03636
0.037138
0.037879
0.0386213
0.0393831
0.0401345
0.0409149
0.0417285
0.0425883
0.0434755
0.0443894
0.0453353
0.0462695
0.0471343
0.0480188
0.0489574
0.0499323
0.0509497
0.051977
0.0530015
0.0540217
0.0550828
0.0561602
0.0572854
0.0584171
0.0595763
0.0607426
0.0619402
0.0631808
0.0644335
0.0657164
0.0670228
0.0683683
0.069747
0.0711239
0.072535
0.0739232
0.0753883
0.0768733
0.0783688
0.0798668
0.0813528
0.0828245
0.0842253
0.0855379
0.0867049
0.0215573
0.0195426
0.0141826
0.00932225
0.00755961
0.00838069
0.00989409
0.0110797
0.0118338
0.0123359
0.0127658
0.0132577
0.0138116
0.0143005
0.014691
0.0150692
0.0154616
0.0158509
0.016235
0.01661
0.0170235
0.0175166
0.0180129
0.0184182
0.0187744
0.0192162
0.0197589
0.0202615
0.0206758
0.0211254
0.0216576
0.0221762
0.0226458
0.0231167
0.0236249
0.024176
0.0247751
0.025409
0.0260356
0.0266488
0.0272755
0.0278969
0.0284808
0.0290388
0.0295885
0.0301702
0.0307944
0.0314431
0.0320924
0.0327637
0.0334682
0.0341841
0.0348786
0.0355853
0.0363606
0.0371385
0.0378796
0.0386218
0.0393835
0.0401349
0.0409152
0.0417288
0.0425886
0.0434758
0.0443897
0.0453356
0.04627
0.0471347
0.048019
0.0489576
0.0499326
0.05095
0.0519772
0.0530017
0.0540219
0.055083
0.0561604
0.0572856
0.0584172
0.0595764
0.0607427
0.0619403
0.0631809
0.0644336
0.0657165
0.0670229
0.0683684
0.0697472
0.071124
0.0725351
0.0739233
0.0753884
0.0768735
0.0783689
0.0798669
0.0813529
0.0828247
0.0842257
0.0855385
0.0867054
0.0209371
0.0192778
0.0143878
0.00971161
0.00784536
0.0085027
0.00994541
0.0111197
0.0118734
0.0123738
0.0128001
0.0132844
0.0138286
0.0143115
0.014702
0.0150817
0.0154734
0.0158609
0.0162447
0.0166215
0.0170352
0.0175249
0.0180176
0.0184234
0.0187823
0.0192242
0.0197643
0.0202655
0.0206808
0.021131
0.0216622
0.0221798
0.0226492
0.0231199
0.0236275
0.0241778
0.0247763
0.0254097
0.0260361
0.0266495
0.0272764
0.0278978
0.0284816
0.0290397
0.0295895
0.030171
0.0307949
0.0314436
0.0320931
0.0327645
0.0334687
0.0341845
0.0348792
0.0355859
0.0363612
0.037139
0.0378802
0.0386224
0.039384
0.0401352
0.0409156
0.0417291
0.0425889
0.0434762
0.04439
0.0453361
0.0462705
0.0471351
0.0480193
0.0489579
0.0499329
0.0509504
0.0519775
0.053002
0.0540221
0.0550832
0.0561606
0.0572858
0.0584174
0.0595766
0.0607429
0.0619404
0.0631811
0.0644338
0.0657167
0.067023
0.0683686
0.0697473
0.0711242
0.0725352
0.0739234
0.0753885
0.0768736
0.0783691
0.0798671
0.0813532
0.082825
0.0842263
0.0855394
0.086706
0.0203401
0.018991
0.0145734
0.0101006
0.00814605
0.00863642
0.0099991
0.0111596
0.0119147
0.0124145
0.012837
0.0133131
0.0138468
0.0143235
0.0147138
0.0150949
0.0154859
0.0158713
0.016255
0.0166338
0.017048
0.0175343
0.0180232
0.0184294
0.0187911
0.019233
0.0197701
0.0202698
0.0206865
0.0211375
0.0216674
0.022184
0.0226535
0.0231241
0.0236309
0.0241804
0.024778
0.0254105
0.0260366
0.0266501
0.0272772
0.0278985
0.0284824
0.0290408
0.0295909
0.0301723
0.0307957
0.0314442
0.0320939
0.0327653
0.0334693
0.0341849
0.0348798
0.0355867
0.0363617
0.0371396
0.0378809
0.0386232
0.0393846
0.0401358
0.040916
0.0417295
0.0425892
0.0434766
0.0443904
0.0453366
0.0462711
0.0471357
0.0480196
0.0489582
0.0499333
0.0509508
0.0519779
0.0530023
0.0540225
0.0550835
0.0561609
0.0572861
0.0584177
0.0595768
0.0607431
0.0619406
0.0631813
0.0644339
0.0657168
0.0670232
0.0683687
0.0697475
0.0711243
0.0725354
0.0739235
0.0753886
0.0768738
0.0783692
0.0798674
0.0813534
0.0828254
0.0842272
0.0855407
0.0867068
0.019772
0.0186864
0.014736
0.0104857
0.00846023
0.00878276
0.0100557
0.0111988
0.0119571
0.0124578
0.0128765
0.0133438
0.0138664
0.0143364
0.0147263
0.0151089
0.015499
0.0158823
0.0162656
0.0166466
0.0170615
0.0175445
0.0180295
0.018436
0.0188006
0.0192425
0.0197761
0.0202742
0.0206926
0.0211444
0.021673
0.0221885
0.0226583
0.0231291
0.0236353
0.0241837
0.0247802
0.0254117
0.0260372
0.0266505
0.0272776
0.0278989
0.028483
0.0290419
0.0295927
0.0301739
0.0307967
0.031445
0.032095
0.0327664
0.0334699
0.0341853
0.0348805
0.0355874
0.0363622
0.03714
0.0378817
0.038624
0.0393854
0.0401365
0.0409167
0.04173
0.0425896
0.0434768
0.0443907
0.045337
0.0462718
0.0471363
0.04802
0.0489587
0.0499338
0.0509513
0.0519783
0.0530028
0.0540229
0.0550839
0.0561612
0.0572864
0.058418
0.0595771
0.0607433
0.0619408
0.0631815
0.0644341
0.065717
0.0670233
0.0683689
0.0697477
0.0711245
0.0725355
0.0739236
0.0753888
0.076874
0.0783694
0.0798677
0.0813537
0.0828258
0.0842283
0.0855424
0.0867078
0.0192371
0.0183697
0.0148733
0.0108626
0.00878519
0.00894227
0.0101161
0.0112369
0.0119996
0.0125034
0.0129187
0.0133764
0.0138872
0.0143501
0.0147396
0.0151236
0.0155129
0.0158937
0.0162766
0.0166597
0.0170755
0.0175552
0.0180363
0.018443
0.0188106
0.0192524
0.0197825
0.0202789
0.0206989
0.0211518
0.0216788
0.022193
0.0226633
0.0231347
0.0236404
0.0241877
0.024783
0.0254132
0.0260379
0.026651
0.0272779
0.0278989
0.0284832
0.029043
0.0295947
0.030176
0.0307982
0.0314461
0.0320963
0.0327678
0.0334707
0.0341858
0.0348812
0.0355882
0.0363626
0.0371402
0.0378823
0.0386249
0.0393862
0.0401374
0.0409177
0.0417308
0.0425901
0.0434771
0.0443908
0.0453372
0.0462723
0.0471369
0.0480205
0.0489591
0.0499345
0.0509519
0.0519788
0.0530033
0.0540234
0.0550844
0.0561616
0.0572869
0.0584184
0.0595774
0.0607437
0.0619411
0.0631817
0.0644343
0.0657172
0.0670235
0.068369
0.0697479
0.0711246
0.0725357
0.0739238
0.0753889
0.0768742
0.0783696
0.0798681
0.0813541
0.0828264
0.0842298
0.0855445
0.086709
0.0187386
0.0180475
0.014984
0.0112269
0.00911789
0.00911541
0.0101812
0.0112735
0.0120414
0.0125508
0.0129633
0.0134109
0.0139091
0.0143646
0.0147538
0.0151393
0.0155275
0.0159057
0.016288
0.0166734
0.0170901
0.0175664
0.0180434
0.0184504
0.018821
0.0192628
0.0197893
0.0202839
0.0207056
0.0211594
0.0216848
0.0221976
0.0226683
0.0231405
0.0236459
0.0241923
0.0247863
0.025415
0.0260389
0.0266516
0.0272779
0.0278985
0.0284829
0.0290439
0.0295968
0.0301784
0.0307999
0.0314475
0.0320979
0.0327693
0.0334717
0.0341863
0.034882
0.0355891
0.0363629
0.0371402
0.0378827
0.0386256
0.0393869
0.0401383
0.0409189
0.041732
0.042591
0.0434775
0.0443907
0.0453372
0.0462727
0.0471375
0.048021
0.0489597
0.0499352
0.0509525
0.0519794
0.0530039
0.054024
0.0550849
0.0561622
0.0572874
0.058419
0.0595779
0.0607441
0.0619415
0.0631821
0.0644345
0.0657174
0.0670237
0.0683692
0.0697481
0.0711248
0.0725358
0.073924
0.0753891
0.0768744
0.0783698
0.0798685
0.0813546
0.082827
0.0842317
0.0855472
0.0867104
0.0182777
0.0177249
0.0150679
0.0115753
0.0094553
0.00930228
0.0102522
0.0113086
0.0120814
0.0125992
0.0130102
0.0134472
0.0139322
0.0143798
0.0147688
0.0151559
0.0155429
0.0159183
0.0162999
0.0166876
0.0171052
0.0175779
0.0180507
0.0184579
0.0188318
0.0192737
0.0197965
0.0202891
0.0207125
0.0211674
0.021691
0.0222023
0.0226734
0.0231463
0.0236516
0.0241972
0.0247899
0.0254171
0.02604
0.0266522
0.0272779
0.0278979
0.0284824
0.0290445
0.0295989
0.0301811
0.030802
0.0314491
0.0320998
0.0327711
0.0334728
0.0341869
0.034883
0.0355902
0.0363631
0.03714
0.0378829
0.038626
0.0393874
0.0401391
0.0409202
0.0417335
0.0425923
0.0434783
0.0443907
0.0453368
0.0462727
0.0471378
0.0480214
0.0489603
0.049936
0.0509533
0.0519799
0.0530044
0.0540247
0.0550856
0.0561628
0.0572881
0.0584196
0.0595785
0.0607447
0.0619421
0.0631825
0.0644349
0.0657177
0.0670239
0.0683695
0.0697484
0.0711251
0.072536
0.0739241
0.0753893
0.0768747
0.07837
0.079869
0.0813552
0.0828277
0.084234
0.0855504
0.0867121
0.0178528
0.0174068
0.0151265
0.0119049
0.00979412
0.00950244
0.0103306
0.0113428
0.0121191
0.0126481
0.0130593
0.0134854
0.0139562
0.0143958
0.0147845
0.0151732
0.0155591
0.0159317
0.0163126
0.0167026
0.017121
0.01759
0.0180582
0.0184657
0.018843
0.019285
0.0198041
0.0202946
0.0207197
0.0211757
0.0216977
0.0222073
0.0226786
0.0231523
0.0236576
0.0242026
0.0247939
0.0254196
0.0260414
0.026653
0.0272779
0.027897
0.0284816
0.029045
0.0296011
0.0301839
0.0308043
0.031451
0.0321018
0.0327731
0.033474
0.0341877
0.0348841
0.0355914
0.0363634
0.0371396
0.0378828
0.0386262
0.0393876
0.0401398
0.0409215
0.0417352
0.0425941
0.0434795
0.0443908
0.0453362
0.0462722
0.0471377
0.0480216
0.0489609
0.049937
0.0509541
0.0519805
0.053005
0.0540254
0.0550864
0.0561636
0.0572889
0.0584203
0.0595792
0.0607454
0.0619428
0.0631831
0.0644353
0.0657181
0.0670242
0.0683697
0.0697487
0.0711254
0.0725362
0.0739243
0.0753894
0.076875
0.0783702
0.0798695
0.0813559
0.0828286
0.0842368
0.0855543
0.0867141
0.0174618
0.0170972
0.0151617
0.012213
0.0101307
0.00971528
0.0104185
0.0113776
0.0121543
0.0126964
0.0131099
0.0135253
0.0139814
0.0144124
0.0148009
0.0151914
0.0155761
0.0159459
0.0163262
0.0167185
0.0171378
0.0176027
0.0180661
0.0184738
0.0188546
0.019297
0.0198121
0.0203004
0.0207272
0.0211845
0.0217047
0.0222125
0.0226839
0.0231584
0.023664
0.0242085
0.0247985
0.0254224
0.026043
0.0266539
0.0272779
0.027896
0.0284806
0.0290454
0.0296033
0.0301869
0.0308068
0.0314531
0.032104
0.0327753
0.0334753
0.0341885
0.0348853
0.0355927
0.0363637
0.0371391
0.0378825
0.0386261
0.0393876
0.0401402
0.0409226
0.0417368
0.042596
0.0434811
0.0443911
0.0453353
0.0462713
0.0471372
0.0480215
0.0489613
0.0499381
0.0509552
0.0519811
0.0530055
0.054026
0.0550871
0.0561644
0.0572897
0.0584211
0.05958
0.0607463
0.0619437
0.0631838
0.0644359
0.0657186
0.0670245
0.06837
0.069749
0.0711257
0.0725365
0.0739246
0.0753896
0.0768752
0.0783704
0.0798701
0.0813567
0.0828295
0.0842399
0.0855587
0.0867163
0.0171024
0.0167995
0.0151752
0.0124974
0.0104621
0.00994013
0.0105183
0.011415
0.0121866
0.0127432
0.0131619
0.0135674
0.0140081
0.01443
0.0148181
0.0152105
0.015594
0.0159609
0.0163406
0.0167354
0.0171555
0.0176162
0.0180744
0.0184821
0.0188667
0.0193095
0.0198207
0.0203066
0.0207351
0.0211937
0.0217123
0.0222181
0.0226895
0.0231648
0.0236709
0.024215
0.0248035
0.0254255
0.0260448
0.026655
0.0272781
0.0278951
0.0284795
0.0290457
0.0296055
0.03019
0.0308095
0.0314553
0.0321064
0.0327775
0.0334767
0.0341894
0.0348866
0.0355942
0.0363642
0.0371385
0.037882
0.0386258
0.0393874
0.0401405
0.0409236
0.0417383
0.0425979
0.0434829
0.0443915
0.0453343
0.04627
0.0471363
0.0480211
0.0489617
0.0499392
0.0509563
0.0519818
0.053006
0.0540266
0.0550878
0.0561653
0.0572906
0.0584219
0.0595808
0.0607472
0.0619447
0.0631847
0.0644367
0.0657192
0.067025
0.0683703
0.0697493
0.0711261
0.0725369
0.073925
0.0753898
0.0768755
0.0783705
0.0798707
0.0813576
0.0828305
0.0842435
0.0855636
0.0867187
0.0167725
0.0165149
0.0151679
0.0127573
0.0107865
0.0101756
0.010631
0.0114567
0.0122164
0.0127878
0.013215
0.0136121
0.014037
0.014449
0.0148364
0.0152305
0.0156128
0.0159768
0.0163559
0.0167532
0.0171742
0.0176305
0.0180831
0.0184908
0.0188793
0.0193228
0.0198297
0.020313
0.0207433
0.0212034
0.0217203
0.022224
0.0226954
0.0231717
0.0236785
0.0242223
0.0248091
0.0254289
0.0260469
0.0266564
0.0272783
0.0278941
0.0284785
0.029046
0.0296079
0.0301932
0.0308123
0.0314576
0.0321089
0.0327799
0.0334782
0.0341903
0.0348879
0.0355958
0.0363646
0.0371379
0.0378814
0.0386254
0.0393872
0.0401408
0.0409246
0.0417397
0.0425997
0.0434846
0.044392
0.0453324
0.0462682
0.047135
0.0480205
0.048962
0.0499403
0.0509575
0.0519826
0.0530065
0.0540272
0.0550884
0.0561661
0.0572916
0.0584227
0.0595815
0.0607482
0.0619459
0.0631857
0.0644375
0.06572
0.0670256
0.0683707
0.0697496
0.0711265
0.0725373
0.0739255
0.07539
0.0768758
0.0783707
0.0798713
0.0813585
0.0828317
0.0842473
0.085569
0.0867214
0.0164683
0.0162439
0.0151423
0.0129935
0.0111022
0.0104189
0.0107575
0.0115053
0.0122451
0.01283
0.0132687
0.0136595
0.0140684
0.0144697
0.0148558
0.0152515
0.0156325
0.0159933
0.0163718
0.0167718
0.0171939
0.0176456
0.0180924
0.0184999
0.0188925
0.0193367
0.0198394
0.0203199
0.0207519
0.0212134
0.0217286
0.0222302
0.0227016
0.0231792
0.0236869
0.0242304
0.0248154
0.0254328
0.0260492
0.0266579
0.0272787
0.0278931
0.0284774
0.0290464
0.0296103
0.0301966
0.0308153
0.0314601
0.0321116
0.0327825
0.0334798
0.0341912
0.0348893
0.0355975
0.0363652
0.0371373
0.0378805
0.038625
0.039387
0.0401412
0.0409257
0.0417412
0.0426014
0.0434863
0.0443924
0.045331
0.0462661
0.0471336
0.0480199
0.0489622
0.0499415
0.0509588
0.0519834
0.053007
0.0540277
0.0550891
0.056167
0.0572926
0.0584236
0.0595823
0.0607493
0.0619472
0.0631869
0.0644385
0.065721
0.0670263
0.0683711
0.0697499
0.0711269
0.0725377
0.0739261
0.0753904
0.0768761
0.0783708
0.0798719
0.0813596
0.082833
0.0842515
0.0855749
0.0867243
0.0161857
0.0159875
0.0151016
0.0132072
0.0114072
0.0106671
0.010898
0.0115635
0.0122745
0.0128696
0.0133222
0.0137094
0.0141027
0.0144925
0.0148767
0.0152737
0.0156531
0.0160106
0.0163885
0.0167913
0.0172146
0.0176615
0.0181022
0.0185095
0.0189062
0.0193513
0.0198496
0.0203272
0.0207608
0.0212238
0.0217371
0.0222364
0.0227081
0.0231874
0.0236963
0.0242394
0.0248222
0.025437
0.0260517
0.0266596
0.0272792
0.0278923
0.0284764
0.0290468
0.0296128
0.0302002
0.0308185
0.0314628
0.0321144
0.0327851
0.0334814
0.0341921
0.0348908
0.0355993
0.0363658
0.0371367
0.0378797
0.0386246
0.039387
0.0401419
0.0409271
0.0417428
0.0426031
0.0434877
0.0443929
0.0453295
0.0462637
0.0471321
0.0480196
0.0489627
0.0499427
0.05096
0.0519841
0.0530075
0.0540283
0.0550897
0.0561679
0.0572936
0.0584245
0.059583
0.0607503
0.0619486
0.063188
0.0644395
0.065722
0.0670271
0.0683716
0.0697501
0.0711272
0.0725382
0.0739267
0.0753908
0.0768764
0.0783709
0.0798726
0.0813608
0.0828344
0.084256
0.0855812
0.0867275
0.0159207
0.0157465
0.0150491
0.0133991
0.0117
0.0109177
0.0110524
0.0116336
0.0123066
0.0129065
0.0133744
0.013761
0.0141401
0.014518
0.0148995
0.015297
0.0156746
0.0160286
0.0164057
0.0168116
0.0172361
0.0176783
0.0181127
0.0185194
0.0189205
0.0193667
0.0198605
0.020335
0.0207702
0.0212347
0.0217459
0.0222429
0.0227148
0.0231962
0.0237065
0.0242492
0.0248296
0.0254416
0.0260545
0.0266615
0.0272799
0.0278915
0.0284754
0.0290472
0.0296154
0.0302039
0.0308218
0.0314656
0.0321173
0.0327879
0.0334832
0.0341931
0.0348922
0.0356013
0.0363666
0.0371361
0.0378789
0.0386243
0.0393872
0.0401429
0.0409288
0.0417446
0.0426048
0.0434891
0.0443933
0.0453281
0.0462613
0.0471308
0.0480197
0.0489635
0.0499439
0.0509611
0.0519847
0.053008
0.0540289
0.0550905
0.0561688
0.0572946
0.0584254
0.0595837
0.0607513
0.06195
0.0631893
0.0644405
0.0657231
0.0670281
0.0683721
0.0697503
0.0711275
0.0725386
0.0739275
0.0753914
0.0768767
0.0783711
0.0798732
0.081362
0.082836
0.0842607
0.0855879
0.0867309
0.0156705
0.0155202
0.0149862
0.0135701
0.0119804
0.0111686
0.0112193
0.011717
0.0123438
0.0129413
0.0134242
0.0138137
0.0141803
0.0145462
0.0149243
0.0153218
0.0156969
0.0160473
0.0164237
0.0168327
0.0172586
0.017696
0.0181237
0.0185299
0.0189355
0.0193828
0.019872
0.0203432
0.02078
0.0212459
0.0217549
0.0222494
0.0227219
0.0232057
0.0237175
0.0242595
0.0248374
0.0254464
0.0260575
0.0266635
0.0272807
0.0278909
0.0284745
0.0290477
0.0296181
0.0302079
0.0308254
0.0314685
0.0321203
0.0327908
0.033485
0.0341941
0.0348938
0.0356033
0.0363674
0.0371354
0.0378782
0.0386242
0.0393877
0.0401442
0.0409308
0.0417468
0.0426066
0.0434904
0.0443939
0.0453268
0.0462589
0.0471298
0.0480204
0.0489647
0.0499452
0.0509621
0.0519853
0.0530084
0.0540296
0.0550914
0.0561699
0.0572957
0.0584263
0.0595845
0.0607523
0.0619514
0.0631906
0.0644416
0.0657242
0.0670292
0.0683728
0.0697505
0.0711277
0.072539
0.0739283
0.0753921
0.0768771
0.0783712
0.0798738
0.0813633
0.0828377
0.0842656
0.0855949
0.0867346
0.0154339
0.0153083
0.0149132
0.0137207
0.012249
0.0114184
0.0113962
0.0118146
0.0123888
0.0129754
0.0134711
0.013866
0.0142229
0.0145775
0.0149516
0.0153482
0.0157202
0.0160666
0.0164425
0.0168547
0.0172821
0.0177146
0.0181355
0.0185408
0.018951
0.0193997
0.0198842
0.0203518
0.0207903
0.0212576
0.0217642
0.0222563
0.0227294
0.0232157
0.0237291
0.0242703
0.0248455
0.0254516
0.0260606
0.0266658
0.0272816
0.0278904
0.0284737
0.0290482
0.0296209
0.0302119
0.030829
0.0314715
0.0321235
0.0327939
0.033487
0.0341952
0.0348953
0.0356054
0.0363683
0.0371349
0.0378775
0.0386242
0.0393884
0.0401457
0.040933
0.0417493
0.0426087
0.0434918
0.0443945
0.0453256
0.0462566
0.0471292
0.0480217
0.0489664
0.0499467
0.050963
0.0519857
0.0530088
0.0540304
0.0550926
0.0561712
0.0572968
0.0584273
0.0595854
0.0607534
0.0619528
0.0631919
0.0644427
0.0657254
0.0670303
0.0683735
0.0697508
0.071128
0.0725394
0.0739292
0.0753929
0.0768776
0.0783714
0.0798745
0.0813647
0.0828395
0.0842707
0.0856023
0.0867385
0.0152091
0.0151128
0.0148317
0.0138502
0.0125063
0.0116658
0.01158
0.0119268
0.0124443
0.0130106
0.0135146
0.0139168
0.0142672
0.0146118
0.0149816
0.0153765
0.0157446
0.0160866
0.016462
0.0168776
0.0173067
0.0177342
0.018148
0.0185523
0.0189672
0.0194174
0.0198971
0.0203609
0.020801
0.0212698
0.021774
0.0222635
0.0227373
0.0232261
0.0237411
0.0242815
0.024854
0.0254569
0.026064
0.0266682
0.0272828
0.02789
0.0284729
0.0290488
0.0296238
0.0302161
0.0308328
0.0314746
0.0321267
0.0327971
0.033489
0.0341963
0.034897
0.0356076
0.0363694
0.0371343
0.0378769
0.0386244
0.0393893
0.0401476
0.0409356
0.0417521
0.042611
0.0434932
0.0443952
0.0453246
0.0462545
0.0471288
0.0480234
0.0489684
0.0499483
0.0509639
0.051986
0.0530092
0.0540314
0.0550939
0.0561726
0.057298
0.0584283
0.0595863
0.0607545
0.0619542
0.0631933
0.0644439
0.0657267
0.0670315
0.0683744
0.0697511
0.0711283
0.0725398
0.0739301
0.0753937
0.0768781
0.0783716
0.0798752
0.0813662
0.0828416
0.084276
0.08561
0.0867427
0.0149915
0.0149369
0.0147461
0.0139567
0.0127519
0.0119104
0.0117673
0.0120526
0.0125126
0.0130492
0.0135548
0.0139647
0.0143123
0.0146491
0.0150145
0.0154068
0.0157703
0.0161075
0.0164823
0.0169015
0.0173323
0.0177548
0.0181613
0.0185645
0.018984
0.0194358
0.0199106
0.0203705
0.0208122
0.0212826
0.0217843
0.0222711
0.0227456
0.023237
0.0237535
0.0242929
0.0248627
0.0254626
0.0260676
0.0266707
0.0272841
0.0278899
0.0284723
0.0290495
0.0296268
0.0302204
0.0308367
0.0314777
0.0321301
0.0328005
0.0334912
0.0341975
0.0348986
0.0356098
0.0363705
0.0371338
0.0378763
0.0386247
0.0393904
0.0401496
0.0409383
0.0417551
0.0426135
0.0434948
0.044396
0.0453237
0.0462525
0.0471286
0.0480256
0.0489708
0.0499499
0.0509648
0.0519863
0.0530095
0.0540324
0.0550955
0.0561742
0.0572992
0.0584294
0.0595874
0.0607558
0.0619556
0.0631947
0.0644451
0.065728
0.0670328
0.0683753
0.0697515
0.0711285
0.0725402
0.0739311
0.0753946
0.0768787
0.0783719
0.079876
0.0813679
0.0828438
0.0842814
0.085618
0.0867472
0.0147732
0.0147807
0.0146637
0.0140389
0.012984
0.0121533
0.0119552
0.0121896
0.0125956
0.0130938
0.0135926
0.014009
0.0143568
0.014689
0.0150508
0.0154396
0.0157975
0.0161293
0.0165033
0.0169264
0.017359
0.0177764
0.0181753
0.0185773
0.0190016
0.0194551
0.0199248
0.0203806
0.0208239
0.021296
0.0217952
0.0222791
0.0227543
0.0232483
0.0237661
0.0243046
0.0248717
0.0254684
0.0260714
0.0266735
0.0272856
0.0278898
0.0284717
0.0290502
0.0296299
0.0302249
0.0308406
0.0314809
0.0321336
0.032804
0.0334935
0.0341988
0.0349004
0.0356122
0.0363716
0.0371333
0.0378758
0.0386252
0.0393916
0.0401518
0.0409413
0.0417584
0.0426162
0.0434964
0.0443968
0.0453229
0.0462506
0.0471287
0.0480279
0.0489733
0.0499517
0.0509657
0.0519865
0.0530099
0.0540335
0.0550971
0.0561759
0.0573005
0.0584305
0.0595885
0.0607571
0.0619571
0.0631962
0.0644463
0.0657294
0.0670341
0.0683763
0.069752
0.0711288
0.0725406
0.0739321
0.0753956
0.0768794
0.0783722
0.0798768
0.0813697
0.0828462
0.0842871
0.0856264
0.086752
0.0145457
0.0146382
0.0145932
0.0140984
0.0131988
0.0123962
0.0121424
0.0123334
0.0126942
0.0131474
0.0136294
0.0140493
0.0143997
0.0147308
0.0150905
0.0154751
0.0158263
0.0161523
0.0165252
0.0169521
0.0173869
0.017799
0.0181902
0.0185908
0.01902
0.0194752
0.0199397
0.0203911
0.0208361
0.0213101
0.0218067
0.0222877
0.0227634
0.0232599
0.0237791
0.0243166
0.0248809
0.0254746
0.0260754
0.0266765
0.0272874
0.02789
0.0284713
0.029051
0.0296331
0.0302295
0.0308447
0.0314842
0.0321373
0.0328077
0.033496
0.0342002
0.0349022
0.0356146
0.0363729
0.0371328
0.0378754
0.0386258
0.039393
0.0401542
0.0409443
0.0417618
0.042619
0.0434981
0.0443977
0.0453222
0.0462488
0.0471288
0.0480304
0.0489758
0.0499535
0.0509667
0.0519868
0.0530103
0.0540347
0.0550989
0.0561777
0.0573018
0.0584316
0.0595898
0.0607586
0.0619587
0.0631977
0.0644477
0.0657308
0.0670355
0.0683773
0.0697525
0.0711292
0.0725411
0.0739332
0.0753966
0.0768801
0.0783725
0.0798777
0.0813716
0.0828487
0.084293
0.0856351
0.0867572
0.0143059
0.0144982
0.0145413
0.0141415
0.0133901
0.0126399
0.0123307
0.012479
0.0128076
0.0132137
0.0136668
0.0140853
0.0144402
0.0147737
0.0151335
0.0155137
0.015857
0.0161765
0.0165482
0.0169788
0.0174157
0.0178228
0.0182059
0.018605
0.0190393
0.0194963
0.0199553
0.0204022
0.0208489
0.0213248
0.0218187
0.0222967
0.022773
0.023272
0.0237923
0.0243288
0.0248905
0.025481
0.0260796
0.0266797
0.0272893
0.0278904
0.028471
0.029052
0.0296365
0.0302342
0.0308489
0.0314875
0.032141
0.0328116
0.0334986
0.0342016
0.034904
0.0356171
0.0363742
0.0371323
0.0378751
0.0386264
0.0393945
0.0401567
0.0409475
0.0417652
0.0426218
0.0434998
0.0443986
0.0453215
0.046247
0.0471289
0.0480329
0.0489785
0.0499554
0.0509677
0.0519871
0.0530107
0.0540359
0.0551008
0.0561796
0.0573032
0.0584328
0.0595911
0.0607601
0.0619604
0.0631994
0.064449
0.0657323
0.067037
0.0683785
0.069753
0.0711296
0.0725415
0.0739343
0.0753977
0.0768809
0.0783729
0.0798787
0.0813737
0.0828515
0.0842991
0.0856442
0.0867627
0.0140603
0.0143481
0.014509
0.014179
0.0135521
0.0128811
0.0125246
0.0126225
0.0129323
0.0132961
0.0137075
0.0141169
0.0144778
0.0148166
0.0151791
0.0155554
0.0158898
0.0162019
0.0165725
0.0170066
0.0174455
0.0178476
0.0182225
0.0186197
0.0190594
0.0195185
0.0199717
0.0204137
0.0208623
0.0213403
0.0218315
0.0223063
0.0227831
0.0232846
0.0238059
0.0243413
0.0249004
0.0254877
0.0260841
0.0266832
0.0272916
0.0278911
0.0284709
0.029053
0.02964
0.0302391
0.0308531
0.0314909
0.0321449
0.0328156
0.0335013
0.0342031
0.0349059
0.0356198
0.0363756
0.0371319
0.0378748
0.0386272
0.039396
0.0401592
0.0409508
0.0417688
0.0426248
0.0435016
0.0443995
0.0453208
0.0462452
0.0471291
0.0480355
0.0489811
0.0499574
0.0509688
0.0519874
0.0530112
0.0540372
0.0551027
0.0561815
0.0573047
0.058434
0.0595925
0.0607617
0.0619622
0.0632011
0.0644505
0.0657339
0.0670385
0.0683796
0.0697537
0.07113
0.072542
0.0739355
0.0753988
0.0768818
0.0783734
0.0798797
0.081376
0.0828545
0.0843053
0.0856536
0.0867686
0.0138213
0.0141791
0.0144896
0.0142249
0.0136842
0.0131106
0.0127285
0.0127641
0.0130621
0.0133962
0.0137558
0.0141444
0.0145117
0.0148592
0.0152267
0.0156003
0.0159251
0.0162289
0.0165981
0.0170359
0.0174764
0.0178734
0.01824
0.0186352
0.0190804
0.0195418
0.0199891
0.0204257
0.0208762
0.0213565
0.0218449
0.0223164
0.0227938
0.0232976
0.0238199
0.0243541
0.0249105
0.0254947
0.0260889
0.0266869
0.0272941
0.027892
0.028471
0.0290542
0.0296436
0.0302441
0.0308576
0.0314944
0.0321489
0.0328199
0.0335042
0.0342047
0.0349079
0.0356226
0.0363771
0.0371316
0.0378746
0.0386281
0.0393977
0.0401618
0.0409542
0.0417725
0.0426278
0.0435035
0.0444004
0.0453201
0.0462435
0.0471293
0.048038
0.0489837
0.0499593
0.0509699
0.0519878
0.0530117
0.0540386
0.0551047
0.0561835
0.0573062
0.0584353
0.059594
0.0607634
0.061964
0.0632029
0.064452
0.0657355
0.0670401
0.0683809
0.0697543
0.0711305
0.0725426
0.0739367
0.0753999
0.0768827
0.0783739
0.0798808
0.0813784
0.0828578
0.0843118
0.0856635
0.0867748
0.0136011
0.0139897
0.0144697
0.0142903
0.0137944
0.013317
0.0129429
0.0129092
0.0131899
0.0135121
0.0138175
0.0141692
0.0145405
0.0149013
0.0152757
0.0156477
0.015963
0.0162577
0.0166248
0.0170665
0.0175088
0.0179
0.0182584
0.0186515
0.019102
0.0195661
0.0200075
0.0204383
0.0208906
0.0213735
0.0218591
0.022327
0.0228048
0.0233111
0.0238342
0.0243672
0.024921
0.025502
0.0260939
0.0266909
0.0272969
0.0278931
0.0284713
0.0290555
0.0296474
0.0302494
0.0308621
0.031498
0.032153
0.0328243
0.0335072
0.0342063
0.0349099
0.0356255
0.0363787
0.0371312
0.0378745
0.038629
0.0393994
0.0401644
0.0409576
0.0417762
0.042631
0.0435054
0.0444014
0.0453195
0.0462419
0.0471295
0.0480405
0.0489863
0.0499614
0.0509711
0.0519882
0.0530123
0.05404
0.0551068
0.0561856
0.0573078
0.0584367
0.0595955
0.0607651
0.061966
0.0632048
0.0644536
0.0657372
0.0670417
0.0683821
0.069755
0.071131
0.0725432
0.073938
0.0754011
0.0768837
0.0783745
0.0798819
0.081381
0.0828613
0.0843185
0.0856737
0.0867815
0.0134077
0.0137869
0.0144349
0.0143773
0.0138977
0.0134925
0.0131606
0.0130651
0.0133125
0.013638
0.0138973
0.0141951
0.0145628
0.0149424
0.0153263
0.0156969
0.0160032
0.0162886
0.0166532
0.0170985
0.0175429
0.017928
0.0182774
0.0186686
0.0191246
0.0195915
0.0200269
0.0204516
0.0209054
0.0213913
0.0218741
0.0223382
0.0228164
0.0233251
0.023849
0.0243806
0.0249318
0.0255096
0.0260993
0.0266952
0.0273
0.0278946
0.0284718
0.0290569
0.0296514
0.0302548
0.0308667
0.0315017
0.0321573
0.0328289
0.0335104
0.034208
0.034912
0.0356285
0.0363804
0.037131
0.0378745
0.0386301
0.0394011
0.0401671
0.0409612
0.0417799
0.0426341
0.0435073
0.0444023
0.0453189
0.0462403
0.0471298
0.0480429
0.0489888
0.0499634
0.0509724
0.0519887
0.0530129
0.0540415
0.0551089
0.0561877
0.0573094
0.0584382
0.0595971
0.0607669
0.061968
0.0632067
0.0644552
0.0657389
0.0670434
0.0683834
0.0697558
0.0711316
0.0725438
0.0739394
0.0754024
0.0768848
0.0783752
0.0798831
0.0813838
0.082865
0.0843254
0.0856844
0.0867887
0.0132445
0.0135828
0.0143749
0.0144766
0.01401
0.0136381
0.0133687
0.0132368
0.0134338
0.0137656
0.0139955
0.0142286
0.0145783
0.0149806
0.0153792
0.0157476
0.0160447
0.0163216
0.0166836
0.017132
0.0175785
0.0179577
0.0182971
0.0186861
0.0191481
0.0196179
0.0200474
0.0204657
0.0209209
0.0214096
0.02189
0.0223501
0.0228285
0.0233396
0.0238642
0.0243944
0.0249429
0.0255176
0.026105
0.0266999
0.0273034
0.0278963
0.0284725
0.0290585
0.0296555
0.0302604
0.0308715
0.0315054
0.0321616
0.0328337
0.0335138
0.0342098
0.0349142
0.0356317
0.0363822
0.0371308
0.0378746
0.0386313
0.039403
0.0401699
0.0409648
0.0417838
0.0426373
0.0435093
0.0444034
0.0453184
0.0462387
0.0471301
0.0480454
0.0489914
0.0499655
0.0509738
0.0519893
0.0530136
0.054043
0.055111
0.0561898
0.0573111
0.0584397
0.0595988
0.0607687
0.0619701
0.0632088
0.0644569
0.0657407
0.0670451
0.0683848
0.0697566
0.0711322
0.0725444
0.0739407
0.0754037
0.0768858
0.078376
0.0798845
0.0813869
0.082869
0.0843326
0.0856954
0.0867963
0.0131106
0.0133897
0.0142878
0.0145739
0.0141405
0.0137639
0.0135549
0.0134211
0.0135622
0.0138891
0.0141076
0.0142763
0.0145893
0.015013
0.0154341
0.0158007
0.016087
0.0163559
0.0167163
0.0171674
0.0176154
0.0179891
0.0183182
0.018704
0.0191724
0.0196455
0.0200688
0.0204808
0.0209372
0.0214288
0.0219065
0.0223627
0.0228412
0.0233546
0.0238799
0.0244085
0.0249544
0.0255259
0.026111
0.0267049
0.0273073
0.0278984
0.0284735
0.0290603
0.0296598
0.0302662
0.0308765
0.0315093
0.0321662
0.0328388
0.0335173
0.0342116
0.0349164
0.035635
0.0363842
0.0371306
0.0378748
0.0386326
0.0394049
0.0401727
0.0409684
0.0417876
0.0426406
0.0435113
0.0444044
0.0453179
0.0462373
0.0471305
0.0480478
0.0489939
0.0499677
0.0509752
0.0519898
0.0530144
0.0540446
0.0551132
0.056192
0.0573129
0.0584414
0.0596005
0.0607706
0.0619722
0.0632109
0.0644586
0.0657426
0.0670469
0.0683862
0.0697575
0.0711329
0.0725451
0.0739422
0.0754051
0.076887
0.0783769
0.0798858
0.0813901
0.0828734
0.0843399
0.0857069
0.0868044
0.0130022
0.0132175
0.0141781
0.0146556
0.0142886
0.0138846
0.0137148
0.0136068
0.0137038
0.0140099
0.0142263
0.014341
0.0146018
0.0150378
0.0154893
0.0158573
0.0161301
0.0163906
0.0167509
0.0172055
0.0176539
0.0180219
0.018341
0.0187225
0.0191972
0.0196744
0.0200912
0.0204964
0.0209544
0.0214488
0.0219238
0.022376
0.0228545
0.0233701
0.023896
0.0244231
0.0249663
0.0255346
0.0261174
0.0267103
0.0273115
0.0279009
0.0284748
0.0290623
0.0296644
0.0302722
0.0308816
0.0315132
0.0321708
0.032844
0.0335211
0.0342136
0.0349187
0.0356385
0.0363862
0.0371306
0.037875
0.038634
0.0394069
0.0401755
0.0409721
0.0417916
0.0426439
0.0435134
0.0444055
0.0453175
0.0462359
0.0471309
0.0480502
0.0489963
0.0499699
0.0509767
0.0519905
0.0530152
0.0540463
0.0551154
0.0561943
0.0573148
0.0584431
0.0596023
0.0607726
0.0619745
0.063213
0.0644605
0.0657446
0.0670488
0.0683876
0.0697584
0.0711337
0.0725458
0.0739437
0.0754066
0.0768882
0.0783779
0.0798873
0.0813935
0.082878
0.0843474
0.0857187
0.086813
0.0129132
0.0130736
0.0140536
0.0147117
0.0144456
0.0140129
0.0138543
0.0137819
0.0138574
0.0141353
0.014346
0.0144196
0.0146222
0.0150564
0.015542
0.0159177
0.0161749
0.016425
0.0167864
0.0172463
0.0176948
0.018056
0.0183655
0.0187422
0.0192222
0.0197045
0.0201149
0.0205126
0.0209724
0.02147
0.0219418
0.0223898
0.0228685
0.0233863
0.0239125
0.024438
0.0249785
0.0255436
0.0261242
0.0267161
0.0273161
0.0279038
0.0284763
0.0290645
0.0296691
0.0302785
0.0308868
0.0315172
0.0321756
0.0328495
0.033525
0.0342156
0.0349211
0.0356421
0.0363884
0.0371306
0.0378754
0.0386355
0.0394089
0.0401784
0.0409759
0.0417955
0.0426473
0.0435156
0.0444067
0.0453172
0.0462347
0.0471314
0.0480526
0.0489988
0.0499722
0.0509783
0.0519912
0.053016
0.0540481
0.0551177
0.0561966
0.0573167
0.0584449
0.0596042
0.0607746
0.0619769
0.0632153
0.0644624
0.0657466
0.0670507
0.0683891
0.0697594
0.0711345
0.0725466
0.0739452
0.0754081
0.0768894
0.078379
0.0798889
0.0813972
0.082883
0.0843552
0.085731
0.0868222
0.0128357
0.0129633
0.0139246
0.0147364
0.0146005
0.0141533
0.0139843
0.013941
0.0140135
0.0142701
0.014468
0.0145069
0.0146533
0.0150729
0.0155902
0.0159807
0.0162224
0.0164593
0.0168218
0.0172891
0.0177391
0.0180917
0.0183911
0.0187637
0.0192479
0.0197351
0.0201402
0.0205295
0.0209909
0.0214925
0.0219609
0.022404
0.0228829
0.0234032
0.0239296
0.0244533
0.0249911
0.0255531
0.0261313
0.0267224
0.0273212
0.027907
0.0284783
0.0290668
0.0296739
0.030285
0.0308923
0.0315213
0.0321805
0.0328552
0.0335292
0.0342177
0.0349235
0.0356459
0.0363907
0.0371307
0.0378759
0.0386372
0.0394111
0.0401814
0.0409798
0.0417996
0.0426507
0.0435178
0.0444079
0.0453169
0.0462335
0.047132
0.0480549
0.0490012
0.0499745
0.0509799
0.051992
0.0530169
0.0540499
0.0551201
0.056199
0.0573187
0.0584467
0.0596062
0.0607767
0.0619793
0.0632176
0.0644643
0.0657487
0.0670527
0.0683907
0.0697605
0.0711354
0.0725474
0.0739468
0.0754097
0.0768907
0.0783803
0.0798906
0.081401
0.0828883
0.0843632
0.0857437
0.086832
0.0127588
0.0128892
0.0138047
0.0147294
0.014742
0.0143019
0.0141146
0.0140889
0.0141623
0.0144114
0.0145988
0.0146002
0.0146922
0.0150914
0.0156349
0.0160446
0.0162727
0.0164941
0.016857
0.0173328
0.0177866
0.0181303
0.0184172
0.0187865
0.0192752
0.0197662
0.0201665
0.0205475
0.0210097
0.0215161
0.0219815
0.0224188
0.0228977
0.0234207
0.0239473
0.0244689
0.0250041
0.0255629
0.0261389
0.026729
0.0273268
0.0279108
0.0284805
0.0290694
0.029679
0.0302918
0.030898
0.0315255
0.0321855
0.0328612
0.0335336
0.0342199
0.034926
0.0356499
0.0363932
0.0371308
0.0378766
0.0386391
0.0394133
0.0401844
0.0409837
0.0418036
0.0426542
0.0435201
0.0444092
0.0453168
0.0462325
0.0471326
0.0480573
0.0490036
0.0499768
0.0509817
0.0519928
0.0530179
0.0540518
0.0551225
0.0562014
0.0573208
0.0584487
0.0596082
0.0607788
0.0619818
0.0632201
0.0644664
0.0657509
0.0670548
0.0683923
0.0697617
0.0711364
0.0725483
0.0739485
0.0754114
0.0768921
0.0783818
0.0798924
0.0814052
0.0828939
0.0843714
0.0857568
0.0868423
0.0126698
0.0128464
0.0137086
0.0146975
0.014861
0.0144514
0.0142488
0.0142352
0.0143002
0.0145485
0.0147415
0.014704
0.0147357
0.0151122
0.0156789
0.0161091
0.0163248
0.0165294
0.0168926
0.0173769
0.0178361
0.0181727
0.0184448
0.0188095
0.0193045
0.0197985
0.0201932
0.0205667
0.0210293
0.0215405
0.0220036
0.0224345
0.0229127
0.0234388
0.0239657
0.0244851
0.0250174
0.0255732
0.0261468
0.0267361
0.0273329
0.027915
0.0284832
0.0290722
0.0296843
0.0302988
0.0309039
0.0315299
0.0321906
0.0328674
0.0335383
0.0342222
0.0349286
0.0356541
0.0363959
0.0371311
0.0378773
0.0386411
0.0394157
0.0401874
0.0409877
0.0418078
0.0426577
0.0435225
0.0444106
0.0453168
0.0462316
0.0471334
0.0480596
0.0490059
0.0499792
0.0509835
0.0519937
0.053019
0.0540538
0.055125
0.0562039
0.057323
0.0584507
0.0596104
0.0607811
0.0619845
0.0632226
0.0644685
0.0657532
0.0670569
0.068394
0.0697629
0.0711374
0.0725492
0.0739502
0.0754133
0.0768935
0.0783834
0.0798944
0.0814095
0.0829
0.0843799
0.0857703
0.0868533
0.012558
0.0128204
0.013647
0.0146533
0.014953
0.0145938
0.0143825
0.0143877
0.0144353
0.0146707
0.0148895
0.0148267
0.0147846
0.0151308
0.0157235
0.0161767
0.0163786
0.0165636
0.0169287
0.0174222
0.0178864
0.0182186
0.0184756
0.0188323
0.0193349
0.0198334
0.0202203
0.0205861
0.0210499
0.0215656
0.022027
0.0224514
0.0229281
0.0234573
0.0239849
0.0245018
0.0250311
0.0255839
0.0261553
0.0267437
0.0273394
0.0279198
0.0284863
0.0290753
0.0296898
0.030306
0.0309101
0.0315344
0.0321958
0.0328738
0.0335432
0.0342247
0.0349312
0.0356584
0.0363988
0.0371315
0.0378782
0.0386434
0.0394182
0.0401905
0.0409917
0.041812
0.0426612
0.0435249
0.0444121
0.0453169
0.0462309
0.0471342
0.0480619
0.0490082
0.0499817
0.0509854
0.0519947
0.0530202
0.0540558
0.0551276
0.0562064
0.0573252
0.0584529
0.0596126
0.0607834
0.0619872
0.0632251
0.0644707
0.0657556
0.0670591
0.0683957
0.0697642
0.0711386
0.0725502
0.073952
0.0754152
0.076895
0.0783851
0.0798965
0.0814141
0.0829065
0.0843886
0.0857842
0.0868649
0.0124207
0.0127921
0.0136218
0.0146136
0.0150203
0.0147227
0.0145071
0.0145466
0.0145808
0.0147752
0.0150282
0.0149719
0.0148484
0.0151434
0.0157645
0.0162503
0.0164369
0.0165951
0.016963
0.0174703
0.0179377
0.0182661
0.0185105
0.018856
0.019365
0.0198713
0.0202492
0.0206049
0.0210713
0.0215921
0.0220513
0.0224696
0.0229441
0.0234759
0.0240048
0.0245192
0.0250452
0.025595
0.0261643
0.0267517
0.0273464
0.0279251
0.0284899
0.0290787
0.0296955
0.0303136
0.0309165
0.0315391
0.0322012
0.0328804
0.0335484
0.0342272
0.0349339
0.035663
0.0364019
0.037132
0.0378792
0.0386457
0.0394207
0.0401936
0.0409958
0.0418162
0.0426648
0.0435274
0.0444136
0.0453171
0.0462303
0.0471351
0.0480642
0.0490104
0.0499842
0.0509874
0.0519957
0.0530214
0.054058
0.0551302
0.0562091
0.0573276
0.0584551
0.0596149
0.0607858
0.06199
0.0632278
0.0644729
0.065758
0.0670613
0.0683975
0.0697656
0.0711398
0.0725512
0.0739539
0.0754172
0.0768965
0.0783871
0.0798989
0.0814189
0.0829134
0.0843976
0.0857984
0.0868771
0.0122653
0.0127433
0.0136244
0.0145942
0.0150712
0.0148366
0.0146147
0.0147014
0.0147474
0.0148738
0.0151419
0.0151312
0.0149397
0.0151534
0.0157941
0.0163289
0.0165055
0.0166252
0.0169916
0.017521
0.0179929
0.0183136
0.0185484
0.0188826
0.0193942
0.019911
0.0202815
0.0206233
0.0210923
0.0216205
0.022077
0.0224886
0.022961
0.0234949
0.024025
0.0245374
0.0250599
0.0256065
0.0261738
0.0267604
0.0273539
0.027931
0.028494
0.0290824
0.0297015
0.0303214
0.0309231
0.0315439
0.0322067
0.0328873
0.0335539
0.0342299
0.0349367
0.0356678
0.0364052
0.0371326
0.0378804
0.0386483
0.0394234
0.0401967
0.0409999
0.0418205
0.0426685
0.0435299
0.0444153
0.0453174
0.0462298
0.0471362
0.0480665
0.0490127
0.0499868
0.0509895
0.0519968
0.0530227
0.0540602
0.0551329
0.0562117
0.05733
0.0584575
0.0596173
0.0607882
0.061993
0.0632306
0.0644753
0.0657606
0.0670637
0.0683993
0.0697671
0.0711411
0.0725523
0.0739558
0.0754194
0.0768981
0.0783892
0.0799014
0.0814239
0.0829208
0.0844068
0.085813
0.08689
0.0121068
0.012662
0.0136369
0.0146047
0.0151184
0.0149401
0.014702
0.0148361
0.014936
0.0149862
0.0152241
0.0152854
0.0150661
0.0151743
0.0158065
0.0164041
0.0165888
0.0166601
0.0170106
0.0175699
0.0180552
0.0183622
0.018586
0.0189132
0.0194243
0.0199506
0.0203177
0.020643
0.0211115
0.0216502
0.022105
0.0225082
0.0229786
0.0235147
0.0240455
0.0245562
0.0250753
0.0256184
0.0261837
0.0267696
0.027362
0.0279373
0.0284986
0.0290866
0.0297077
0.0303294
0.03093
0.0315488
0.0322123
0.0328945
0.0335597
0.0342326
0.0349395
0.0356728
0.0364087
0.0371334
0.0378817
0.0386511
0.0394263
0.0401999
0.0410041
0.0418248
0.0426722
0.0435326
0.044417
0.0453179
0.0462295
0.0471373
0.0480688
0.0490148
0.0499894
0.0509917
0.0519981
0.0530241
0.0540625
0.0551357
0.0562145
0.0573326
0.0584599
0.0596198
0.0607908
0.061996
0.0632334
0.0644777
0.0657632
0.0670661
0.0684013
0.0697687
0.0711425
0.0725535
0.0739578
0.0754217
0.0768998
0.0783915
0.0799041
0.0814291
0.0829286
0.0844163
0.0858279
0.0869035
0.0119643
0.0125463
0.0136368
0.0146444
0.015175
0.0150408
0.0147743
0.0149361
0.0151326
0.0151315
0.015286
0.0154126
0.0152206
0.0152231
0.0158058
0.0164644
0.0166844
0.0167094
0.0170218
0.0176093
0.018125
0.0184172
0.0186209
0.0189452
0.0194581
0.0199901
0.0203562
0.0206658
0.0211292
0.0216795
0.0221358
0.022529
0.0229962
0.0235353
0.0240667
0.0245753
0.0250914
0.0256309
0.026194
0.0267795
0.0273708
0.0279442
0.0285036
0.0290911
0.0297142
0.0303378
0.0309373
0.0315538
0.0322179
0.032902
0.0335659
0.0342354
0.0349423
0.035678
0.0364125
0.0371343
0.0378832
0.0386541
0.0394292
0.0402031
0.0410083
0.0418293
0.0426759
0.0435353
0.0444189
0.0453185
0.0462294
0.0471386
0.0480711
0.049017
0.0499921
0.050994
0.0519993
0.0530257
0.0540649
0.0551385
0.0562173
0.0573352
0.0584625
0.0596224
0.0607934
0.0619992
0.0632364
0.0644802
0.0657659
0.0670685
0.0684033
0.0697704
0.071144
0.0725547
0.0739598
0.0754241
0.0769016
0.078394
0.0799071
0.0814346
0.0829369
0.0844261
0.0858431
0.0869177
0.0118558
0.0124084
0.0136023
0.0147006
0.0152521
0.0151476
0.0148438
0.0149947
0.0153127
0.0153194
0.0153524
0.0154982
0.0153816
0.0153122
0.0158076
0.0165016
0.0167808
0.0167799
0.0170345
0.0176324
0.0181963
0.0184849
0.0186548
0.0189736
0.0194966
0.0200322
0.0203949
0.0206918
0.0211473
0.021707
0.0221688
0.0225522
0.0230138
0.0235566
0.0240889
0.0245947
0.025108
0.0256443
0.0262048
0.0267897
0.0273803
0.0279518
0.0285091
0.0290959
0.0297211
0.0303466
0.0309449
0.0315591
0.0322236
0.0329097
0.0335726
0.0342384
0.0349451
0.0356835
0.0364166
0.0371354
0.0378847
0.0386573
0.0394323
0.0402063
0.0410126
0.0418338
0.0426797
0.0435381
0.0444208
0.0453192
0.0462295
0.0471401
0.0480735
0.0490191
0.0499948
0.0509963
0.0520007
0.0530273
0.0540674
0.0551414
0.0562202
0.057338
0.0584652
0.0596252
0.0607962
0.0620025
0.0632394
0.0644828
0.0657687
0.0670711
0.0684054
0.0697722
0.0711455
0.0725561
0.073962
0.0754267
0.0769034
0.0783968
0.0799104
0.0814402
0.0829457
0.0844363
0.0858585
0.0869326
0.0117936
0.0122719
0.0135215
0.0147513
0.0153547
0.015269
0.0149236
0.0150187
0.0154505
0.0155397
0.0154512
0.0155476
0.0155225
0.0154377
0.0158316
0.01652
0.0168636
0.0168686
0.0170618
0.0176399
0.0182574
0.0185677
0.0186956
0.0189936
0.0195358
0.0200813
0.0204342
0.0207185
0.0211678
0.0217335
0.022202
0.0225783
0.023032
0.0235776
0.0241123
0.0246147
0.0251246
0.0256584
0.0262164
0.0268004
0.0273905
0.0279602
0.0285152
0.029101
0.0297282
0.0303557
0.0309529
0.0315645
0.0322292
0.0329177
0.0335797
0.0342416
0.0349479
0.0356892
0.0364211
0.0371366
0.0378865
0.0386607
0.0394356
0.0402096
0.0410169
0.0418383
0.0426835
0.0435409
0.0444229
0.0453201
0.0462297
0.0471417
0.0480758
0.0490212
0.0499977
0.0509988
0.0520022
0.053029
0.05407
0.0551445
0.0562232
0.0573409
0.058468
0.059628
0.060799
0.0620059
0.0632425
0.0644855
0.0657717
0.0670737
0.0684075
0.0697742
0.0711472
0.0725575
0.0739642
0.0754295
0.0769054
0.0783997
0.079914
0.0814461
0.082955
0.0844468
0.0858743
0.0869482
0.0117806
0.0121608
0.0134009
0.0147697
0.015476
0.0154126
0.0150255
0.0150268
0.0155275
0.0157645
0.0156046
0.0155857
0.0156217
0.0155787
0.0158926
0.0165369
0.0169235
0.0169607
0.0171133
0.0176442
0.0182974
0.0186582
0.0187533
0.0190062
0.019568
0.0201393
0.0204787
0.0207433
0.0211897
0.0217615
0.0222344
0.0226061
0.023052
0.0235985
0.0241365
0.0246358
0.0251413
0.025673
0.0262289
0.0268117
0.0274011
0.0279695
0.0285221
0.0291063
0.0297354
0.0303653
0.0309615
0.0315702
0.0322349
0.0329258
0.0335873
0.0342451
0.0349507
0.035695
0.0364259
0.0371381
0.0378883
0.0386644
0.0394391
0.0402128
0.0410213
0.041843
0.0426875
0.0435439
0.0444252
0.0453211
0.0462302
0.0471434
0.0480782
0.0490233
0.0500005
0.0510013
0.0520038
0.0530308
0.0540727
0.0551476
0.0562262
0.0573438
0.0584709
0.0596309
0.060802
0.0620094
0.0632458
0.0644883
0.0657747
0.0670764
0.0684098
0.0697763
0.0711489
0.0725591
0.0739664
0.0754325
0.0769075
0.0784028
0.079918
0.0814521
0.0829647
0.0844577
0.0858902
0.0869643
0.0118126
0.0120934
0.0132647
0.0147348
0.0155956
0.0155832
0.0151587
0.015042
0.0155425
0.0159594
0.0158139
0.0156444
0.0156769
0.0157082
0.0159872
0.0165724
0.0169667
0.0170392
0.0171847
0.0176623
0.0183157
0.0187412
0.0188336
0.0190217
0.019585
0.0202016
0.020535
0.0207664
0.0212091
0.0217927
0.0222677
0.0226336
0.0230739
0.0236201
0.0241611
0.0246581
0.0251584
0.0256875
0.0262424
0.026824
0.0274121
0.0279794
0.0285298
0.0291121
0.0297426
0.0303752
0.0309707
0.0315762
0.0322406
0.0329341
0.0335953
0.0342488
0.0349535
0.035701
0.036431
0.0371399
0.0378902
0.0386682
0.0394428
0.0402161
0.0410256
0.0418478
0.0426914
0.0435469
0.0444275
0.0453223
0.0462308
0.0471454
0.0480806
0.0490254
0.0500035
0.0510039
0.0520055
0.0530328
0.0540755
0.0551508
0.0562293
0.0573469
0.0584739
0.059634
0.060805
0.062013
0.0632491
0.0644912
0.0657778
0.0670792
0.0684122
0.0697785
0.0711507
0.0725608
0.0739688
0.0754356
0.0769097
0.078406
0.0799224
0.0814584
0.0829749
0.0844691
0.0859063
0.0869811
0.0118819
0.0120767
0.0131408
0.0146461
0.0156847
0.0157735
0.0153286
0.0150858
0.0155142
0.0160925
0.0160555
0.0157548
0.0157091
0.0158018
0.0160954
0.0166399
0.0170128
0.0170947
0.0172574
0.0177068
0.0183274
0.0188017
0.0189294
0.0190539
0.0195856
0.0202574
0.0206075
0.020794
0.0212216
0.0218257
0.0223054
0.0226601
0.0230955
0.0236435
0.0241865
0.0246813
0.0251761
0.0257019
0.0262564
0.0268375
0.0274239
0.0279897
0.0285384
0.0291186
0.0297498
0.0303852
0.0309805
0.0315826
0.0322463
0.0329425
0.0336037
0.0342528
0.0349564
0.0357072
0.0364365
0.0371419
0.0378924
0.0386723
0.0394467
0.0402194
0.0410301
0.0418526
0.0426955
0.04355
0.04443
0.0453237
0.0462317
0.0471475
0.0480831
0.0490275
0.0500065
0.0510066
0.0520073
0.0530348
0.0540783
0.0551541
0.0562326
0.0573501
0.058477
0.0596371
0.0608082
0.0620168
0.0632525
0.0644941
0.0657811
0.067082
0.0684146
0.0697808
0.0711526
0.0725626
0.0739712
0.0754388
0.0769121
0.0784095
0.0799272
0.0814648
0.0829855
0.0844809
0.0859227
0.0869984
0.0119798
0.0121064
0.0130514
0.0145255
0.0157192
0.0159633
0.0155348
0.0151749
0.0154712
0.0161481
0.0162934
0.0159314
0.0157492
0.0158534
0.0161912
0.0167335
0.0170829
0.0171373
0.0173107
0.0177713
0.0183537
0.0188371
0.0190224
0.0191128
0.0195808
0.0202945
0.0206924
0.0208355
0.0212264
0.0218548
0.02235
0.0226884
0.0231144
0.023668
0.024214
0.0247054
0.0251946
0.0257164
0.0262704
0.0268521
0.0274368
0.0280005
0.0285476
0.0291257
0.0297573
0.0303954
0.0309909
0.0315896
0.0322521
0.0329511
0.0336125
0.0342571
0.0349593
0.0357136
0.0364423
0.0371442
0.0378946
0.0386766
0.0394508
0.0402228
0.0410345
0.0418576
0.0426996
0.0435532
0.0444327
0.0453252
0.0462327
0.0471498
0.0480856
0.0490296
0.0500096
0.0510094
0.0520093
0.0530371
0.0540813
0.0551575
0.0562358
0.0573535
0.0584803
0.0596404
0.0608116
0.0620206
0.063256
0.0644972
0.0657844
0.067085
0.0684171
0.0697834
0.0711546
0.0725646
0.0739738
0.0754423
0.0769148
0.078413
0.0799325
0.0814716
0.0829964
0.0844932
0.0859391
0.0870163
0.0120973
0.0121756
0.0130059
0.0144003
0.0156948
0.0161267
0.0157658
0.0153172
0.0154448
0.0161335
0.0164882
0.0161612
0.0158301
0.0158791
0.0162521
0.0168317
0.0171887
0.017191
0.0173348
0.0178324
0.0184101
0.018865
0.0190939
0.0191928
0.0195876
0.0203084
0.0207772
0.0208985
0.0212297
0.0218735
0.0224
0.0227229
0.02313
0.0236907
0.0242446
0.0247313
0.0252133
0.0257308
0.0262843
0.0268677
0.0274512
0.0280121
0.0285573
0.0291335
0.0297651
0.0304057
0.0310018
0.031597
0.032258
0.0329598
0.0336219
0.0342616
0.0349621
0.0357203
0.0364487
0.0371467
0.037897
0.0386813
0.0394551
0.0402262
0.0410391
0.0418626
0.0427037
0.0435565
0.0444355
0.0453269
0.046234
0.0471523
0.0480882
0.0490318
0.0500127
0.0510123
0.0520113
0.0530394
0.0540844
0.055161
0.0562392
0.0573569
0.0584837
0.0596438
0.060815
0.0620246
0.0632597
0.0645004
0.0657879
0.067088
0.0684198
0.0697861
0.0711567
0.0725667
0.0739765
0.0754458
0.0769176
0.0784168
0.0799382
0.0814785
0.0830077
0.084506
0.0859558
0.0870347
0.0122207
0.0122789
0.013003
0.0142916
0.0156269
0.016243
0.0160011
0.0155099
0.0154623
0.0160758
0.0166106
0.0164122
0.0159729
0.0159056
0.0162725
0.0169083
0.0173205
0.0172804
0.017343
0.0178646
0.0184884
0.018911
0.0191401
0.0192731
0.0196192
0.0203093
0.0208475
0.0209818
0.0212425
0.0218789
0.0224496
0.0227675
0.023145
0.0237086
0.0242773
0.024761
0.0252329
0.0257449
0.0262977
0.0268837
0.0274672
0.0280249
0.0285674
0.0291416
0.0297732
0.0304163
0.031013
0.0316049
0.0322641
0.0329687
0.0336318
0.0342666
0.0349648
0.035727
0.0364557
0.0371495
0.0378993
0.0386861
0.0394597
0.0402296
0.0410437
0.0418678
0.0427079
0.0435599
0.0444385
0.0453287
0.0462355
0.047155
0.0480909
0.049034
0.050016
0.0510152
0.0520136
0.0530419
0.0540875
0.0551646
0.0562427
0.0573605
0.0584873
0.0596473
0.0608187
0.0620287
0.0632634
0.0645037
0.0657915
0.0670912
0.0684225
0.069789
0.0711588
0.072569
0.0739794
0.0754495
0.0769207
0.0784207
0.0799444
0.0814858
0.0830193
0.0845194
0.0859726
0.0870534
0.012331
0.0124109
0.0130412
0.0142113
0.0155348
0.0163061
0.0162172
0.0157371
0.0155399
0.0160095
0.0166538
0.0166463
0.0161754
0.0159632
0.0162673
0.016942
0.0174531
0.0174183
0.017364
0.017855
0.0185605
0.0189935
0.0191815
0.0193327
0.0196701
0.0203154
0.0208954
0.0210733
0.021275
0.0218755
0.022491
0.0228222
0.0231642
0.0237203
0.0243089
0.0247954
0.0252547
0.0257586
0.0263106
0.0268997
0.0274845
0.0280394
0.0285783
0.02915
0.0297815
0.0304274
0.0310249
0.031613
0.0322702
0.0329777
0.0336422
0.0342721
0.0349674
0.0357338
0.0364633
0.0371529
0.0379016
0.038691
0.0394646
0.0402332
0.0410483
0.0418731
0.0427123
0.0435633
0.0444416
0.0453308
0.0462372
0.0471579
0.0480936
0.0490363
0.0500192
0.0510183
0.052016
0.0530446
0.0540908
0.0551683
0.0562462
0.0573642
0.0584909
0.059651
0.0608225
0.0620329
0.0632672
0.0645072
0.0657951
0.0670945
0.0684254
0.069792
0.071161
0.0725714
0.0739824
0.0754533
0.0769242
0.0784247
0.079951
0.0814934
0.0830312
0.0845334
0.0859896
0.0870726
0.0124076
0.012559
0.0131199
0.014167
0.0154361
0.0163222
0.0163971
0.0159762
0.0156776
0.0159692
0.0166335
0.0168286
0.0164135
0.0160744
0.0162615
0.0169292
0.0175573
0.0175941
0.0174274
0.0178176
0.0185952
0.0191034
0.0192479
0.0193682
0.0197184
0.0203404
0.0209299
0.0211576
0.0213281
0.0218736
0.0225195
0.0228827
0.0231922
0.0237273
0.0243362
0.0248337
0.0252806
0.0257722
0.0263223
0.0269154
0.0275028
0.0280559
0.0285905
0.0291585
0.0297897
0.030439
0.0310376
0.0316216
0.0322763
0.0329868
0.0336533
0.034278
0.0349698
0.0357403
0.0364716
0.0371569
0.0379039
0.0386959
0.0394698
0.0402369
0.041053
0.0418786
0.0427167
0.0435667
0.0444449
0.0453331
0.0462392
0.0471609
0.0480964
0.0490387
0.0500226
0.0510214
0.0520186
0.0530474
0.0540942
0.0551721
0.0562499
0.057368
0.0584947
0.0596547
0.0608264
0.0620373
0.063271
0.0645108
0.0657989
0.0670979
0.0684283
0.0697953
0.0711632
0.0725739
0.0739857
0.0754572
0.0769279
0.078429
0.0799581
0.0815015
0.0830432
0.0845479
0.0860069
0.087092
0.0124377
0.0127029
0.0132321
0.0141654
0.0153473
0.0163014
0.0165349
0.0162052
0.0158591
0.015979
0.0165792
0.0169411
0.0166549
0.0162419
0.0162835
0.0168859
0.0176096
0.01778
0.0175518
0.017784
0.0185749
0.0192083
0.0193598
0.0194035
0.0197421
0.0203784
0.0209699
0.0212272
0.0213919
0.021883
0.0225364
0.0229421
0.0232312
0.023733
0.0243572
0.024874
0.0253117
0.0257876
0.0263329
0.0269301
0.0275215
0.0280742
0.0286045
0.0291673
0.0297975
0.030451
0.0310511
0.0316308
0.0322823
0.0329959
0.0336651
0.0342848
0.034972
0.0357466
0.0364804
0.0371615
0.0379064
0.0387009
0.0394753
0.0402408
0.0410577
0.0418841
0.0427213
0.0435702
0.0444483
0.0453356
0.0462415
0.0471642
0.0480993
0.0490411
0.0500259
0.0510246
0.0520215
0.0530504
0.0540976
0.0551761
0.0562536
0.057372
0.0584986
0.0596586
0.0608305
0.0620417
0.0632749
0.0645145
0.0658027
0.0671014
0.0684314
0.0697987
0.0711656
0.0725766
0.0739893
0.0754611
0.076932
0.0784334
0.0799656
0.0815099
0.0830554
0.0845629
0.0860243
0.0871118
0.0124224
0.0128217
0.0133628
0.0142076
0.0152852
0.0162563
0.0166313
0.0164105
0.0160619
0.0160455
0.0165234
0.0169866
0.0168671
0.0164483
0.0163534
0.016838
0.0176036
0.017943
0.0177321
0.0177891
0.0185121
0.0192724
0.0195064
0.0194712
0.0197382
0.0204041
0.0210278
0.0212922
0.0214528
0.0219059
0.0225495
0.0229952
0.0232801
0.0237413
0.0243706
0.0249139
0.025348
0.0258055
0.0263433
0.0269438
0.0275399
0.0280938
0.0286209
0.0291769
0.0298044
0.030463
0.031066
0.0316408
0.032288
0.0330045
0.0336777
0.0342927
0.0349741
0.0357525
0.0364899
0.0371669
0.0379089
0.0387059
0.0394808
0.0402449
0.0410626
0.0418898
0.0427261
0.0435738
0.0444518
0.0453382
0.0462439
0.0471677
0.0481024
0.0490436
0.0500293
0.0510278
0.0520245
0.0530535
0.0541011
0.0551801
0.0562575
0.0573761
0.0585027
0.0596626
0.0608348
0.0620464
0.0632789
0.0645184
0.0658066
0.067105
0.0684347
0.0698023
0.0711682
0.0725794
0.0739932
0.0754651
0.0769365
0.0784381
0.0799733
0.0815189
0.0830677
0.0845783
0.086042
0.0871317
0.0123777
0.0129042
0.0134934
0.0142821
0.0152612
0.0162036
0.0166894
0.0165871
0.0162663
0.0161592
0.0164936
0.0169833
0.01703
0.0166691
0.0164743
0.016813
0.017553
0.0180538
0.0179409
0.0178577
0.0184397
0.0192745
0.0196532
0.019595
0.0197345
0.0203933
0.0210938
0.0213714
0.0215053
0.0219332
0.0225664
0.0230415
0.0233355
0.023756
0.0243765
0.0249511
0.0253896
0.0258262
0.0263536
0.026957
0.0275576
0.0281138
0.0286395
0.0291884
0.0298107
0.0304743
0.0310819
0.0316521
0.0322937
0.0330125
0.033691
0.0343018
0.034976
0.0357577
0.0364999
0.0371732
0.0379117
0.038711
0.0394867
0.040249
0.0410675
0.0418957
0.0427309
0.0435774
0.0444555
0.045341
0.0462467
0.0471715
0.0481056
0.0490463
0.0500327
0.0510313
0.0520278
0.0530567
0.0541046
0.0551843
0.0562614
0.0573804
0.0585068
0.0596666
0.0608392
0.0620511
0.063283
0.0645226
0.0658106
0.0671088
0.0684381
0.0698059
0.0711708
0.0725823
0.0739974
0.0754692
0.0769413
0.0784432
0.0799814
0.0815284
0.0830802
0.0845942
0.0860601
0.0871517
0.0123225
0.0129534
0.0136104
0.0143733
0.0152744
0.0161618
0.0167156
0.0167323
0.0164594
0.0163015
0.0165048
0.0169561
0.0171385
0.0168805
0.0166342
0.0168313
0.017485
0.0180987
0.0181433
0.017991
0.0183933
0.019223
0.0197616
0.019765
0.0197687
0.0203439
0.0211392
0.0214768
0.0215616
0.0219528
0.0225874
0.0230849
0.0233933
0.02378
0.0243768
0.0249818
0.0254375
0.025851
0.026363
0.0269707
0.0275753
0.0281331
0.0286599
0.0292025
0.0298171
0.0304844
0.0310985
0.031665
0.0322992
0.0330195
0.0337048
0.0343127
0.0349782
0.035762
0.0365103
0.0371803
0.0379144
0.0387161
0.0394929
0.0402534
0.0410723
0.0419018
0.0427361
0.043581
0.0444593
0.0453441
0.0462495
0.0471754
0.048109
0.049049
0.050036
0.0510347
0.0520315
0.0530601
0.0541083
0.0551885
0.0562654
0.0573849
0.0585111
0.0596709
0.0608438
0.0620559
0.0632871
0.0645269
0.0658146
0.0671126
0.0684418
0.0698097
0.0711738
0.0725853
0.0740019
0.0754733
0.0769463
0.0784487
0.0799896
0.0815384
0.0830928
0.0846104
0.0860784
0.0871719
0.0122696
0.0129787
0.0137099
0.0144691
0.0153138
0.0161435
0.0167229
0.016845
0.0166355
0.0164553
0.0165559
0.0169286
0.0171969
0.0170644
0.0168149
0.0168975
0.0174291
0.0180861
0.0183067
0.0181688
0.0184003
0.0191488
0.019807
0.0199442
0.0198684
0.0202864
0.0211348
0.0215967
0.0216439
0.0219622
0.0226038
0.0231298
0.0234515
0.0238137
0.0243757
0.0250013
0.0254897
0.0258837
0.02637
0.0269836
0.027595
0.0281511
0.02868
0.0292195
0.0298248
0.0304931
0.0311151
0.0316801
0.0323055
0.0330251
0.0337186
0.0343252
0.0349808
0.0357656
0.0365212
0.0371885
0.0379173
0.0387212
0.0394995
0.0402579
0.0410771
0.041908
0.0427414
0.0435846
0.0444633
0.0453475
0.0462527
0.0471794
0.0481127
0.049052
0.0500392
0.0510382
0.0520354
0.0530637
0.054112
0.055193
0.0562695
0.0573894
0.0585155
0.0596752
0.0608486
0.062061
0.0632913
0.0645313
0.0658187
0.0671165
0.0684457
0.0698135
0.0711769
0.0725883
0.0740068
0.0754776
0.0769515
0.0784546
0.079998
0.0815489
0.0831056
0.0846269
0.086097
0.0871922
0.0122256
0.0129882
0.013791
0.0145646
0.0153685
0.01615
0.0167273
0.0169283
0.0167913
0.0166086
0.0166361
0.0169183
0.017218
0.01721
0.0169994
0.017002
0.0174074
0.0180402
0.0184113
0.0183612
0.018468
0.0190859
0.0197951
0.0200921
0.020027
0.0202621
0.021074
0.0216975
0.0217661
0.0219761
0.0226041
0.0231752
0.0235117
0.0238553
0.0243793
0.0250082
0.0255402
0.0259289
0.0263767
0.0269919
0.0276186
0.0281701
0.0286977
0.0292385
0.0298352
0.0305009
0.0311305
0.0316968
0.0323131
0.0330296
0.0337321
0.0343395
0.034984
0.035768
0.0365323
0.0371976
0.0379202
0.038726
0.0395066
0.040263
0.0410817
0.0419142
0.0427471
0.0435882
0.0444672
0.0453511
0.046256
0.0471836
0.0481165
0.0490551
0.0500423
0.051042
0.0520398
0.0530673
0.0541156
0.0551975
0.0562736
0.0573943
0.05852
0.0596797
0.0608534
0.0620661
0.0632956
0.0645361
0.065823
0.0671206
0.0684499
0.0698173
0.0711802
0.0725915
0.0740119
0.075482
0.0769569
0.0784612
0.0800065
0.0815598
0.0831188
0.0846435
0.0861158
0.0872126
0.0121961
0.0129903
0.013854
0.0146568
0.0154323
0.0161744
0.016739
0.0169895
0.0169242
0.0167548
0.0167324
0.0169326
0.0172196
0.017313
0.017173
0.0171313
0.017426
0.017988
0.0184554
0.0185358
0.0185836
0.0190598
0.0197525
0.0201834
0.0202096
0.0203045
0.0209866
0.0217447
0.0219176
0.022019
0.0225857
0.0232115
0.0235759
0.0239029
0.0243914
0.0250054
0.0255799
0.0259869
0.0263901
0.0269909
0.0276436
0.0281951
0.0287123
0.0292563
0.0298492
0.0305093
0.0311443
0.0317144
0.0323222
0.0330331
0.0337448
0.0343556
0.0349882
0.0357696
0.0365437
0.0372079
0.0379231
0.0387304
0.0395141
0.0402687
0.0410862
0.0419203
0.0427531
0.043592
0.0444714
0.045355
0.0462595
0.0471879
0.0481206
0.0490585
0.0500453
0.0510457
0.0520444
0.0530711
0.0541194
0.0552022
0.0562778
0.0573992
0.0585246
0.0596843
0.0608585
0.0620713
0.0632998
0.0645407
0.0658274
0.0671246
0.0684546
0.0698211
0.0711838
0.0725949
0.0740173
0.0754867
0.0769623
0.0784683
0.0800151
0.0815711
0.0831323
0.0846603
0.0861348
0.087233
0.0121825
0.0129937
0.0139019
0.0147415
0.0155024
0.0162091
0.01676
0.0170379
0.0170341
0.0168901
0.016835
0.0169693
0.0172186
0.0173773
0.0173236
0.0172732
0.0174814
0.0179541
0.018456
0.0186694
0.0187253
0.0190784
0.0197073
0.0202188
0.020375
0.0204148
0.0209155
0.0217237
0.0220644
0.0221103
0.0225635
0.0232271
0.0236423
0.023957
0.0244139
0.0250008
0.0256028
0.0260508
0.0264186
0.0269807
0.0276616
0.0282298
0.0287283
0.0292694
0.0298658
0.0305206
0.0311571
0.0317321
0.0323329
0.0330365
0.0337568
0.0343729
0.0349933
0.03577
0.0365551
0.0372197
0.0379261
0.0387342
0.0395222
0.0402752
0.0410907
0.0419263
0.0427592
0.0435959
0.0444757
0.0453592
0.0462631
0.0471922
0.048125
0.0490619
0.0500482
0.0510498
0.0520493
0.0530749
0.0541232
0.055207
0.0562821
0.0574044
0.0585293
0.0596891
0.0608637
0.0620767
0.0633044
0.0645456
0.0658319
0.0671285
0.0684595
0.0698248
0.0711875
0.0725986
0.0740228
0.0754918
0.0769679
0.0784759
0.0800241
0.0815825
0.0831461
0.0846771
0.086154
0.0872535
0.0121959
0.0130082
0.0139421
0.0148146
0.0155761
0.0162509
0.0167881
0.0170818
0.0171248
0.0170131
0.0169377
0.0170207
0.0172247
0.0174128
0.017442
0.0174146
0.0175641
0.0179509
0.0184374
0.0187546
0.0188691
0.0191377
0.0196815
0.0202199
0.020496
0.0205637
0.0208984
0.0216548
0.0221681
0.0222447
0.0225623
0.0232171
0.0237014
0.0240176
0.0244458
0.0250024
0.0256107
0.0261103
0.0264684
0.0269708
0.0276631
0.0282701
0.0287534
0.0292761
0.0298799
0.0305363
0.0311704
0.0317487
0.0323441
0.03304
0.0337686
0.0343917
0.0349994
0.0357692
0.0365665
0.037233
0.0379292
0.0387371
0.0395305
0.0402825
0.0410952
0.0419321
0.0427654
0.0435999
0.0444802
0.0453636
0.046267
0.0471967
0.0481297
0.0490654
0.0500506
0.0510541
0.0520547
0.0530788
0.0541269
0.0552119
0.0562864
0.0574097
0.0585341
0.0596939
0.060869
0.0620819
0.0633091
0.0645505
0.0658368
0.0671326
0.0684649
0.0698287
0.0711913
0.0726026
0.0740281
0.0754972
0.0769736
0.078484
0.0800333
0.0815942
0.0831604
0.0846941
0.0861731
0.0872739
0.0122278
0.0130367
0.013983
0.0148768
0.0156481
0.0162991
0.0168188
0.0171235
0.0172005
0.0171232
0.0170382
0.0170802
0.0172407
0.0174319
0.0175263
0.0175424
0.0176619
0.0179773
0.0184215
0.0187988
0.0189938
0.019225
0.019684
0.0202105
0.0205696
0.0207137
0.0209462
0.0215788
0.0222063
0.0223927
0.0226033
0.0231927
0.0237419
0.0240817
0.0244843
0.0250119
0.0256091
0.0261547
0.0265347
0.0269756
0.027647
0.0283047
0.0287948
0.0292834
0.0298851
0.0305539
0.0311877
0.0317648
0.0323548
0.0330432
0.0337802
0.034412
0.0350067
0.0357671
0.0365776
0.0372482
0.0379329
0.0387389
0.0395389
0.0402907
0.0410999
0.0419378
0.0427717
0.0436038
0.0444848
0.0453685
0.0462709
0.0472011
0.0481347
0.0490693
0.050053
0.0510588
0.0520603
0.0530827
0.0541305
0.0552172
0.0562907
0.0574152
0.0585388
0.0596987
0.0608746
0.0620872
0.0633141
0.0645553
0.0658416
0.0671366
0.0684705
0.0698327
0.0711952
0.0726073
0.0740336
0.0755031
0.0769794
0.0784924
0.0800428
0.0816057
0.083175
0.0847111
0.0861922
0.0872943
0.0122716
0.01308
0.0140316
0.0149347
0.015715
0.0163523
0.0168508
0.0171613
0.0172629
0.0172183
0.0171344
0.0171434
0.0172651
0.017444
0.0175818
0.0176465
0.0177621
0.0180261
0.0184204
0.0188188
0.0190871
0.0193228
0.0197134
0.0202062
0.0206101
0.0208366
0.02104
0.0215339
0.0221878
0.0225184
0.0226893
0.0231757
0.0237593
0.0241443
0.0245301
0.0250304
0.0256064
0.0261806
0.0266039
0.0270034
0.0276233
0.0283201
0.0288488
0.0293044
0.0298806
0.030567
0.0312112
0.0317828
0.0323638
0.0330452
0.0337914
0.0344342
0.0350152
0.0357629
0.0365876
0.0372655
0.0379378
0.0387398
0.0395471
0.0402998
0.0411048
0.0419434
0.0427781
0.0436077
0.0444894
0.0453738
0.046275
0.0472055
0.04814
0.049073
0.0500547
0.0510638
0.0520665
0.0530867
0.0541342
0.0552225
0.0562954
0.0574208
0.058544
0.0597036
0.0608804
0.0620923
0.0633194
0.0645601
0.0658466
0.0671408
0.0684761
0.0698367
0.0711988
0.0726124
0.0740389
0.0755091
0.0769857
0.078501
0.0800528
0.0816175
0.0831899
0.0847283
0.086211
0.0873146
0.0123209
0.0131326
0.0140883
0.0149947
0.0157769
0.0164071
0.0168846
0.0171935
0.0173128
0.0172955
0.0172222
0.0172069
0.0172953
0.0174539
0.0176158
0.017725
0.0178534
0.0180881
0.0184368
0.0188306
0.0191504
0.0194155
0.0197639
0.0202149
0.0206362
0.0209261
0.0211499
0.02154
0.0221446
0.0225964
0.0228004
0.0231845
0.0237593
0.0241964
0.0245812
0.0250575
0.0256086
0.0261933
0.0266644
0.0270516
0.0276073
0.0283099
0.0288985
0.029347
0.0298751
0.0305664
0.0312385
0.0318082
0.0323723
0.033045
0.0338021
0.034459
0.0350267
0.0357568
0.0365954
0.0372845
0.037944
0.0387395
0.0395548
0.0403096
0.04111
0.041949
0.0427848
0.0436117
0.0444938
0.0453795
0.0462792
0.0472099
0.0481458
0.0490772
0.0500561
0.051069
0.0520729
0.0530906
0.0541378
0.0552278
0.0563005
0.0574263
0.0585492
0.0597085
0.0608866
0.0620976
0.063325
0.0645651
0.0658517
0.0671455
0.0684819
0.0698411
0.0712025
0.072618
0.0740442
0.0755151
0.0769922
0.0785096
0.0800629
0.0816291
0.0832049
0.0847456
0.0862298
0.0873347
0.0123734
0.0131909
0.0141512
0.0150583
0.0158353
0.0164585
0.0169188
0.0172201
0.017351
0.0173542
0.0172966
0.0172676
0.017329
0.0174657
0.0176364
0.017783
0.0179311
0.0181554
0.0184694
0.0188455
0.0191939
0.0194927
0.0198259
0.0202365
0.0206571
0.0209877
0.0212487
0.021587
0.022109
0.0226252
0.0229092
0.0232254
0.0237556
0.0242341
0.0246319
0.0250912
0.0256173
0.0261986
0.0267116
0.0271103
0.027612
0.0282868
0.0289282
0.0294069
0.0298836
0.0305492
0.0312577
0.0318429
0.0323837
0.0330399
0.0338095
0.0344863
0.0350424
0.0357495
0.0366004
0.0373056
0.037953
0.0387389
0.0395618
0.0403199
0.0411151
0.0419544
0.0427918
0.043616
0.0444979
0.0453854
0.0462836
0.0472141
0.0481518
0.0490813
0.0500573
0.0510747
0.05208
0.0530946
0.0541415
0.055233
0.0563052
0.0574317
0.0585546
0.0597132
0.0608926
0.0621025
0.0633305
0.06457
0.0658567
0.0671505
0.0684874
0.0698456
0.0712063
0.0726242
0.0740497
0.0755214
0.0769995
0.0785186
0.0800735
0.0816409
0.0832199
0.0847629
0.0862481
0.0873543
0.0124315
0.0132542
0.0142182
0.0151247
0.0158929
0.0165047
0.0169506
0.0172408
0.0173776
0.0173949
0.0173527
0.0173196
0.0173602
0.0174771
0.0176458
0.0178218
0.0179931
0.0182186
0.0185129
0.0188675
0.0192273
0.019552
0.0198885
0.02027
0.0206781
0.0210335
0.0213262
0.021652
0.0221004
0.0226216
0.0229927
0.0232897
0.0237611
0.0242607
0.0246785
0.0251297
0.0256354
0.026202
0.0267456
0.0271688
0.0276359
0.0282667
0.0289328
0.029467
0.0299194
0.0305293
0.0312591
0.0318839
0.0324063
0.0330314
0.0338095
0.0345146
0.0350634
0.0357407
0.0366
0.0373266
0.0379645
0.0387381
0.0395679
0.0403308
0.0411206
0.0419596
0.0427993
0.0436209
0.0445017
0.0453916
0.0462885
0.0472183
0.0481582
0.0490856
0.0500581
0.0510801
0.052087
0.0530985
0.0541453
0.0552384
0.0563114
0.0574373
0.0585603
0.0597184
0.060899
0.0621078
0.0633363
0.0645751
0.0658615
0.0671559
0.068493
0.0698501
0.0712101
0.0726303
0.0740551
0.0755274
0.0770071
0.0785275
0.0800841
0.0816528
0.0832351
0.0847805
0.0862664
0.0873739
0.0124977
0.0133221
0.0142878
0.0151932
0.0159501
0.0165463
0.0169758
0.0172527
0.0173902
0.0174168
0.0173866
0.0173562
0.0173833
0.0174852
0.0176473
0.0178433
0.0180401
0.0182729
0.0185601
0.0188972
0.0192579
0.0195986
0.0199436
0.0203113
0.0207024
0.0210718
0.0213875
0.0217171
0.0221196
0.0226094
0.0230417
0.0233607
0.0237807
0.02428
0.024718
0.025167
0.0256611
0.0262078
0.0267676
0.0272225
0.0276727
0.0282598
0.0289222
0.0295086
0.0299755
0.0305236
0.0312391
0.031918
0.0324461
0.0330274
0.0337998
0.0345426
0.0350938
0.0357343
0.0365942
0.0373473
0.0379794
0.0387372
0.0395723
0.0403416
0.0411255
0.0419639
0.0428069
0.0436262
0.0445049
0.0453975
0.0462932
0.0472221
0.048165
0.0490901
0.0500589
0.0510859
0.0520945
0.0531025
0.0541491
0.0552435
0.056316
0.0574423
0.0585656
0.0597234
0.060905
0.0621129
0.0633419
0.0645803
0.0658662
0.0671615
0.0684983
0.0698548
0.0712144
0.0726368
0.0740607
0.0755333
0.077015
0.0785362
0.0800944
0.0816645
0.0832495
0.0847974
0.0862839
0.0873925
0.0125755
0.0133958
0.0143583
0.0152589
0.0160022
0.0165751
0.0169826
0.0172431
0.0173793
0.017413
0.0173933
0.0173706
0.0173932
0.0174874
0.0176453
0.0178539
0.0180759
0.0183212
0.0186088
0.0189349
0.0192906
0.0196384
0.0199887
0.0203527
0.0207291
0.021104
0.0214377
0.0217729
0.0221544
0.0226055
0.0230643
0.0234253
0.0238163
0.0242989
0.0247524
0.0252013
0.0256898
0.0262185
0.0267783
0.0272661
0.0277151
0.0282655
0.0289104
0.0295274
0.0300345
0.0305444
0.0312092
0.0319295
0.0324968
0.0330349
0.0337775
0.0345624
0.0351329
0.0357324
0.0365825
0.0373666
0.0379998
0.0387388
0.0395767
0.0403541
0.0411317
0.0419678
0.0428157
0.043633
0.0445086
0.0454038
0.0462983
0.0472259
0.0481724
0.0490946
0.0500595
0.0510914
0.0521019
0.0531066
0.0541532
0.0552487
0.0563234
0.057448
0.0585718
0.0597295
0.0609114
0.0621186
0.0633477
0.0645861
0.0658714
0.067168
0.0685038
0.0698595
0.0712191
0.0726435
0.0740668
0.0755397
0.077024
0.0785457
0.0801054
0.0816771
0.0832648
0.0848148
0.0863018
0.0874114
0.0126733
0.0134834
0.0144386
0.0153293
0.0160576
0.0166029
0.0169796
0.0172054
0.0173368
0.0173734
0.0173616
0.0173503
0.0173781
0.0174745
0.0176334
0.017851
0.0180967
0.0183604
0.0186546
0.018976
0.0193249
0.0196738
0.0200244
0.0203882
0.0207563
0.0211311
0.0214796
0.0218194
0.0221917
0.0226127
0.023071
0.0234736
0.0238616
0.0243214
0.0247832
0.025235
0.0257197
0.0262368
0.0267855
0.0272995
0.0277609
0.0282794
0.0289017
0.0295305
0.0300784
0.0305874
0.0311882
0.0319141
0.0325478
0.0330642
0.0337481
0.0345673
0.0351779
0.0357362
0.0365613
0.0373781
0.0380215
0.0387397
0.0395767
0.0403646
0.0411364
0.0419689
0.0428235
0.04364
0.044511
0.0454088
0.0463026
0.0472288
0.0481801
0.0490996
0.0500601
0.0510966
0.052109
0.0531109
0.0541572
0.0552541
0.0563278
0.0574524
0.0585765
0.059735
0.0609169
0.0621237
0.0633528
0.064591
0.0658758
0.0671737
0.0685085
0.0698635
0.071224
0.0726494
0.0740718
0.0755449
0.0770319
0.0785541
0.0801149
0.0816885
0.0832784
0.0848309
0.0863185
0.0874287
0.0127843
0.0135636
0.0144945
0.0153635
0.0160792
0.0166123
0.0169726
0.0171905
0.0172869
0.0173092
0.0173013
0.017305
0.0173474
0.0174562
0.0176256
0.0178532
0.0181194
0.0184029
0.0187075
0.019027
0.0193672
0.0197118
0.020058
0.0204202
0.020785
0.0211584
0.0215177
0.021863
0.0222312
0.0226323
0.0230776
0.023508
0.0239116
0.0243521
0.0248125
0.0252694
0.0257484
0.0262595
0.0267954
0.027324
0.0278098
0.0283059
0.0289015
0.029533
0.0301069
0.0306404
0.0311957
0.0318816
0.0325827
0.0331203
0.0337268
0.0345561
0.0352311
0.0357585
0.03654
0.0373866
0.0380515
0.0387476
0.0395781
0.0403777
0.0411442
0.0419704
0.0428325
0.0436498
0.0445156
0.0454147
0.0463075
0.0472318
0.0481881
0.049105
0.050061
0.0511011
0.052116
0.053116
0.0541612
0.0552602
0.0563346
0.057458
0.0585827
0.0597423
0.060923
0.0621295
0.063359
0.0645972
0.0658818
0.0671809
0.0685141
0.0698683
0.0712301
0.0726567
0.0740783
0.0755519
0.0770417
0.0785641
0.0801256
0.0817013
0.0832935
0.0848475
0.0863355
0.0874465
0.0129811
0.0137116
0.014581
0.0153829
0.0160343
0.016507
0.0168104
0.0169868
0.0170743
0.0171373
0.0171576
0.0171889
0.017261
0.0173979
0.0175951
0.0178404
0.0181258
0.0184262
0.0187416
0.0190613
0.0193922
0.0197315
0.020072
0.0204319
0.0207968
0.0211708
0.0215389
0.0218917
0.0222608
0.0226496
0.0230804
0.0235243
0.0239493
0.024384
0.0248365
0.0252986
0.025772
0.0262762
0.0268045
0.0273338
0.0278457
0.0283371
0.0288999
0.029531
0.0301181
0.0306774
0.0312267
0.031848
0.0325792
0.0331834
0.0337205
0.0345168
0.0352698
0.0357922
0.0365118
0.0373786
0.0380792
0.0387565
0.0395746
0.0403871
0.041151
0.0419687
0.0428384
0.0436589
0.0445196
0.0454188
0.0463104
0.0472337
0.048196
0.0491116
0.0500623
0.0511042
0.0521219
0.0531217
0.0541646
0.0552555
0.0563387
0.0574618
0.0585872
0.0597493
0.0609285
0.0621343
0.063364
0.0646019
0.0658865
0.0671863
0.0685184
0.0698717
0.0712354
0.072662
0.0740825
0.075557
0.0770496
0.0785725
0.0801345
0.0817124
0.0833066
0.0848625
0.0863512
0.0874626
0.0132338
0.0139304
0.0147505
0.0154937
0.0160791
0.0164889
0.016733
0.0168528
0.0168973
0.0169263
0.0169786
0.0170616
0.0171855
0.0173623
0.017592
0.0178543
0.0181493
0.0184565
0.0187752
0.0190964
0.0194185
0.0197533
0.0200887
0.0204446
0.0208103
0.0211845
0.021561
0.0219232
0.0222971
0.0226795
0.0230964
0.0235416
0.0239804
0.0244208
0.0248671
0.0253293
0.0258019
0.0262962
0.0268224
0.0273492
0.0278758
0.0283818
0.0289116
0.0295314
0.0301307
0.0306985
0.0312722
0.0318479
0.0325526
0.0332396
0.0337561
0.0344757
0.0352923
0.0358499
0.0364975
0.0373607
0.0381082
0.0387735
0.0395721
0.0403964
0.041161
0.0419676
0.0428431
0.04367
0.0445268
0.0454245
0.0463137
0.0472353
0.048203
0.049119
0.0500648
0.0511063
0.0521273
0.053129
0.0541686
0.0552627
0.0563456
0.0574668
0.0585923
0.0597566
0.0609341
0.0621391
0.0633697
0.0646079
0.065893
0.067193
0.0685233
0.0698765
0.0712423
0.0726691
0.0740885
0.0755641
0.077059
0.0785817
0.080144
0.0817243
0.0833204
0.0848775
0.0863666
0.0874788
0.0134016
0.0139008
0.0145105
0.0150715
0.0155336
0.0158996
0.01617
0.0163826
0.0165515
0.0166605
0.0167806
0.0169489
0.0171559
0.017382
0.0176341
0.0178994
0.018184
0.0184827
0.0187922
0.0191114
0.0194264
0.0197568
0.0200902
0.0204426
0.0208109
0.021185
0.0215697
0.0219433
0.0223237
0.0227073
0.0231147
0.0235561
0.0239995
0.0244482
0.0248965
0.0253523
0.0258257
0.0263103
0.0268312
0.0273614
0.0278887
0.0284167
0.0289324
0.0295272
0.0301418
0.0307066
0.0313015
0.0318745
0.0325194
0.0332543
0.0338088
0.0344436
0.0352786
0.0359082
0.0364996
0.0373308
0.03813
0.0387975
0.0395711
0.0404036
0.0411734
0.041968
0.0428446
0.0436797
0.0445345
0.0454295
0.0463162
0.0472349
0.0482085
0.0491286
0.0500684
0.0511055
0.0521305
0.0531368
0.0541731
0.0552656
0.0563514
0.0574717
0.0585982
0.0597653
0.0609407
0.0621446
0.0633754
0.0646133
0.065899
0.0671989
0.0685275
0.0698804
0.0712484
0.0726744
0.0740923
0.0755701
0.0770674
0.0785906
0.080153
0.0817353
0.0833334
0.0848915
0.0863812
0.0874936
0.0151098
0.0150389
0.0148662
0.0147547
0.0147599
0.0148856
0.0151106
0.0153944
0.0157187
0.0161178
0.0165248
0.0168753
0.0171694
0.0174287
0.0176845
0.0179438
0.0182107
0.0184955
0.0187915
0.019107
0.0194225
0.0197501
0.020086
0.0204355
0.0208069
0.021181
0.0215703
0.0219556
0.0223408
0.0227303
0.0231324
0.0235686
0.0240136
0.0244674
0.0249244
0.0253758
0.0258494
0.0263306
0.0268416
0.0273779
0.0279022
0.0284421
0.0289619
0.0295242
0.0301438
0.030713
0.0313126
0.031911
0.0325082
0.0332402
0.0338621
0.0344419
0.0352455
0.0359543
0.0365225
0.0372961
0.0381349
0.0388211
0.0395683
0.0404031
0.0411833
0.0419682
0.0428419
0.0436869
0.0445432
0.045436
0.0463206
0.0472336
0.04821
0.0491404
0.0500755
0.0511028
0.0521331
0.0531475
0.0541766
0.0552684
0.0563568
0.0574748
0.0586019
0.0597714
0.0609442
0.0621473
0.06338
0.064618
0.0659043
0.0672041
0.0685307
0.0698843
0.0712547
0.0726802
0.0740969
0.075576
0.0770752
0.0785977
0.0801606
0.081745
0.0833449
0.0849039
0.0863942
0.0875074
0.0149012
0.0146359
0.0143081
0.0140996
0.0140589
0.0142087
0.0145397
0.0149944
0.0155168
0.0160056
0.0164434
0.0168239
0.0171579
0.0174539
0.0177254
0.0179906
0.0182542
0.0185304
0.0188181
0.0191243
0.0194404
0.0197629
0.0200985
0.0204436
0.020811
0.0211848
0.0215709
0.0219643
0.022353
0.0227523
0.0231548
0.0235849
0.0240332
0.0244862
0.0249498
0.0253989
0.0258705
0.0263523
0.0268516
0.0273919
0.0279177
0.028461
0.0289965
0.0295351
0.0301439
0.0307281
0.0313205
0.0319448
0.032527
0.0332152
0.0338954
0.0344708
0.0352101
0.0359793
0.0365704
0.0372784
0.0381319
0.0388539
0.0395789
0.0404055
0.0411997
0.0419758
0.0428407
0.0436936
0.0445516
0.0454432
0.0463271
0.0472307
0.0482076
0.049153
0.050086
0.0510964
0.0521317
0.0531578
0.0541832
0.0552701
0.0563636
0.057481
0.0586102
0.0597831
0.060952
0.0621533
0.0633878
0.0646256
0.0659113
0.0672105
0.0685357
0.0698893
0.0712613
0.0726856
0.0741009
0.0755829
0.0770839
0.0786067
0.0801696
0.0817558
0.0833572
0.0849163
0.0864073
0.0875208
0.0157132
0.015405
0.0149742
0.0146153
0.0143962
0.0143581
0.0144949
0.0147755
0.0151347
0.0155452
0.0159698
0.0163946
0.0168064
0.0171908
0.0175416
0.0178718
0.0181901
0.0185018
0.0188127
0.0191279
0.0194518
0.0197767
0.0201102
0.0204519
0.0208083
0.0211796
0.0215566
0.0219492
0.0223419
0.0227498
0.0231629
0.0235893
0.0240445
0.0244951
0.0249592
0.0254134
0.0258825
0.0263707
0.0268607
0.0273984
0.027929
0.028467
0.0290165
0.0295449
0.0301322
0.0307315
0.0313194
0.031956
0.0325537
0.0331932
0.0338949
0.0345082
0.0351845
0.0359668
0.0366143
0.0372708
0.038103
0.0388702
0.039585
0.0403941
0.0412095
0.0419808
0.0428331
0.0436977
0.0445561
0.0454498
0.0463393
0.0472263
0.0481991
0.0491685
0.0501004
0.0510894
0.0521293
0.0531709
0.0541901
0.0552706
0.0563665
0.0574821
0.0586125
0.0597887
0.0609535
0.0621532
0.0633909
0.0646299
0.0659149
0.0672134
0.0685378
0.0698928
0.0712665
0.0726898
0.0741042
0.0755875
0.0770899
0.0786117
0.080175
0.0817632
0.0833659
0.0849257
0.0864174
0.0875316
0.0137067
0.0140652
0.0145108
0.0148949
0.0152006
0.0154175
0.0155483
0.0156029
0.0156756
0.0158169
0.0160367
0.0163322
0.0166876
0.0170692
0.0174525
0.0178231
0.0181776
0.0185171
0.0188434
0.0191647
0.0194878
0.0198147
0.0201439
0.0204815
0.0208266
0.0211892
0.0215587
0.021942
0.0223402
0.0227523
0.0231797
0.0236098
0.0240651
0.0245153
0.0249686
0.0254317
0.0258978
0.0263898
0.0268806
0.0274061
0.0279465
0.0284772
0.0290342
0.0295692
0.0301311
0.0307398
0.0313286
0.0319621
0.0325844
0.0331945
0.0338817
0.0345416
0.035192
0.0359439
0.0366509
0.0373011
0.0380803
0.0388852
0.039612
0.0403862
0.041224
0.0419972
0.0428246
0.043704
0.0445616
0.04545
0.0463562
0.0472247
0.048183
0.0491836
0.0501195
0.0510788
0.0521232
0.0531828
0.0541979
0.0552736
0.0563735
0.0574888
0.0586219
0.0598025
0.0609628
0.0621595
0.0633991
0.0646388
0.0659227
0.0672193
0.0685423
0.0698977
0.0712728
0.0726944
0.0741077
0.075594
0.0770976
0.07862
0.0801829
0.0817724
0.0833764
0.084936
0.0864281
0.0875426
0.0157677
0.0154543
0.0149842
0.0145517
0.0142362
0.0140652
0.01408
0.0143196
0.0147003
0.0151438
0.0156156
0.0160943
0.0165607
0.0170044
0.0174171
0.0178021
0.0181616
0.018503
0.0188303
0.0191522
0.0194744
0.019803
0.0201353
0.0204728
0.0208178
0.021175
0.0215444
0.0219234
0.0223253
0.0227426
0.0231777
0.0236203
0.0240705
0.024522
0.0249671
0.0254343
0.0259066
0.026394
0.0268957
0.027409
0.0279528
0.0284845
0.029034
0.0295844
0.030129
0.0307371
0.0313357
0.0319585
0.0325994
0.0332052
0.0338681
0.0345509
0.0352094
0.0359238
0.0366501
0.0373315
0.0380639
0.0388721
0.0396345
0.0403764
0.0412216
0.0420157
0.0428147
0.0437046
0.0445707
0.0454438
0.0463705
0.0472343
0.0481627
0.0491881
0.0501437
0.0510735
0.0521141
0.0531941
0.0542044
0.0552727
0.0563759
0.0574884
0.0586215
0.059807
0.0609644
0.0621583
0.0634004
0.0646417
0.0659256
0.0672215
0.0685436
0.0698997
0.0712767
0.0726977
0.0741094
0.0755966
0.0771015
0.078623
0.080186
0.0817767
0.0833818
0.0849419
0.0864347
0.0875495
0.0151446
0.0147066
0.014174
0.0137321
0.0134808
0.0134638
0.0136715
0.0140408
0.0145123
0.01504
0.0155826
0.0161084
0.0165982
0.017052
0.0174671
0.0178462
0.0181936
0.018523
0.0188419
0.0191585
0.0194777
0.0198032
0.0201352
0.0204714
0.0208164
0.021171
0.0215388
0.0219181
0.0223193
0.0227406
0.0231772
0.0236267
0.0240759
0.0245246
0.0249696
0.0254331
0.0259114
0.0263949
0.0269003
0.027414
0.0279533
0.0284918
0.0290345
0.02959
0.0301342
0.0307334
0.0313394
0.0319557
0.0325979
0.0332109
0.0338625
0.0345482
0.0352199
0.0359255
0.0366457
0.0373487
0.0380743
0.0388655
0.0396479
0.0403842
0.0412184
0.0420282
0.0428169
0.0437011
0.0445788
0.0454423
0.0463746
0.0472476
0.0481547
0.0491805
0.0501591
0.0510772
0.052106
0.0531976
0.0542138
0.0552769
0.0563834
0.0574982
0.0586302
0.0598191
0.0609763
0.0621669
0.0634086
0.06465
0.0659331
0.0672277
0.0685489
0.0699037
0.0712811
0.0727024
0.0741132
0.0756017
0.0771072
0.0786302
0.0801924
0.0817834
0.0833889
0.084949
0.0864427
0.0875586
)
;

boundaryField
{
    zeroGradientPlanes
    {
        type            zeroGradient;
    }
    inlet
    {
        type            zeroGradient;
    }
    plate
    {
        type            zeroGradient;
    }
    frontAndBack
    {
        type            empty;
    }
}


// ************************************************************************* //
