/*--------------------------------*- C++ -*----------------------------------*\
| =========                 |                                                 |
| \\      /  F ield         | OpenFOAM: The Open Source CFD Toolbox           |
|  \\    /   O peration     | Version:  v1906                                 |
|   \\  /    A nd           | Web:      www.OpenFOAM.com                      |
|    \\/     M anipulation  |                                                 |
\*---------------------------------------------------------------------------*/
FoamFile
{
    version     2.0;
    format      ascii;
    class       volScalarField;
    location    "10.4";
    object      p;
}
// * * * * * * * * * * * * * * * * * * * * * * * * * * * * * * * * * * * * * //

dimensions      [0 2 -2 0 0 0 0];


internalField   nonuniform List<scalar> 
9600
(
6.55081e-10
0.00287591
0.00808362
0.00232579
1.64931e-05
0.00673683
0.00764592
0.00702316
0.0112606
0.0129006
0.0115563
0.0138355
0.0146352
0.0161995
0.016473
0.0171647
0.0180243
0.0200716
0.0223354
0.025921
3.23655e-06
0.00286536
0.00808343
0.00234941
2.96586e-05
0.00670696
0.00762895
0.00699106
0.0112683
0.0129075
0.011559
0.0138244
0.0146323
0.0162014
0.0164786
0.0171582
0.0180364
0.0200429
0.0223496
0.0255565
4.88664e-06
0.00286218
0.00809341
0.00237221
4.39748e-05
0.00666213
0.00760771
0.00700526
0.0112819
0.0129102
0.0115619
0.0137989
0.014639
0.0162013
0.0164847
0.0171475
0.0180473
0.020006
0.0223384
0.0251352
7.41584e-06
0.00288576
0.0081019
0.00240202
7.60431e-05
0.00662683
0.00758868
0.00704843
0.0113
0.0129073
0.0115705
0.01376
0.0146503
0.0161933
0.0164881
0.0171337
0.0180541
0.019966
0.0222983
0.0247367
1.59002e-05
0.00293504
0.00809744
0.00243894
0.000138918
0.00660309
0.00756839
0.00712216
0.0113242
0.0128998
0.0115867
0.0137095
0.0146627
0.016179
0.0164904
0.0171163
0.0180605
0.0199202
0.0222366
0.0243644
3.38864e-05
0.00300173
0.00807027
0.00248442
0.000236897
0.00658626
0.00754665
0.00722961
0.0113556
0.0128898
0.0116099
0.0136524
0.0146752
0.0161619
0.0164924
0.0170959
0.0180665
0.0198678
0.0221565
0.0240089
6.31286e-05
0.00307711
0.0080168
0.00253863
0.000364829
0.00657321
0.00752624
0.00735434
0.0113949
0.0128793
0.0116395
0.0135945
0.0146878
0.0161438
0.016494
0.0170729
0.0180704
0.0198106
0.0220576
0.0236643
0.000103606
0.00315436
0.00794084
0.00260133
0.000512585
0.00656226
0.00750839
0.00748951
0.0114408
0.0128687
0.0116748
0.0135397
0.0147008
0.0161258
0.0164951
0.0170476
0.0180706
0.0197501
0.021938
0.0233286
0.000153786
0.00323008
0.00785093
0.00267192
0.000671074
0.00655166
0.00749146
0.00762992
0.0114904
0.0128577
0.0117147
0.0134898
0.0147145
0.0161086
0.016495
0.0170205
0.0180661
0.0196866
0.0217978
0.0230019
0.000211526
0.00330391
0.00775618
0.00274958
0.000835923
0.00654012
0.00747286
0.00776838
0.0115397
0.0128449
0.0117581
0.0134455
0.0147294
0.0160925
0.0164929
0.0169926
0.0180551
0.0196199
0.0216397
0.0226844
0.000274979
0.00337697
0.00766266
0.00283305
0.0010071
0.00652783
0.00745122
0.00789922
0.0115851
0.0128295
0.0118034
0.0134064
0.0147449
0.0160778
0.0164882
0.0169644
0.0180367
0.0195503
0.021468
0.0223757
0.00034299
0.00345046
0.00757315
0.00292058
0.00118624
0.00651627
0.00742707
0.0080192
0.0116243
0.0128109
0.0118491
0.0133718
0.0147607
0.016065
0.0164807
0.0169362
0.0180108
0.0194782
0.0212867
0.0220752
0.000415027
0.0035249
0.00748807
0.00301038
0.0013744
0.00650748
0.00740224
0.00812746
0.011657
0.0127893
0.0118938
0.0133411
0.0147759
0.0160547
0.0164702
0.0169082
0.017978
0.019403
0.0210996
0.0217834
0.00049091
0.00360022
0.00740662
0.00310117
0.00157135
0.0065032
0.00737881
0.008225
0.0116841
0.0127652
0.0119364
0.0133139
0.0147898
0.0160472
0.0164566
0.0168801
0.0179395
0.0193237
0.0209094
0.0215008
0.000570575
0.0036761
0.00732795
0.00319245
0.00177576
0.00650399
0.0073583
0.00831369
0.0117075
0.0127397
0.0119763
0.01329
0.0148019
0.0160425
0.0164402
0.0168509
0.0178962
0.019239
0.0207179
0.0212275
0.000653978
0.00375235
0.00725162
0.00328424
0.00198597
0.0065019
0.00734138
0.00839544
0.0117289
0.0127139
0.0120127
0.0132695
0.0148116
0.0160403
0.0164211
0.0168192
0.0178486
0.0191482
0.0205252
0.0209629
0.000741089
0.0038289
0.00717768
0.00337672
0.00220042
0.00651196
0.00732823
0.00847194
0.0117498
0.0126888
0.0120454
0.0132523
0.0148188
0.0160398
0.0163999
0.0167834
0.0177969
0.0190505
0.0203305
0.020706
0.000831909
0.00390569
0.00710648
0.00347014
0.00241767
0.00652574
0.00731885
0.00854445
0.0117712
0.0126655
0.012074
0.0132384
0.0148233
0.0160402
0.0163772
0.0167423
0.0177406
0.0189466
0.0201332
0.0204557
0.000926478
0.00398266
0.0070385
0.00356481
0.00263663
0.00654283
0.00731304
0.00861382
0.0117936
0.0126446
0.0120982
0.0132276
0.0148255
0.0160402
0.0163537
0.0166955
0.017679
0.0188375
0.0199334
0.0202109
0.00102486
0.00405976
0.00697427
0.00366099
0.00285644
0.00656323
0.00731075
0.00868069
0.0118173
0.0126269
0.0121182
0.0132193
0.0148258
0.016039
0.0163295
0.0166427
0.0176114
0.0187245
0.0197313
0.0199709
0.00112716
0.0041369
0.00691434
0.00375898
0.0030764
0.00658718
0.00731203
0.0087455
0.011842
0.0126128
0.0121338
0.0132132
0.0148252
0.0160357
0.0163045
0.016584
0.0175373
0.0186082
0.0195271
0.0197355
0.00123352
0.00421391
0.00685919
0.00385907
0.00329593
0.00661496
0.0073169
0.00880862
0.0118677
0.0126027
0.0121453
0.0132083
0.0148248
0.0160302
0.0162784
0.0165196
0.0174563
0.0184899
0.0193212
0.0195036
0.00134412
0.00429066
0.00680928
0.00396157
0.00351445
0.00664687
0.00732544
0.00887037
0.011894
0.0125968
0.0121533
0.0132038
0.0148253
0.016022
0.016251
0.0164499
0.0173674
0.0183706
0.0191145
0.0192723
0.00145914
0.00436698
0.00676501
0.00406684
0.00373139
0.00668313
0.00733774
0.008931
0.0119209
0.0125949
0.0121583
0.0131994
0.0148286
0.0160107
0.0162219
0.0163758
0.0172699
0.0182511
0.01891
0.0190375
0.00157879
0.00444274
0.00672665
0.00417523
0.00394628
0.00672396
0.00735385
0.00899069
0.0119485
0.0125969
0.0121609
0.0131943
0.0148306
0.0159964
0.0161905
0.0162977
0.0171632
0.0181312
0.0187123
0.0187977
0.00170327
0.00451787
0.00669436
0.00428711
0.00415864
0.00676953
0.00737391
0.00904938
0.0119766
0.0126026
0.0121615
0.0131881
0.014833
0.0159792
0.0161565
0.0162166
0.0170465
0.0180088
0.018526
0.018557
0.00183281
0.00459232
0.00666819
0.00440283
0.0043681
0.00681995
0.00739813
0.00910693
0.0120053
0.0126122
0.0121607
0.0131801
0.0148357
0.015959
0.0161189
0.0161342
0.0169205
0.0178793
0.0183514
0.0183243
0.00196761
0.00466611
0.00664812
0.00452276
0.00457441
0.00687523
0.00742677
0.0091633
0.0120345
0.0126258
0.012159
0.0131695
0.0148391
0.0159363
0.0160759
0.0160518
0.0167892
0.01774
0.0181828
0.0181056
0.00210782
0.00473937
0.00663401
0.00464724
0.00477748
0.00693534
0.00746014
0.00921852
0.012064
0.0126433
0.0121568
0.0131554
0.0148428
0.0159126
0.0160266
0.0159682
0.0166562
0.0175933
0.0180145
0.0178997
0.00225358
0.00481233
0.00662572
0.00477646
0.00497728
0.00700022
0.00749871
0.00927261
0.0120935
0.0126644
0.0121546
0.0131373
0.0148462
0.015889
0.0159715
0.0158819
0.0165219
0.0174434
0.017846
0.0177011
0.00240494
0.00488534
0.00662313
0.00491053
0.00517393
0.00706954
0.00754287
0.0093257
0.0121227
0.0126891
0.0121531
0.0131148
0.0148477
0.0158656
0.0159114
0.0157926
0.0163855
0.0172912
0.0176814
0.0175075
0.00256187
0.00495883
0.0066261
0.00504945
0.00536774
0.00714284
0.00759285
0.00937792
0.012151
0.0127176
0.0121532
0.0130879
0.0148455
0.0158428
0.0158468
0.0157009
0.0162482
0.0171349
0.0175215
0.0173219
0.00272433
0.00503339
0.00663442
0.00519298
0.00555937
0.0072198
0.00764861
0.00943022
0.012178
0.0127492
0.0121554
0.0130561
0.0148391
0.015821
0.0157784
0.0156068
0.0161138
0.0169743
0.0173623
0.0171478
0.00289227
0.00510961
0.00664801
0.00534065
0.00574938
0.0073004
0.00771035
0.00948302
0.0122041
0.0127833
0.0121599
0.0130196
0.0148282
0.0158003
0.0157064
0.0155089
0.015985
0.0168141
0.0171997
0.0169835
0.00306557
0.00518805
0.00666713
0.00549203
0.00593799
0.00738458
0.00777634
0.00953656
0.0122296
0.0128194
0.0121663
0.0129785
0.0148105
0.0157804
0.0156315
0.015405
0.0158616
0.0166609
0.0170337
0.0168234
0.00324414
0.00526918
0.00669212
0.00564661
0.00612551
0.00747248
0.00784685
0.00959119
0.0122549
0.0128574
0.0121745
0.0129325
0.014782
0.0157613
0.0155547
0.015294
0.0157409
0.0165189
0.0168692
0.0166621
0.00342788
0.0053534
0.00672348
0.0058038
0.00631198
0.00756481
0.00792101
0.00964657
0.0122803
0.0128977
0.0121847
0.0128813
0.0147445
0.0157439
0.0154781
0.0151752
0.0156202
0.0163895
0.0167129
0.0164969
0.00361678
0.00544098
0.00676192
0.00596341
0.00649688
0.00766238
0.00799853
0.00970188
0.0123061
0.012941
0.0121977
0.0128241
0.0146991
0.0157288
0.0154048
0.0150477
0.0154956
0.0162727
0.0165719
0.0163297
0.00381086
0.00553186
0.00680825
0.00612577
0.00667957
0.00776592
0.00807975
0.00975603
0.0123316
0.0129879
0.0122143
0.0127606
0.0146442
0.0157167
0.0153398
0.0149115
0.0153613
0.0161664
0.0164544
0.0161686
0.00401012
0.00562587
0.00686311
0.00629139
0.00685906
0.00787605
0.00816555
0.00980832
0.0123557
0.0130385
0.0122366
0.0126913
0.0145757
0.0157061
0.0152885
0.014771
0.0152105
0.0160627
0.0163657
0.0160291
0.00421472
0.00572291
0.00692648
0.00646126
0.00703434
0.00799258
0.00825747
0.00985841
0.0123766
0.0130925
0.0122673
0.0126183
0.0144982
0.0156917
0.0152559
0.0146353
0.0150399
0.0159494
0.0163019
0.0159286
0.00442481
0.00582302
0.00699802
0.00663689
0.00720508
0.00811446
0.00835696
0.00990615
0.0123926
0.0131489
0.0123085
0.0125451
0.0144059
0.0156669
0.0152439
0.014514
0.0148527
0.0158157
0.0162499
0.0158755
0.00464043
0.00592657
0.00707678
0.00681968
0.00737194
0.00823953
0.00846566
0.00995269
0.0124018
0.0132055
0.0123611
0.0124753
0.0142745
0.0156245
0.0152496
0.0144164
0.014656
0.0156574
0.0161955
0.0158632
0.00486169
0.00603439
0.00716091
0.00701058
0.00753682
0.00836465
0.00858451
0.0100006
0.0124022
0.0132592
0.0124253
0.012414
0.0141259
0.0155587
0.0152676
0.0143504
0.0144579
0.0154726
0.0161294
0.0158762
0.0050886
0.00614757
0.00724819
0.00720959
0.00770284
0.00848692
0.00871266
0.0100529
0.0123928
0.0133067
0.0125007
0.0123658
0.0139656
0.015466
0.0152897
0.0143216
0.0142706
0.0152599
0.0160457
0.0159018
0.00532088
0.00626758
0.00733661
0.0074157
0.00787405
0.00860489
0.00884779
0.0101119
0.0123747
0.0133443
0.0125848
0.012335
0.013801
0.0153473
0.0153056
0.0143268
0.0141102
0.0150231
0.0159344
0.0159318
0.00555804
0.00639613
0.00742494
0.00762657
0.00805459
0.00871876
0.00898575
0.0101796
0.0123505
0.0133687
0.0126736
0.0123247
0.0136398
0.0152068
0.0153066
0.0143558
0.0139891
0.0147772
0.0157844
0.0159566
0.00579957
0.00653472
0.0075127
0.00783847
0.00824796
0.00882994
0.00912089
0.0102574
0.0123257
0.0133786
0.0127622
0.0123355
0.0134886
0.0150487
0.0152907
0.014398
0.0139079
0.0145415
0.015593
0.0159607
0.00604471
0.00668468
0.0076006
0.00804667
0.00845562
0.008942
0.00924738
0.0103441
0.0123078
0.0133758
0.0128449
0.012365
0.0133521
0.0148789
0.0152589
0.014448
0.0138616
0.0143295
0.0153684
0.0159262
0.00629251
0.00684728
0.00769048
0.00824616
0.00867649
0.00906131
0.00936175
0.010435
0.0123021
0.0133656
0.0129182
0.0124085
0.0132338
0.0147028
0.0152106
0.0145047
0.0138469
0.0141482
0.0151256
0.0158412
0.00654195
0.0070235
0.00778489
0.00843268
0.00890769
0.00919511
0.00946404
0.0105216
0.0123093
0.0133572
0.0129829
0.0124607
0.0131354
0.0145252
0.0151442
0.0145621
0.0138619
0.0140033
0.0148816
0.0157059
0.00679183
0.00721378
0.00788756
0.00860332
0.00914403
0.0093492
0.00955745
0.010594
0.0123254
0.0133586
0.013044
0.0125178
0.0130554
0.0143516
0.015061
0.0146135
0.0139014
0.0138991
0.0146534
0.0155313
0.00704129
0.00741766
0.0080024
0.00875641
0.0093785
0.00952746
0.00965014
0.010647
0.0123413
0.0133732
0.0131095
0.0125799
0.0129914
0.0141849
0.0149633
0.0146568
0.0139594
0.0138347
0.0144542
0.0153349
0.0072896
0.00763488
0.00813351
0.00889203
0.00960071
0.0097284
0.00975441
0.0106811
0.0123454
0.0133999
0.0131877
0.0126504
0.0129429
0.0140246
0.014851
0.0146905
0.0140329
0.0138058
0.0142904
0.0151354
0.00753668
0.00786266
0.00828428
0.00901541
0.00980358
0.0099469
0.00987874
0.0106993
0.0123274
0.0134335
0.013285
0.0127351
0.0129122
0.0138716
0.0147227
0.0147091
0.014119
0.0138107
0.0141639
0.0149477
0.00778257
0.00809869
0.00845259
0.00913139
0.00998522
0.0101792
0.0100321
0.0107096
0.0122798
0.0134594
0.0134016
0.0128402
0.0129005
0.0137257
0.0145806
0.0147048
0.0142102
0.0138487
0.0140756
0.0147806
0.00802833
0.00833551
0.00864043
0.009242
0.010137
0.0104125
0.0102227
0.0107359
0.0122066
0.0134612
0.0135303
0.0129712
0.0129128
0.0136034
0.0144333
0.0146745
0.0142962
0.0139163
0.0140277
0.0146392
0.00827676
0.00859058
0.00884873
0.00934899
0.0102436
0.0106241
0.0104467
0.0108026
0.0121255
0.0134297
0.0136551
0.0131291
0.012957
0.0135029
0.0142859
0.0146214
0.0143671
0.0140042
0.0140218
0.0145289
0.00852535
0.00882819
0.00907077
0.00947042
0.0103338
0.010817
0.0106939
0.0109112
0.01205
0.0133596
0.0137539
0.0133064
0.0130386
0.0134325
0.0141433
0.0145484
0.0144179
0.0141007
0.0140555
0.0144584
0.00877371
0.00907224
0.0093001
0.00961079
0.0104131
0.0109819
0.0109427
0.011057
0.011999
0.0132615
0.0138142
0.013489
0.0131578
0.0134017
0.0140129
0.0144573
0.0144451
0.0141937
0.0141195
0.0144345
0.00902082
0.00930801
0.00953705
0.00977429
0.0104878
0.0111142
0.0111789
0.0112359
0.0119891
0.0131573
0.0138324
0.0136606
0.0133083
0.0134142
0.0139082
0.0143567
0.0144469
0.0142755
0.0141993
0.014452
0.00926462
0.00953574
0.00977398
0.00996099
0.0105751
0.0112224
0.0113932
0.0114353
0.0120221
0.013063
0.013811
0.0138036
0.0134786
0.0134684
0.0138421
0.0142593
0.0144256
0.0143423
0.0142835
0.0144976
0.00950616
0.00975189
0.0100091
0.0101663
0.0106749
0.0113131
0.0115842
0.0116434
0.0120958
0.0129951
0.013765
0.0139095
0.0136548
0.0135613
0.0138149
0.01418
0.0143904
0.0143909
0.0143654
0.0145578
0.00975038
0.00998146
0.0102306
0.0103659
0.0107845
0.0113958
0.0117518
0.0118517
0.0122058
0.0129639
0.0137124
0.0139781
0.0138207
0.0136868
0.0138287
0.0141286
0.0143532
0.0144228
0.0144426
0.014626
0.00999204
0.010198
0.0104417
0.0105678
0.0109126
0.0114803
0.0118978
0.0120507
0.0123417
0.0129714
0.0136678
0.0140167
0.0139646
0.0138319
0.0138822
0.014112
0.0143254
0.0144417
0.0145128
0.0147019
0.0102263
0.01041
0.0106455
0.0107751
0.0110594
0.0115668
0.0120197
0.0122318
0.0124928
0.0130158
0.0136439
0.0140398
0.0140857
0.0139859
0.0139939
0.0141389
0.0143189
0.0144565
0.0145734
0.0147815
0.0104535
0.0106142
0.0108435
0.010978
0.0112151
0.011661
0.0121282
0.0123957
0.0126513
0.0130925
0.0136474
0.0140601
0.0141878
0.0141363
0.0141222
0.0142038
0.0143438
0.014481
0.0146276
0.0148598
0.0106747
0.0108209
0.0110309
0.0111654
0.0113726
0.0117647
0.0122292
0.0125425
0.0128108
0.0131952
0.0136812
0.0140885
0.0142758
0.0142772
0.0142503
0.0142991
0.0144038
0.0145269
0.0146835
0.0149347
0.0108846
0.0110177
0.0112117
0.0113465
0.0115345
0.0118786
0.0123248
0.0126712
0.0129629
0.0133142
0.0137441
0.0141367
0.0143612
0.0144121
0.0143901
0.0144013
0.0144897
0.0145985
0.0147508
0.0150104
0.0110812
0.0111982
0.0113837
0.0115205
0.0116964
0.0119999
0.0124206
0.0127884
0.0131068
0.0134408
0.0138276
0.0142038
0.0144567
0.0145563
0.014565
0.0145682
0.0146308
0.0147177
0.014855
0.015107
0.0112674
0.0113813
0.0115453
0.0116729
0.0118445
0.0121228
0.0125167
0.0128952
0.0132451
0.0135799
0.0139344
0.0142846
0.0145462
0.0146764
0.0147216
0.0147237
0.0147412
0.0148236
0.0149637
0.015209
0.0114372
0.0115453
0.0116941
0.0118122
0.0119834
0.0122506
0.0126212
0.0129907
0.0133581
0.0137165
0.0140823
0.014442
0.0147198
0.0148882
0.014957
0.0149867
0.0149962
0.0150383
0.0151279
0.0153338
0.0115858
0.0116915
0.0118367
0.0119439
0.0121051
0.0123611
0.0127254
0.0130917
0.0134458
0.0137817
0.0141431
0.0145056
0.0148054
0.0150425
0.0151667
0.0152642
0.0153079
0.0153536
0.0154529
0.0156569
0.011717
0.0118271
0.0119706
0.0120664
0.012223
0.012461
0.0128089
0.0132074
0.0136112
0.0140002
0.0143939
0.014776
0.0151351
0.0153603
0.0155163
0.0156343
0.0157041
0.0157379
0.015777
0.0158741
0.0118164
0.0119065
0.0120348
0.0121542
0.0123438
0.0125889
0.0128829
0.0131393
0.0134286
0.0137832
0.0142471
0.0147823
0.0152615
0.0156311
0.015928
0.0161966
0.0165272
0.0169106
0.0173292
0.0177036
0.0119403
0.012038
0.0121584
0.0122147
0.0123835
0.0126767
0.0130747
0.0134944
0.0138978
0.0142576
0.0146261
0.0150073
0.0153583
0.0156917
0.0159954
0.0162823
0.0166127
0.0169519
0.0172793
0.0175267
0.0118603
0.0119494
0.0121877
0.0124262
0.0126796
0.0129422
0.0132465
0.0135473
0.0138468
0.0141632
0.0145174
0.0149115
0.0153109
0.0157346
0.0162037
0.0166928
0.0171865
0.0176558
0.0180561
0.0183488
0.0120986
0.0122329
0.0124264
0.0125503
0.0127483
0.0130079
0.0133349
0.0136843
0.014069
0.0144758
0.014868
0.0152491
0.0155914
0.0158459
0.0160465
0.0161506
0.0161829
0.0161728
0.0161359
0.0161159
0.011956
0.0120713
0.012366
0.0126619
0.0129336
0.0131868
0.0134791
0.0137793
0.0140722
0.0143898
0.0147391
0.0151057
0.015513
0.015922
0.016353
0.0168153
0.0172641
0.0176852
0.0180599
0.0183096
0.0121068
0.0122466
0.012569
0.0128228
0.0130691
0.0132951
0.0135679
0.0138663
0.0141793
0.0145392
0.0149358
0.0153002
0.0156527
0.0159742
0.0162612
0.0165435
0.0168449
0.0171698
0.0174573
0.0176356
0.0292027
0.0240156
0.0162399
0.0107581
0.00979401
0.0113681
0.0130567
0.0141689
0.0148698
0.0154159
0.0159411
0.0165081
0.0171036
0.0176025
0.0179689
0.0183572
0.0188298
0.0192654
0.0196053
0.0199551
0.0204279
0.0209877
0.0214985
0.02191
0.0223208
0.022845
0.0234421
0.0239695
0.0244099
0.0249083
0.02549
0.0260274
0.0265085
0.0270105
0.0275513
0.0281283
0.0287707
0.0294579
0.0301224
0.030755
0.0313969
0.0320493
0.0326903
0.0333039
0.0338899
0.0344953
0.035153
0.0358451
0.0365229
0.0372177
0.0379647
0.038736
0.0394738
0.0402235
0.0410458
0.0418921
0.0427271
0.0435624
0.0443764
0.0451523
0.0459526
0.0468192
0.0477723
0.0487395
0.0497044
0.0506876
0.0516661
0.0526081
0.0535953
0.0546063
0.0556303
0.0566912
0.0577871
0.0588811
0.0599815
0.0611188
0.0622832
0.0634889
0.0646974
0.0659517
0.0671993
0.068498
0.0698329
0.0711872
0.0725603
0.0739543
0.0754019
0.0768732
0.0783628
0.0798631
0.0813379
0.0829058
0.0844747
0.0860807
0.0876949
0.0893046
0.0909045
0.0924252
0.0938666
0.0951612
0.0285012
0.0238692
0.0163269
0.010903
0.00988169
0.0114105
0.0130829
0.0141873
0.0148834
0.0154265
0.0159495
0.0165151
0.01711
0.0176083
0.0179739
0.0183614
0.0188337
0.019269
0.0196085
0.0199577
0.0204302
0.0209899
0.0215007
0.021912
0.0223224
0.0228464
0.0234434
0.0239709
0.0244111
0.0249093
0.025491
0.0260284
0.0265094
0.0270113
0.0275521
0.028129
0.0287714
0.0294586
0.0301231
0.0307557
0.0313975
0.03205
0.0326909
0.0333045
0.0338905
0.0344959
0.0351536
0.0358456
0.0365234
0.0372182
0.0379652
0.0387365
0.0394743
0.0402239
0.0410462
0.0418925
0.0427275
0.0435627
0.0443768
0.0451527
0.0459529
0.0468195
0.0477725
0.0487397
0.0497047
0.0506879
0.0516663
0.0526083
0.0535955
0.0546065
0.0556304
0.0566914
0.0577873
0.0588813
0.0599816
0.061119
0.0622834
0.0634891
0.0646976
0.0659518
0.0671994
0.0684981
0.069833
0.0711874
0.0725604
0.0739544
0.075402
0.0768733
0.0783629
0.0798632
0.081338
0.0829059
0.0844748
0.0860808
0.087695
0.0893047
0.0909046
0.0924252
0.0938666
0.0951612
0.0278305
0.0237263
0.0165064
0.0111699
0.0100318
0.011466
0.0131092
0.0142068
0.0148996
0.01544
0.0159604
0.0165235
0.0171167
0.0176143
0.0179791
0.0183659
0.0188376
0.0192725
0.0196116
0.0199603
0.0204325
0.0209921
0.0215028
0.0219138
0.022324
0.0228478
0.0234448
0.0239722
0.0244121
0.0249102
0.0254919
0.0260293
0.0265102
0.027012
0.0275528
0.0281296
0.028772
0.0294592
0.0301238
0.0307563
0.0313981
0.0320505
0.0326915
0.0333051
0.0338911
0.0344963
0.035154
0.0358461
0.0365239
0.0372186
0.0379656
0.0387369
0.0394746
0.0402242
0.0410465
0.0418928
0.0427278
0.0435631
0.0443771
0.045153
0.0459531
0.0468197
0.0477728
0.04874
0.0497049
0.0506881
0.0516665
0.0526085
0.0535957
0.0546067
0.0556306
0.0566915
0.0577875
0.0588814
0.0599818
0.0611191
0.0622835
0.0634892
0.0646977
0.065952
0.0671995
0.0684982
0.0698331
0.0711875
0.0725605
0.0739545
0.0754021
0.0768734
0.078363
0.0798633
0.0813381
0.082906
0.0844749
0.0860809
0.087695
0.0893047
0.0909047
0.0924253
0.0938667
0.0951613
0.0271999
0.0235853
0.0167353
0.0115086
0.0102387
0.011545
0.0131471
0.014235
0.0149234
0.0154604
0.0159769
0.0165353
0.0171249
0.017621
0.0179859
0.0183723
0.018843
0.0192769
0.0196156
0.0199641
0.0204357
0.0209947
0.0215051
0.0219161
0.0223263
0.0228498
0.0234465
0.0239737
0.0244134
0.0249113
0.025493
0.0260303
0.026511
0.0270128
0.0275534
0.0281302
0.0287726
0.0294599
0.0301245
0.0307569
0.0313987
0.0320512
0.0326921
0.0333057
0.0338916
0.0344968
0.0351545
0.0358466
0.0365243
0.037219
0.037966
0.0387373
0.039475
0.0402245
0.0410468
0.0418931
0.0427282
0.0435634
0.0443775
0.0451532
0.0459533
0.0468199
0.047773
0.0487402
0.0497051
0.0506883
0.0516668
0.0526087
0.0535959
0.0546069
0.0556308
0.0566917
0.0577876
0.0588816
0.0599819
0.0611192
0.0622836
0.0634893
0.0646978
0.0659521
0.0671997
0.0684983
0.0698332
0.0711876
0.0725606
0.0739546
0.0754022
0.0768735
0.0783631
0.0798634
0.0813382
0.082906
0.084475
0.086081
0.0876951
0.0893048
0.0909048
0.0924254
0.0938669
0.0951615
0.0265758
0.0234214
0.0169733
0.0118719
0.0104712
0.0116368
0.0131911
0.01427
0.014955
0.0154887
0.0160005
0.0165523
0.0171353
0.0176289
0.0179946
0.0183815
0.0188505
0.0192829
0.0196216
0.0199703
0.0204407
0.0209979
0.0215076
0.0219192
0.0223299
0.022853
0.0234489
0.0239757
0.0244154
0.0249132
0.0254946
0.0260316
0.0265121
0.0270137
0.0275542
0.0281308
0.0287733
0.0294606
0.0301252
0.0307576
0.0313995
0.0320519
0.0326927
0.0333063
0.0338922
0.0344973
0.035155
0.0358471
0.0365248
0.0372195
0.0379664
0.0387378
0.0394755
0.0402249
0.0410472
0.0418935
0.0427285
0.0435638
0.0443779
0.0451536
0.0459535
0.0468201
0.0477733
0.0487405
0.0497054
0.0506886
0.051667
0.0526089
0.053596
0.0546071
0.0556309
0.0566918
0.0577878
0.0588818
0.0599821
0.0611194
0.0622838
0.0634895
0.064698
0.0659522
0.0671998
0.0684984
0.0698334
0.0711877
0.0725607
0.0739547
0.0754023
0.0768736
0.0783632
0.0798635
0.0813382
0.0829061
0.0844751
0.0860811
0.0876952
0.0893049
0.090905
0.0924256
0.0938671
0.0951618
0.0259492
0.0232261
0.0172063
0.0122452
0.0107194
0.0117358
0.0132362
0.0143071
0.0149911
0.0155225
0.0160297
0.0165735
0.0171479
0.0176376
0.0180049
0.0183931
0.01886
0.0192904
0.0196299
0.0199797
0.0204484
0.0210021
0.0215103
0.0219231
0.0223352
0.0228578
0.0234521
0.0239783
0.0244184
0.0249162
0.025497
0.0260333
0.0265136
0.0270149
0.0275552
0.0281316
0.028774
0.0294613
0.0301258
0.0307584
0.0314003
0.0320527
0.0326934
0.0333069
0.0338928
0.034498
0.0351556
0.0358476
0.0365253
0.03722
0.037967
0.0387383
0.039476
0.0402254
0.0410476
0.0418939
0.042729
0.0435643
0.0443784
0.0451539
0.0459538
0.0468203
0.0477736
0.0487409
0.0497057
0.0506889
0.0516674
0.0526092
0.0535963
0.0546073
0.0556311
0.056692
0.057788
0.0588819
0.0599822
0.0611195
0.0622839
0.0634896
0.0646981
0.0659523
0.0671999
0.0684985
0.0698335
0.0711878
0.0725609
0.0739548
0.0754024
0.0768738
0.0783633
0.0798636
0.0813383
0.0829062
0.0844752
0.0860812
0.0876954
0.0893051
0.0909051
0.0924258
0.0938676
0.0951622
0.025325
0.0230016
0.0174297
0.012625
0.0109826
0.0118425
0.0132819
0.0143451
0.0150303
0.0155603
0.0160626
0.0165975
0.0171619
0.0176469
0.0180161
0.0184059
0.0188705
0.0192989
0.0196401
0.019992
0.0204588
0.0210078
0.0215134
0.0219278
0.0223421
0.0228639
0.0234558
0.0239814
0.0244225
0.0249204
0.0255002
0.0260358
0.0265158
0.0270168
0.0275565
0.0281327
0.0287748
0.0294618
0.0301262
0.030759
0.0314013
0.0320537
0.0326942
0.0333076
0.0338936
0.0344989
0.0351562
0.0358481
0.036526
0.0372207
0.0379676
0.0387388
0.0394765
0.0402259
0.0410481
0.0418944
0.0427295
0.0435649
0.0443789
0.0451543
0.0459541
0.0468206
0.047774
0.0487413
0.049706
0.0506893
0.0516678
0.0526095
0.0535965
0.0546076
0.0556314
0.0566923
0.0577882
0.0588822
0.0599824
0.0611197
0.0622841
0.0634898
0.0646982
0.0659525
0.0672001
0.0684987
0.0698336
0.0711879
0.072561
0.0739549
0.0754025
0.0768739
0.0783635
0.0798638
0.0813384
0.0829063
0.0844753
0.0860813
0.0876955
0.0893052
0.0909054
0.0924262
0.0938682
0.0951627
0.0247128
0.022751
0.0176386
0.0130084
0.0112618
0.0119595
0.0133294
0.0143839
0.0150721
0.0156014
0.0160985
0.0166237
0.0171772
0.0176571
0.018028
0.0184194
0.0188815
0.019308
0.0196516
0.0200066
0.0204714
0.0210148
0.0215172
0.0219333
0.0223502
0.022871
0.02346
0.0239849
0.0244274
0.0249257
0.0255043
0.0260391
0.026519
0.0270196
0.0275586
0.0281342
0.0287759
0.0294623
0.0301264
0.0307595
0.0314022
0.0320547
0.032695
0.0333083
0.0338947
0.0345001
0.0351571
0.0358487
0.0365267
0.0372216
0.0379683
0.0387394
0.0394771
0.0402265
0.0410487
0.0418948
0.0427301
0.0435656
0.0443795
0.0451547
0.0459544
0.0468209
0.0477743
0.0487417
0.0497064
0.0506897
0.0516682
0.0526099
0.0535969
0.0546079
0.0556317
0.0566926
0.0577885
0.0588824
0.0599826
0.0611199
0.0622843
0.06349
0.0646984
0.0659527
0.0672002
0.0684988
0.0698338
0.0711881
0.0725611
0.073955
0.0754026
0.076874
0.0783636
0.0798639
0.0813385
0.0829065
0.0844755
0.0860814
0.0876957
0.0893054
0.0909057
0.0924268
0.0938691
0.0951635
0.0241209
0.0224771
0.0178276
0.0133921
0.0115574
0.0120892
0.0133796
0.0144228
0.0151158
0.0156456
0.0161371
0.0166519
0.0171938
0.017668
0.0180405
0.0184335
0.0188928
0.0193173
0.0196638
0.0200223
0.0204854
0.021023
0.0215219
0.0219397
0.0223593
0.0228788
0.0234643
0.0239885
0.024433
0.0249318
0.0255088
0.0260428
0.026523
0.0270234
0.0275615
0.0281365
0.0287774
0.0294629
0.0301264
0.0307597
0.0314029
0.0320556
0.0326956
0.0333091
0.033896
0.0345017
0.0351583
0.0358495
0.0365276
0.0372227
0.0379691
0.0387399
0.0394778
0.0402273
0.0410492
0.0418952
0.0427307
0.0435664
0.0443802
0.0451552
0.0459548
0.0468212
0.0477748
0.0487422
0.0497069
0.0506902
0.0516688
0.0526104
0.0535973
0.0546083
0.0556321
0.056693
0.0577889
0.0588828
0.059983
0.0611202
0.0622845
0.0634902
0.0646986
0.0659528
0.0672004
0.0684989
0.0698339
0.0711882
0.0725613
0.0739552
0.0754028
0.0768742
0.0783638
0.079864
0.0813387
0.0829066
0.0844756
0.0860815
0.087696
0.0893056
0.090906
0.0924275
0.0938702
0.0951644
0.023556
0.0221843
0.0179936
0.0137727
0.0118679
0.0122325
0.0134329
0.0144609
0.0151605
0.0156925
0.0161786
0.0166822
0.0172117
0.0176796
0.0180537
0.0184483
0.0189048
0.0193269
0.0196763
0.0200387
0.0205004
0.0210321
0.0215273
0.0219468
0.022369
0.022887
0.0234687
0.0239922
0.0244389
0.0249382
0.0255135
0.0260467
0.0265274
0.0270279
0.0275653
0.0281395
0.0287795
0.0294638
0.0301265
0.0307598
0.0314034
0.0320561
0.032696
0.0333097
0.0338976
0.0345037
0.0351599
0.0358505
0.0365288
0.0372241
0.0379702
0.0387406
0.0394785
0.0402281
0.0410496
0.0418955
0.0427311
0.0435672
0.0443811
0.0451559
0.0459554
0.0468217
0.0477753
0.0487426
0.0497072
0.0506907
0.0516693
0.0526109
0.0535978
0.0546088
0.0556327
0.0566935
0.0577893
0.0588832
0.0599834
0.0611206
0.0622849
0.0634905
0.0646989
0.0659531
0.0672006
0.0684991
0.0698341
0.0711884
0.0725614
0.0739553
0.0754029
0.0768744
0.0783639
0.0798642
0.0813388
0.0829067
0.0844758
0.0860817
0.0876963
0.0893059
0.0909065
0.0924286
0.0938717
0.0951654
0.0230226
0.0218794
0.0181355
0.0141459
0.0121899
0.0123891
0.0134895
0.0144974
0.0152054
0.0157419
0.0162229
0.0167145
0.0172308
0.017692
0.0180675
0.018464
0.0189175
0.019337
0.0196891
0.0200556
0.0205161
0.0210419
0.0215333
0.0219545
0.0223793
0.0228958
0.0234735
0.0239961
0.0244451
0.024945
0.0255183
0.0260506
0.0265321
0.0270329
0.0275698
0.0281432
0.0287821
0.0294649
0.0301267
0.0307598
0.0314037
0.0320563
0.0326959
0.0333101
0.0338991
0.0345061
0.0351618
0.0358518
0.0365302
0.0372258
0.0379714
0.0387413
0.0394795
0.0402292
0.0410501
0.0418955
0.0427314
0.0435678
0.0443818
0.0451567
0.0459562
0.0468225
0.0477759
0.0487431
0.0497076
0.050691
0.0516699
0.0526115
0.0535983
0.0546093
0.0556333
0.0566941
0.0577899
0.0588837
0.0599839
0.0611211
0.0622853
0.063491
0.0646992
0.0659534
0.0672009
0.0684994
0.0698343
0.0711886
0.0725616
0.0739554
0.0754031
0.0768745
0.0783641
0.0798644
0.0813389
0.0829069
0.084476
0.0860819
0.0876966
0.0893062
0.090907
0.0924299
0.0938736
0.0951668
0.0225242
0.0215699
0.0182529
0.0145065
0.0125187
0.012559
0.0135506
0.0145323
0.0152495
0.0157933
0.0162698
0.0167487
0.0172509
0.017705
0.0180822
0.0184807
0.0189312
0.0193477
0.0197023
0.0200731
0.0205325
0.0210522
0.0215397
0.0219626
0.0223902
0.022905
0.0234785
0.0240001
0.0244515
0.024952
0.0255233
0.0260545
0.0265368
0.0270382
0.0275747
0.0281474
0.0287852
0.0294664
0.030127
0.03076
0.0314039
0.0320562
0.0326954
0.0333101
0.0339007
0.0345087
0.035164
0.0358533
0.036532
0.0372279
0.0379729
0.0387423
0.0394807
0.0402306
0.0410507
0.0418954
0.0427314
0.0435681
0.0443823
0.0451574
0.0459572
0.0468236
0.0477769
0.0487436
0.0497078
0.0506912
0.0516702
0.0526121
0.0535989
0.0546099
0.055634
0.0566948
0.0577905
0.0588844
0.0599846
0.0611217
0.0622859
0.0634915
0.0646997
0.0659538
0.0672012
0.0684997
0.0698346
0.0711888
0.0725618
0.0739556
0.0754032
0.0768747
0.0783643
0.0798645
0.0813391
0.082907
0.0844762
0.086082
0.087697
0.0893066
0.0909076
0.0924316
0.093876
0.0951683
0.0220624
0.0212613
0.0183451
0.0148498
0.0128508
0.0127426
0.0136177
0.0145656
0.0152918
0.0158458
0.0163192
0.0167849
0.0172722
0.0177188
0.0180977
0.0184985
0.0189459
0.0193592
0.0197161
0.0200911
0.0205494
0.021063
0.0215465
0.0219712
0.0224017
0.0229147
0.0234838
0.0240044
0.0244582
0.0249594
0.0255285
0.0260585
0.0265416
0.0270436
0.0275799
0.0281521
0.0287887
0.0294681
0.0301275
0.0307602
0.031404
0.0320559
0.0326946
0.0333098
0.0339021
0.0345114
0.0351664
0.0358551
0.036534
0.0372301
0.0379745
0.0387433
0.0394821
0.0402322
0.0410515
0.0418953
0.0427311
0.0435679
0.0443823
0.0451578
0.0459582
0.0468251
0.0477783
0.0487445
0.0497081
0.0506912
0.0516704
0.0526125
0.0535993
0.0546104
0.0556348
0.0566956
0.0577911
0.058885
0.0599854
0.0611225
0.0622866
0.0634922
0.0647003
0.0659543
0.0672017
0.0685001
0.069835
0.071189
0.072562
0.0739557
0.0754034
0.076875
0.0783645
0.0798647
0.0813393
0.0829072
0.0844764
0.0860822
0.0876975
0.089307
0.0909083
0.0924337
0.0938788
0.0951702
0.0216358
0.020957
0.0184123
0.0151729
0.0131836
0.0129403
0.0136927
0.0145978
0.0153315
0.0158987
0.0163708
0.0168232
0.0172947
0.0177333
0.018114
0.0185173
0.0189618
0.0193716
0.0197306
0.0201097
0.0205669
0.0210743
0.0215537
0.0219802
0.0224138
0.0229251
0.0234896
0.0240088
0.0244651
0.0249671
0.025534
0.0260627
0.0265465
0.0270491
0.0275855
0.0281574
0.0287926
0.02947
0.0301281
0.0307605
0.0314043
0.0320555
0.0326935
0.0333093
0.0339034
0.0345142
0.035169
0.035857
0.0365361
0.0372326
0.0379763
0.0387444
0.0394837
0.0402341
0.0410526
0.0418951
0.0427306
0.0435674
0.0443818
0.0451578
0.045959
0.0468266
0.0477801
0.0487458
0.0497084
0.050691
0.0516702
0.0526126
0.0535996
0.0546109
0.0556356
0.0566964
0.0577917
0.0588857
0.0599862
0.0611234
0.0622876
0.0634931
0.0647011
0.065955
0.0672024
0.0685007
0.0698354
0.0711894
0.0725623
0.0739559
0.0754035
0.0768752
0.0783648
0.079865
0.0813395
0.0829073
0.0844766
0.0860823
0.087698
0.0893074
0.0909091
0.0924361
0.0938821
0.0951722
0.0212405
0.0206589
0.0184562
0.0154742
0.0135143
0.0131518
0.0137779
0.0146302
0.0153682
0.0159511
0.0164245
0.0168638
0.0173186
0.0177487
0.0181311
0.0185371
0.0189787
0.0193849
0.0197457
0.020129
0.0205852
0.0210862
0.0215613
0.0219898
0.0224266
0.0229361
0.0234957
0.0240135
0.0244723
0.0249751
0.0255397
0.026067
0.0265515
0.027055
0.0275916
0.0281633
0.0287971
0.0294722
0.0301288
0.0307609
0.0314046
0.0320551
0.0326923
0.0333087
0.0339048
0.034517
0.0351717
0.0358591
0.0365385
0.0372352
0.0379782
0.0387456
0.0394853
0.0402362
0.0410538
0.0418951
0.0427299
0.0435665
0.0443809
0.0451572
0.0459594
0.0468281
0.0477822
0.0487475
0.049709
0.0506908
0.0516698
0.0526125
0.0535997
0.0546113
0.0556364
0.0566973
0.0577924
0.0588863
0.059987
0.0611244
0.0622886
0.0634941
0.064702
0.0659559
0.0672032
0.0685014
0.069836
0.0711899
0.0725627
0.0739561
0.0754037
0.0768753
0.078365
0.0798652
0.0813398
0.0829075
0.0844768
0.0860824
0.0876985
0.0893079
0.0909099
0.0924389
0.0938858
0.0951745
0.020873
0.0203687
0.0184793
0.0157528
0.0138399
0.0133766
0.0138757
0.0146647
0.0154016
0.0160021
0.0164801
0.016907
0.0173444
0.0177651
0.0181491
0.0185581
0.0189967
0.019399
0.0197615
0.0201491
0.0206042
0.0210988
0.0215695
0.022
0.0224401
0.0229477
0.0235022
0.0240185
0.0244799
0.0249835
0.0255457
0.0260714
0.0265566
0.0270612
0.0275984
0.02817
0.0288022
0.0294746
0.0301295
0.0307615
0.0314051
0.0320547
0.0326911
0.033308
0.0339061
0.03452
0.0351746
0.0358613
0.0365409
0.037238
0.0379802
0.0387468
0.039487
0.0402384
0.0410551
0.0418951
0.0427291
0.0435652
0.0443796
0.0451563
0.0459595
0.0468293
0.0477843
0.0487493
0.0497097
0.0506904
0.0516692
0.0526122
0.0535997
0.0546115
0.0556372
0.0566982
0.0577931
0.0588869
0.0599877
0.0611253
0.0622898
0.0634953
0.064703
0.0659568
0.0672041
0.0685022
0.0698367
0.0711905
0.0725633
0.0739564
0.0754038
0.0768754
0.0783652
0.0798655
0.0813402
0.0829078
0.0844771
0.0860824
0.087699
0.0893085
0.0909108
0.092442
0.09389
0.095177
0.0205305
0.0200876
0.0184833
0.0160078
0.0141577
0.0136131
0.0139881
0.0147039
0.0154321
0.0160512
0.0165373
0.0169532
0.0173724
0.0177827
0.018168
0.0185801
0.0190156
0.0194137
0.019778
0.0201699
0.0206242
0.021112
0.0215782
0.0220108
0.0224543
0.0229601
0.0235092
0.0240238
0.0244877
0.0249922
0.0255519
0.0260759
0.026562
0.027068
0.0276061
0.0281776
0.0288079
0.0294773
0.0301303
0.0307622
0.0314058
0.0320545
0.0326899
0.0333073
0.0339076
0.0345231
0.0351776
0.0358635
0.0365435
0.0372409
0.0379823
0.038748
0.0394887
0.0402408
0.0410566
0.0418951
0.042728
0.0435637
0.0443781
0.0451553
0.0459594
0.0468303
0.0477862
0.0487513
0.0497105
0.0506901
0.0516685
0.0526118
0.0535995
0.0546118
0.0556381
0.0566992
0.0577938
0.0588875
0.0599884
0.0611262
0.0622909
0.0634966
0.0647041
0.0659578
0.0672052
0.0685032
0.0698374
0.0711912
0.072564
0.0739569
0.0754039
0.0768754
0.0783652
0.0798658
0.0813407
0.0829081
0.0844774
0.0860825
0.0876996
0.0893091
0.0909118
0.0924455
0.0938945
0.0951797
0.0202106
0.0198159
0.0184704
0.01624
0.0144658
0.013859
0.0141165
0.0147501
0.0154609
0.0160977
0.0165957
0.0170025
0.0174031
0.017802
0.0181881
0.0186031
0.0190355
0.0194291
0.0197951
0.0201917
0.020645
0.021126
0.0215874
0.0220222
0.0224694
0.0229732
0.0235167
0.0240294
0.024496
0.0250013
0.0255583
0.0260805
0.0265677
0.0270754
0.0276147
0.0281862
0.0288142
0.0294803
0.0301313
0.0307629
0.0314066
0.0320543
0.0326887
0.0333066
0.0339091
0.0345263
0.0351807
0.0358659
0.0365461
0.037244
0.0379845
0.0387493
0.0394905
0.0402432
0.0410582
0.0418952
0.0427269
0.0435621
0.0443765
0.0451544
0.0459596
0.0468313
0.0477878
0.048753
0.0497112
0.0506896
0.0516676
0.0526113
0.0535995
0.054612
0.055639
0.0567002
0.0577946
0.0588881
0.0599891
0.061127
0.0622921
0.0634979
0.0647053
0.0659589
0.0672064
0.0685043
0.0698382
0.0711919
0.0725648
0.0739575
0.0754041
0.0768753
0.0783652
0.0798659
0.0813413
0.0829085
0.0844778
0.0860826
0.0877001
0.0893097
0.0909128
0.0924492
0.0938995
0.0951826
0.0199104
0.0195537
0.0184432
0.0164512
0.0147621
0.0141106
0.0142613
0.0148064
0.0154895
0.0161413
0.0166542
0.0170547
0.0174366
0.0178232
0.0182094
0.0186272
0.0190562
0.0194452
0.0198128
0.0202143
0.0206669
0.0211409
0.0215973
0.0220342
0.0224852
0.0229871
0.0235248
0.0240354
0.0245046
0.0250108
0.0255649
0.0260853
0.0265736
0.0270835
0.027624
0.0281955
0.0288211
0.0294836
0.0301323
0.0307638
0.0314076
0.0320543
0.0326875
0.0333059
0.0339106
0.0345297
0.0351839
0.0358683
0.0365489
0.0372472
0.0379868
0.0387506
0.0394923
0.0402458
0.0410599
0.0418954
0.0427258
0.0435604
0.0443749
0.0451539
0.0459603
0.0468326
0.0477893
0.0487545
0.0497118
0.050689
0.0516667
0.0526109
0.0535995
0.0546125
0.0556399
0.0567013
0.0577953
0.0588888
0.0599898
0.0611279
0.0622932
0.0634992
0.0647065
0.06596
0.0672077
0.0685056
0.0698391
0.0711927
0.0725657
0.0739582
0.0754045
0.0768752
0.0783651
0.079866
0.0813419
0.0829091
0.0844782
0.0860827
0.0877006
0.0893103
0.0909139
0.0924532
0.0939048
0.0951857
0.0196279
0.0193009
0.0184041
0.0166433
0.0150448
0.0143642
0.0144224
0.0148753
0.0155198
0.0161818
0.0167119
0.0171092
0.0174732
0.0178467
0.0182323
0.0186525
0.0190779
0.0194619
0.0198312
0.0202378
0.0206898
0.0211566
0.0216078
0.0220469
0.0225018
0.0230018
0.0235334
0.0240418
0.0245136
0.0250206
0.0255717
0.0260902
0.0265799
0.0270921
0.0276341
0.0282054
0.0288285
0.0294872
0.0301334
0.0307647
0.0314087
0.0320545
0.0326864
0.0333052
0.0339122
0.0345332
0.0351873
0.0358709
0.0365517
0.0372505
0.0379893
0.038752
0.0394941
0.0402484
0.0410618
0.0418956
0.0427247
0.0435586
0.0443736
0.0451539
0.0459617
0.0468344
0.0477908
0.0487557
0.0497123
0.0506884
0.0516658
0.0526107
0.0535999
0.0546131
0.055641
0.0567024
0.0577961
0.0588895
0.0599906
0.0611289
0.0622944
0.0635005
0.0647077
0.0659611
0.067209
0.0685069
0.0698401
0.0711934
0.0725666
0.0739591
0.0754049
0.0768751
0.0783649
0.079866
0.0813425
0.0829097
0.0844787
0.0860828
0.0877012
0.089311
0.0909151
0.0924574
0.0939105
0.095189
0.0193626
0.019057
0.0183538
0.0168181
0.0153134
0.0146163
0.0145982
0.0149588
0.0155541
0.0162194
0.0167678
0.0171653
0.0175127
0.0178726
0.018257
0.0186792
0.0191006
0.0194794
0.0198503
0.0202623
0.0207139
0.0211733
0.021619
0.0220602
0.0225192
0.0230172
0.0235425
0.0240485
0.024523
0.0250309
0.0255789
0.0260953
0.0265866
0.0271013
0.0276448
0.0282158
0.0288362
0.029491
0.0301347
0.0307657
0.0314099
0.0320547
0.0326854
0.0333045
0.0339139
0.0345368
0.0351908
0.0358736
0.0365547
0.037254
0.0379919
0.0387534
0.039496
0.0402512
0.0410637
0.0418959
0.0427236
0.0435569
0.0443724
0.0451546
0.045964
0.0468369
0.0477924
0.0487567
0.0497128
0.0506878
0.0516649
0.0526107
0.0536004
0.0546139
0.0556423
0.0567036
0.0577969
0.0588902
0.0599916
0.06113
0.0622957
0.0635018
0.0647089
0.0659622
0.0672103
0.0685083
0.0698411
0.0711942
0.0725676
0.0739601
0.0754054
0.076875
0.0783647
0.079866
0.0813431
0.0829104
0.0844793
0.086083
0.0877018
0.0893118
0.0909163
0.0924618
0.0939165
0.0951925
0.0191156
0.0188225
0.018291
0.0169769
0.0155689
0.0148641
0.0147861
0.0150584
0.0155949
0.016255
0.016821
0.0172218
0.0175549
0.0179013
0.0182838
0.0187076
0.0191244
0.0194976
0.0198701
0.0202877
0.020739
0.0211909
0.0216309
0.0220742
0.0225374
0.0230335
0.0235522
0.0240556
0.0245328
0.0250416
0.0255864
0.0261007
0.0265936
0.0271109
0.027656
0.0282267
0.0288443
0.0294951
0.0301361
0.0307669
0.0314113
0.0320552
0.0326844
0.0333038
0.0339156
0.0345405
0.0351945
0.0358763
0.0365577
0.0372576
0.0379946
0.038755
0.039498
0.040254
0.0410658
0.0418963
0.0427226
0.0435553
0.0443715
0.045156
0.0459671
0.0468402
0.0477942
0.0487575
0.0497131
0.0506871
0.051664
0.0526108
0.0536013
0.0546149
0.0556436
0.0567049
0.0577977
0.058891
0.0599927
0.0611314
0.0622971
0.0635031
0.0647101
0.0659634
0.0672117
0.0685098
0.0698422
0.071195
0.0725686
0.0739611
0.075406
0.076875
0.0783644
0.0798659
0.0813438
0.0829111
0.0844799
0.0860832
0.0877024
0.0893126
0.0909176
0.0924663
0.0939228
0.0951963
0.0188872
0.0186008
0.0182153
0.017119
0.015813
0.0151056
0.0149824
0.0151753
0.0156453
0.0162901
0.0168712
0.0172778
0.017599
0.0179327
0.0183131
0.0187378
0.0191496
0.0195166
0.0198907
0.0203141
0.0207651
0.0212095
0.0216435
0.0220888
0.0225564
0.0230506
0.0235625
0.0240631
0.0245432
0.025053
0.0255943
0.0261065
0.026601
0.027121
0.0276675
0.0282378
0.0288527
0.0294994
0.0301378
0.0307682
0.0314128
0.0320557
0.0326835
0.0333031
0.0339173
0.0345444
0.0351983
0.0358791
0.0365608
0.0372614
0.0379975
0.0387566
0.0395001
0.040257
0.0410679
0.0418967
0.0427217
0.0435538
0.0443708
0.0451578
0.045971
0.0468442
0.0477963
0.0487582
0.0497134
0.0506865
0.0516632
0.0526112
0.0536024
0.0546161
0.055645
0.0567062
0.0577985
0.0588917
0.059994
0.0611329
0.0622986
0.0635044
0.0647114
0.0659646
0.0672131
0.0685114
0.0698433
0.0711958
0.0725696
0.0739622
0.0754068
0.076875
0.0783641
0.0798657
0.0813444
0.0829119
0.0844806
0.0860834
0.087703
0.0893136
0.090919
0.0924711
0.0939294
0.0952003
0.0186735
0.0183975
0.0181294
0.0172419
0.0160467
0.0153402
0.0151827
0.0153091
0.015708
0.0163262
0.0169179
0.0173322
0.0176442
0.0179668
0.018345
0.0187701
0.0191763
0.0195365
0.0199119
0.0203414
0.0207925
0.021229
0.0216569
0.0221041
0.0225762
0.0230685
0.0235734
0.024071
0.024554
0.0250649
0.0256027
0.0261126
0.0266088
0.0271316
0.0276793
0.0282492
0.0288614
0.029504
0.0301396
0.0307696
0.0314145
0.0320565
0.0326827
0.0333025
0.0339191
0.0345484
0.0352023
0.035882
0.036564
0.0372653
0.0380006
0.0387584
0.0395022
0.04026
0.0410702
0.0418971
0.0427208
0.0435523
0.0443703
0.0451599
0.0459753
0.0468488
0.0477987
0.0487589
0.0497136
0.0506858
0.0516624
0.0526116
0.0536036
0.0546174
0.0556465
0.0567075
0.0577994
0.0588926
0.0599954
0.0611347
0.0623002
0.0635058
0.0647127
0.0659659
0.0672146
0.068513
0.0698445
0.0711967
0.0725707
0.0739633
0.0754076
0.0768751
0.0783638
0.0798656
0.0813452
0.0829126
0.0844813
0.0860837
0.0877038
0.0893146
0.0909206
0.092476
0.0939363
0.0952045
0.0184665
0.0182151
0.0180398
0.0173435
0.0162697
0.0155683
0.0153827
0.0154579
0.0157856
0.0163658
0.0169616
0.0173845
0.0176898
0.018003
0.0183797
0.018805
0.0192048
0.0195576
0.0199339
0.0203696
0.0208209
0.0212495
0.0216709
0.0221201
0.0225969
0.0230873
0.0235849
0.0240793
0.0245653
0.0250774
0.0256117
0.0261192
0.0266171
0.0271425
0.0276914
0.0282608
0.0288704
0.0295088
0.0301416
0.0307711
0.0314163
0.0320574
0.0326821
0.0333019
0.0339209
0.0345526
0.0352064
0.035885
0.0365673
0.0372694
0.0380038
0.0387602
0.0395044
0.0402631
0.0410725
0.0418976
0.0427199
0.0435509
0.0443699
0.0451623
0.0459799
0.0468536
0.0478012
0.0487595
0.0497138
0.0506852
0.0516616
0.052612
0.0536049
0.0546187
0.0556481
0.0567089
0.0578002
0.0588934
0.0599969
0.0611366
0.062302
0.0635072
0.0647141
0.0659672
0.0672161
0.0685148
0.0698458
0.0711976
0.0725718
0.0739645
0.0754084
0.0768753
0.0783636
0.0798655
0.081346
0.0829135
0.0844821
0.086084
0.0877045
0.0893157
0.0909223
0.0924812
0.0939435
0.0952091
0.0182572
0.0180497
0.0179543
0.0174248
0.0164801
0.0157917
0.0155797
0.0156174
0.0158797
0.0164117
0.0170031
0.0174341
0.0177348
0.0180406
0.0184172
0.0188426
0.0192353
0.0195799
0.0199567
0.0203986
0.0208505
0.021271
0.0216857
0.0221368
0.0226184
0.0231069
0.023597
0.0240881
0.0245772
0.0250906
0.0256211
0.0261261
0.0266258
0.0271537
0.0277038
0.0282727
0.0288796
0.029514
0.0301438
0.0307729
0.0314184
0.0320585
0.0326815
0.0333013
0.0339229
0.0345569
0.0352106
0.035888
0.0365707
0.0372736
0.0380072
0.0387622
0.0395067
0.0402664
0.0410749
0.0418981
0.0427192
0.0435496
0.0443697
0.0451648
0.0459848
0.0468587
0.0478039
0.0487602
0.049714
0.0506846
0.0516609
0.0526125
0.0536063
0.0546201
0.0556497
0.0567104
0.0578011
0.0588943
0.0599984
0.0611386
0.0623038
0.0635087
0.0647155
0.0659685
0.0672178
0.0685166
0.0698472
0.0711986
0.072573
0.0739658
0.0754094
0.0768756
0.0783634
0.0798655
0.0813468
0.0829143
0.0844829
0.0860844
0.0877053
0.089317
0.0909242
0.0924866
0.093951
0.0952138
0.0180417
0.0178924
0.0178785
0.0174903
0.016674
0.0160115
0.0157737
0.0157828
0.0159905
0.0164676
0.0170435
0.0174806
0.0177788
0.0180791
0.018457
0.0188832
0.0192681
0.0196036
0.0199804
0.0204286
0.0208811
0.0212935
0.0217011
0.0221542
0.0226409
0.0231275
0.0236097
0.0240973
0.0245897
0.0251045
0.0256312
0.0261335
0.0266349
0.0271654
0.0277164
0.0282848
0.0288891
0.0295194
0.0301462
0.0307748
0.0314206
0.0320599
0.0326811
0.0333008
0.0339249
0.0345614
0.035215
0.0358911
0.0365741
0.037278
0.0380108
0.0387642
0.039509
0.0402697
0.0410774
0.0418986
0.0427185
0.0435483
0.0443695
0.0451674
0.0459897
0.0468639
0.0478067
0.0487609
0.0497142
0.050684
0.0516601
0.0526131
0.0536077
0.0546215
0.0556514
0.0567119
0.0578021
0.0588953
0.0600001
0.0611407
0.0623058
0.0635102
0.0647169
0.06597
0.0672195
0.0685185
0.0698487
0.0711996
0.0725742
0.073967
0.0754103
0.0768759
0.0783632
0.0798654
0.0813477
0.0829152
0.0844838
0.0860848
0.0877062
0.0893184
0.0909263
0.0924922
0.0939589
0.0952189
0.0178249
0.0177344
0.0178122
0.0175479
0.0168485
0.0162258
0.015967
0.01595
0.0161158
0.0165367
0.0170849
0.0175237
0.0178216
0.0181177
0.0184985
0.0189265
0.0193036
0.0196289
0.0200051
0.0204597
0.0209128
0.0213169
0.0217174
0.0221722
0.0226644
0.0231491
0.0236232
0.0241069
0.0246027
0.0251192
0.0256419
0.0261414
0.0266444
0.0271775
0.0277293
0.0282971
0.0288989
0.0295252
0.0301489
0.0307769
0.0314231
0.0320615
0.0326809
0.0333004
0.033927
0.034566
0.0352196
0.0358943
0.0365776
0.0372826
0.0380146
0.0387664
0.0395114
0.0402732
0.0410799
0.0418991
0.0427178
0.0435472
0.0443694
0.0451699
0.0459947
0.0468691
0.0478095
0.0487617
0.0497144
0.0506834
0.0516594
0.0526137
0.0536091
0.0546229
0.0556531
0.0567135
0.057803
0.0588964
0.0600018
0.0611429
0.0623078
0.0635118
0.0647185
0.0659715
0.0672213
0.0685206
0.0698502
0.0712007
0.0725755
0.0739684
0.0754114
0.0768763
0.078363
0.0798655
0.0813486
0.0829161
0.0844847
0.0860852
0.0877071
0.0893199
0.0909286
0.092498
0.0939671
0.0952244
0.0176152
0.0175724
0.0177498
0.0176051
0.0170045
0.0164288
0.0161616
0.0161182
0.0162513
0.0166209
0.0171309
0.0175637
0.0178625
0.0181562
0.0185411
0.0189723
0.0193419
0.0196563
0.020031
0.0204918
0.0209457
0.0213413
0.0217343
0.022191
0.0226887
0.0231719
0.0236374
0.024117
0.0246163
0.0251346
0.0256532
0.0261498
0.0266545
0.02719
0.0277425
0.0283096
0.028909
0.0295312
0.0301518
0.0307792
0.0314258
0.0320634
0.0326808
0.0333001
0.0339292
0.0345709
0.0352244
0.0358975
0.0365812
0.0372874
0.0380185
0.0387686
0.0395139
0.0402768
0.0410826
0.0418997
0.0427172
0.0435462
0.0443695
0.0451725
0.0459998
0.0468743
0.0478124
0.0487625
0.0497146
0.0506828
0.0516587
0.0526143
0.0536106
0.0546243
0.0556549
0.0567151
0.0578041
0.0588974
0.0600037
0.0611451
0.0623098
0.0635135
0.0647201
0.0659731
0.0672231
0.0685227
0.0698519
0.0712018
0.0725768
0.0739697
0.0754124
0.0768766
0.0783629
0.0798655
0.0813496
0.082917
0.0844857
0.0860857
0.087708
0.0893216
0.090931
0.0925041
0.0939758
0.0952301
0.017416
0.0174093
0.0176842
0.0176661
0.0171491
0.0166146
0.0163554
0.0162901
0.0163921
0.0167191
0.0171859
0.0176016
0.0179006
0.0181944
0.0185842
0.0190203
0.0193829
0.0196859
0.0200583
0.0205251
0.02098
0.0213668
0.0217519
0.0222104
0.022714
0.0231957
0.0236525
0.0241276
0.0246305
0.0251508
0.0256652
0.0261586
0.026665
0.0272029
0.0277559
0.0283224
0.0289195
0.0295376
0.0301551
0.0307818
0.0314287
0.0320655
0.032681
0.0332998
0.0339315
0.034576
0.0352293
0.0359008
0.0365849
0.0372923
0.0380226
0.038771
0.0395164
0.0402805
0.0410853
0.0419003
0.0427166
0.0435453
0.0443696
0.0451752
0.0460048
0.0468796
0.0478154
0.0487634
0.0497149
0.0506824
0.051658
0.0526149
0.0536121
0.0546258
0.0556567
0.0567168
0.0578052
0.0588986
0.0600055
0.0611474
0.062312
0.0635153
0.0647217
0.0659748
0.0672251
0.0685248
0.0698536
0.071203
0.0725782
0.0739712
0.0754135
0.076877
0.0783627
0.0798655
0.0813506
0.0829179
0.0844866
0.0860863
0.087709
0.0893235
0.0909336
0.0925103
0.0939848
0.0952362
0.0172251
0.0172502
0.017611
0.0177276
0.0172927
0.0167826
0.0165409
0.0164682
0.0165374
0.0168276
0.017253
0.0176406
0.0179352
0.0182319
0.0186278
0.0190699
0.0194264
0.0197176
0.0200874
0.0205598
0.0210158
0.0213935
0.02177
0.0222304
0.0227403
0.0232207
0.0236685
0.0241387
0.0246453
0.0251678
0.025678
0.026168
0.026676
0.0272163
0.0277697
0.0283355
0.0289303
0.0295444
0.0301586
0.0307846
0.031432
0.032068
0.0326814
0.0332996
0.0339339
0.0345812
0.0352344
0.0359042
0.0365886
0.0372974
0.0380269
0.0387734
0.039519
0.0402844
0.0410881
0.0419009
0.0427162
0.0435446
0.0443699
0.0451778
0.0460097
0.0468848
0.0478184
0.0487644
0.0497153
0.0506819
0.0516574
0.0526156
0.0536136
0.0546272
0.0556586
0.0567186
0.0578063
0.0588998
0.0600075
0.0611498
0.0623142
0.0635171
0.0647235
0.0659765
0.0672271
0.0685271
0.0698553
0.0712043
0.0725797
0.0739726
0.0754146
0.0768775
0.0783627
0.0798656
0.0813517
0.0829189
0.0844877
0.086087
0.0877101
0.0893255
0.0909364
0.0925168
0.0939942
0.0952427
0.0170398
0.0170975
0.0175303
0.0177814
0.017442
0.0169396
0.0167095
0.0166507
0.0166909
0.016942
0.0173315
0.0176851
0.0179666
0.0182677
0.0186719
0.0191204
0.019472
0.0197514
0.0201182
0.0205962
0.021053
0.0214217
0.0217889
0.0222508
0.0227676
0.023247
0.0236855
0.0241504
0.0246606
0.0251857
0.0256915
0.0261779
0.0266875
0.0272302
0.0277838
0.0283487
0.0289413
0.0295515
0.0301624
0.0307877
0.0314355
0.0320708
0.032682
0.0332996
0.0339364
0.0345867
0.0352398
0.0359077
0.0365925
0.0373027
0.0380315
0.038776
0.0395217
0.0402884
0.041091
0.0419015
0.0427158
0.043544
0.0443702
0.0451805
0.0460147
0.04689
0.0478215
0.0487654
0.0497157
0.0506815
0.0516568
0.0526164
0.0536151
0.0546287
0.0556605
0.0567204
0.0578075
0.0589011
0.0600095
0.0611522
0.0623165
0.063519
0.0647253
0.0659783
0.0672291
0.0685294
0.0698571
0.0712056
0.0725812
0.0739741
0.0754158
0.076878
0.0783626
0.0798657
0.0813529
0.08292
0.0844887
0.0860877
0.0877112
0.0893277
0.0909395
0.0925235
0.0940041
0.0952497
0.0168614
0.0169513
0.0174463
0.0178202
0.0175938
0.0170971
0.0168584
0.0168289
0.0168573
0.0170616
0.0174174
0.0177391
0.0179976
0.0183004
0.0187161
0.0191719
0.0195193
0.019787
0.0201507
0.0206348
0.0210921
0.0214512
0.0218088
0.0222714
0.0227955
0.0232747
0.0237036
0.0241627
0.0246766
0.0252044
0.0257059
0.0261884
0.0266995
0.0272446
0.0277982
0.0283622
0.0289527
0.029559
0.0301665
0.0307911
0.0314393
0.0320739
0.0326829
0.0332996
0.0339391
0.0345924
0.0352453
0.0359113
0.0365964
0.0373082
0.0380362
0.0387786
0.0395245
0.0402925
0.041094
0.0419022
0.0427155
0.0435435
0.0443707
0.0451833
0.0460196
0.0468952
0.0478246
0.0487665
0.0497162
0.0506812
0.0516563
0.0526172
0.0536167
0.0546302
0.0556625
0.0567224
0.0578088
0.0589024
0.0600116
0.0611547
0.0623189
0.063521
0.0647272
0.0659802
0.0672312
0.0685319
0.069859
0.071207
0.0725828
0.0739757
0.0754169
0.0768785
0.0783627
0.0798658
0.081354
0.0829211
0.0844898
0.0860885
0.0877124
0.0893301
0.0909427
0.0925303
0.0940144
0.095257
0.0166941
0.0168115
0.0173637
0.0178416
0.0177373
0.017264
0.0169946
0.0169913
0.0170349
0.0171919
0.0175064
0.017802
0.0180328
0.0183299
0.0187594
0.0192245
0.0195681
0.0198242
0.0201843
0.0206754
0.0211337
0.0214823
0.0218298
0.0222927
0.022824
0.0233036
0.0237229
0.0241757
0.0246932
0.025224
0.0257211
0.0261995
0.026712
0.0272594
0.027813
0.028376
0.0289645
0.0295669
0.0301711
0.0307947
0.0314435
0.0320774
0.0326841
0.0332998
0.0339419
0.0345983
0.0352511
0.035915
0.0366004
0.0373139
0.0380412
0.0387814
0.0395273
0.0402967
0.0410972
0.041903
0.0427152
0.0435433
0.0443714
0.045186
0.0460245
0.0469003
0.0478278
0.0487678
0.0497168
0.0506809
0.0516558
0.0526181
0.0536183
0.0546317
0.0556646
0.0567244
0.0578102
0.0589039
0.0600138
0.0611573
0.0623213
0.063523
0.0647292
0.0659822
0.0672335
0.0685344
0.069861
0.0712084
0.0725844
0.0739773
0.0754182
0.0768791
0.0783627
0.0798659
0.0813553
0.0829222
0.084491
0.0860894
0.0877136
0.0893327
0.0909462
0.0925374
0.0940251
0.0952648
0.0165406
0.0166795
0.0172843
0.0178497
0.0178623
0.0174396
0.0171316
0.0171313
0.0172135
0.0173398
0.0175985
0.0178692
0.0180761
0.0183585
0.0188002
0.0192782
0.0196182
0.0198628
0.0202187
0.0207175
0.0211783
0.0215154
0.0218517
0.0223148
0.0228529
0.0233334
0.0237435
0.0241894
0.0247105
0.0252446
0.0257372
0.0262112
0.0267251
0.0272748
0.0278283
0.0283902
0.0289765
0.0295751
0.030176
0.0307987
0.031448
0.0320813
0.0326856
0.0333002
0.0339448
0.0346045
0.0352571
0.0359188
0.0366045
0.0373198
0.0380464
0.0387843
0.0395302
0.0403011
0.0411004
0.0419038
0.0427151
0.0435432
0.0443721
0.0451888
0.0460293
0.0469055
0.047831
0.0487691
0.0497174
0.0506808
0.0516554
0.052619
0.0536199
0.0546332
0.0556667
0.0567264
0.0578116
0.0589054
0.060016
0.0611599
0.0623238
0.0635252
0.0647313
0.0659842
0.0672357
0.068537
0.069863
0.0712099
0.0725862
0.0739789
0.0754194
0.0768798
0.0783628
0.0798661
0.0813566
0.0829234
0.0844922
0.0860905
0.0877149
0.0893356
0.0909499
0.0925447
0.0940363
0.0952731
0.0163998
0.0165587
0.0172083
0.0178506
0.0179644
0.0176123
0.0172819
0.0172552
0.0173784
0.0175053
0.0177013
0.0179359
0.0181265
0.0183907
0.0188383
0.0193317
0.0196697
0.0199025
0.0202539
0.0207604
0.0212258
0.0215514
0.0218744
0.0223376
0.0228829
0.0233641
0.0237653
0.024204
0.0247284
0.0252663
0.0257543
0.0262236
0.0267387
0.0272906
0.0278439
0.0284046
0.028989
0.0295838
0.0301813
0.0308031
0.0314529
0.0320856
0.0326874
0.0333006
0.0339478
0.034611
0.0352633
0.0359226
0.0366086
0.0373259
0.0380519
0.0387873
0.0395332
0.0403057
0.0411038
0.0419047
0.0427152
0.0435433
0.0443731
0.0451916
0.0460342
0.0469106
0.0478343
0.0487705
0.0497182
0.0506807
0.0516551
0.0526201
0.0536216
0.0546348
0.0556688
0.0567286
0.0578131
0.0589069
0.0600184
0.0611627
0.0623264
0.0635274
0.0647335
0.0659863
0.0672381
0.0685396
0.0698651
0.0712115
0.072588
0.0739806
0.0754207
0.0768805
0.078363
0.0798662
0.0813579
0.0829247
0.0844934
0.0860917
0.0877163
0.0893386
0.090954
0.0925522
0.0940478
0.0952819
0.0162654
0.016453
0.0171373
0.0178487
0.0180461
0.0177683
0.0174477
0.0173788
0.0175191
0.0176773
0.0178244
0.0180029
0.0181784
0.0184296
0.0188761
0.0193842
0.0197223
0.019943
0.0202899
0.0208038
0.0212756
0.0215913
0.0218985
0.0223605
0.0229141
0.0233959
0.0237878
0.0242194
0.0247471
0.025289
0.0257724
0.0262366
0.0267528
0.0273071
0.0278599
0.0284194
0.0290018
0.0295929
0.0301869
0.0308079
0.0314582
0.0320903
0.0326897
0.0333013
0.033951
0.0346177
0.0352699
0.0359266
0.0366128
0.0373322
0.0380576
0.0387904
0.0395362
0.0403104
0.0411074
0.0419056
0.0427153
0.0435436
0.0443741
0.0451945
0.0460389
0.0469157
0.0478376
0.048772
0.049719
0.0506807
0.0516548
0.0526212
0.0536234
0.0546363
0.0556711
0.0567308
0.0578146
0.0589086
0.0600208
0.0611655
0.0623291
0.0635298
0.0647358
0.0659886
0.0672405
0.0685424
0.0698672
0.0712132
0.0725898
0.0739824
0.075422
0.0768812
0.0783632
0.0798664
0.0813593
0.082926
0.0844947
0.086093
0.0877177
0.0893419
0.0909583
0.0925599
0.0940599
0.0952912
0.0161287
0.0163625
0.0170764
0.0178463
0.0181146
0.0178986
0.0176175
0.0175188
0.0176394
0.0178378
0.0179704
0.0180801
0.0182269
0.0184732
0.0189171
0.0194359
0.0197754
0.0199836
0.0203266
0.0208481
0.0213265
0.0216348
0.0219251
0.0223832
0.0229463
0.0234295
0.0238109
0.0242352
0.0247667
0.0253131
0.0257918
0.0262501
0.0267673
0.0273242
0.0278765
0.0284345
0.0290151
0.0296025
0.030193
0.030813
0.0314639
0.0320955
0.0326923
0.0333022
0.0339543
0.0346247
0.0352768
0.0359306
0.036617
0.0373388
0.0380636
0.0387937
0.0395393
0.0403152
0.041111
0.0419067
0.0427156
0.0435441
0.0443754
0.0451974
0.0460436
0.0469207
0.047841
0.0487736
0.04972
0.0506808
0.0516546
0.0526223
0.0536251
0.0546379
0.0556734
0.0567332
0.0578162
0.0589103
0.0600233
0.0611683
0.0623319
0.0635322
0.0647381
0.0659909
0.0672431
0.0685453
0.0698695
0.0712149
0.0725917
0.0739842
0.0754234
0.076882
0.0783634
0.0798666
0.0813608
0.0829274
0.084496
0.0860944
0.0877193
0.0893453
0.090963
0.0925677
0.0940723
0.095301
0.0159813
0.0162787
0.0170304
0.0178466
0.0181773
0.0180028
0.0177733
0.0176821
0.0177579
0.0179717
0.0181274
0.0181803
0.0182735
0.0185147
0.0189629
0.0194896
0.0198294
0.0200235
0.0203627
0.020894
0.0213788
0.0216809
0.0219552
0.0224063
0.0229785
0.0234656
0.0238353
0.0242508
0.024787
0.0253386
0.0258125
0.0262643
0.0267822
0.0273419
0.0278936
0.0284499
0.0290287
0.0296126
0.0301994
0.0308184
0.03147
0.0321013
0.0326954
0.0333033
0.0339576
0.0346319
0.035284
0.0359349
0.0366213
0.0373455
0.0380698
0.0387971
0.0395425
0.0403202
0.0411149
0.0419078
0.042716
0.0435448
0.0443768
0.0452003
0.0460483
0.0469257
0.0478444
0.0487753
0.0497211
0.050681
0.0516545
0.0526236
0.053627
0.0546395
0.0556758
0.0567356
0.0578179
0.0589122
0.0600259
0.0611713
0.0623347
0.0635347
0.0647406
0.0659933
0.0672457
0.0685483
0.0698718
0.0712167
0.0725938
0.0739861
0.0754248
0.0768829
0.0783637
0.0798669
0.0813623
0.0829289
0.0844973
0.086096
0.087721
0.089349
0.090968
0.0925758
0.0940852
0.0953115
0.0158215
0.0161865
0.0169992
0.0178555
0.018241
0.018089
0.0178993
0.0178582
0.0178958
0.0180793
0.0182747
0.0183087
0.0183308
0.0185487
0.0190089
0.0195483
0.0198868
0.0200625
0.0203958
0.0209412
0.0214337
0.0217285
0.0219886
0.0224311
0.0230102
0.0235037
0.023862
0.0242658
0.0248072
0.0253659
0.0258349
0.0262792
0.0267972
0.0273601
0.0279115
0.0284657
0.0290427
0.0296234
0.0302064
0.0308241
0.0314766
0.0321077
0.0326991
0.0333046
0.0339611
0.0346394
0.0352915
0.0359393
0.0366256
0.0373523
0.0380764
0.0388007
0.0395457
0.0403254
0.0411189
0.0419091
0.0427166
0.0435458
0.0443784
0.0452033
0.0460529
0.0469307
0.0478479
0.0487771
0.0497223
0.0506813
0.0516545
0.052625
0.0536288
0.054641
0.0556782
0.0567381
0.0578197
0.0589141
0.0600286
0.0611743
0.0623377
0.0635373
0.0647431
0.0659958
0.0672484
0.0685513
0.0698741
0.0712186
0.0725958
0.073988
0.0754262
0.0768839
0.0783641
0.0798672
0.0813638
0.0829305
0.0844987
0.0860978
0.0877228
0.089353
0.0909734
0.0925841
0.0940984
0.0953225
0.0156605
0.0160712
0.0169726
0.0178782
0.0183122
0.0181698
0.0179888
0.0180237
0.0180665
0.0181811
0.0183923
0.0184535
0.0184141
0.0185784
0.0190473
0.0196109
0.0199518
0.020103
0.0204235
0.0209875
0.0214932
0.0217779
0.0220232
0.0224585
0.0230422
0.0235428
0.0238919
0.0242811
0.0248262
0.0253948
0.0258595
0.0262949
0.0268125
0.0273786
0.02793
0.0284821
0.029057
0.0296346
0.0302141
0.0308303
0.0314834
0.0321146
0.0327033
0.0333063
0.0339647
0.0346472
0.0352994
0.035944
0.03663
0.0373594
0.0380833
0.0388044
0.0395489
0.0403307
0.0411231
0.0419104
0.0427173
0.043547
0.0443802
0.0452063
0.0460575
0.0469357
0.0478514
0.048779
0.0497237
0.0506817
0.0516546
0.0526265
0.0536308
0.0546427
0.0556807
0.0567407
0.0578216
0.0589161
0.0600314
0.0611775
0.0623407
0.06354
0.0647458
0.0659984
0.0672511
0.0685545
0.0698766
0.0712206
0.072598
0.0739899
0.0754278
0.076885
0.0783646
0.0798675
0.0813655
0.0829322
0.0845001
0.0860998
0.0877248
0.0893571
0.0909792
0.0925927
0.0941121
0.0953341
0.0155221
0.0159277
0.0169327
0.0179147
0.0183968
0.0182586
0.0180486
0.0181541
0.0182637
0.018304
0.0184759
0.0185913
0.0185314
0.0186184
0.0190723
0.0196697
0.0200269
0.0201507
0.0204451
0.0210282
0.0215579
0.0218318
0.0220573
0.0224876
0.0230763
0.0235824
0.0239243
0.024298
0.0248438
0.0254241
0.0258868
0.026312
0.0268279
0.0273974
0.027949
0.0284991
0.0290718
0.0296462
0.0302223
0.030837
0.0314906
0.032122
0.0327082
0.0333083
0.0339684
0.0346552
0.0353077
0.0359488
0.0366345
0.0373666
0.0380905
0.0388083
0.0395522
0.0403362
0.0411275
0.0419119
0.0427181
0.0435485
0.0443822
0.0452094
0.046062
0.0469406
0.047855
0.0487811
0.0497252
0.0506823
0.0516548
0.0526281
0.0536328
0.0546443
0.0556833
0.0567434
0.0578236
0.0589182
0.0600343
0.0611807
0.0623439
0.0635428
0.0647485
0.0660011
0.067254
0.0685577
0.0698791
0.0712226
0.0726003
0.073992
0.0754293
0.0768861
0.0783651
0.0798679
0.0813672
0.082934
0.0845015
0.0861019
0.0877269
0.0893614
0.0909854
0.0926014
0.0941261
0.0953463
0.0154293
0.0157692
0.0168603
0.017955
0.0184981
0.0183671
0.018097
0.0182331
0.0184608
0.01847
0.0185455
0.018697
0.0186714
0.0186867
0.0190894
0.0197147
0.0201079
0.0202128
0.0204649
0.0210576
0.0216253
0.0218945
0.0220912
0.0225154
0.0231137
0.0236239
0.0239581
0.0243171
0.0248608
0.0254528
0.0259166
0.026331
0.0268433
0.0274163
0.0279685
0.0285166
0.0290873
0.0296584
0.0302309
0.0308443
0.0314982
0.0321298
0.0327137
0.0333107
0.0339723
0.0346635
0.0353163
0.0359538
0.036639
0.037374
0.038098
0.0388124
0.0395556
0.0403418
0.0411322
0.0419136
0.0427192
0.0435502
0.0443844
0.0452125
0.0460665
0.0469455
0.0478586
0.0487833
0.0497268
0.0506829
0.0516551
0.0526299
0.0536348
0.054646
0.0556859
0.0567461
0.0578257
0.0589204
0.0600373
0.0611841
0.0623471
0.0635458
0.0647514
0.0660039
0.067257
0.0685611
0.0698817
0.0712248
0.0726026
0.0739941
0.0754309
0.0768873
0.0783657
0.0798684
0.081369
0.0829359
0.084503
0.0861043
0.0877292
0.089366
0.0909921
0.0926104
0.0941404
0.0953592
0.015393
0.0156228
0.0167455
0.0179808
0.0186151
0.0185024
0.0181558
0.0182613
0.0186251
0.0186817
0.0186328
0.0187597
0.0188082
0.0187932
0.0191156
0.0197409
0.0201836
0.020292
0.0204923
0.0210729
0.0216878
0.0219687
0.0221284
0.0225385
0.023153
0.0236701
0.023993
0.0243372
0.0248785
0.0254806
0.0259477
0.0263526
0.0268593
0.0274352
0.0279885
0.0285346
0.0291034
0.0296713
0.03024
0.0308521
0.0315064
0.0321383
0.0327199
0.0333135
0.0339762
0.0346721
0.0353255
0.035959
0.0366435
0.0373817
0.0381059
0.0388167
0.0395589
0.0403476
0.0411371
0.0419155
0.0427204
0.0435521
0.0443869
0.0452157
0.046071
0.0469503
0.0478622
0.0487856
0.0497285
0.0506837
0.0516555
0.0526317
0.053637
0.0546477
0.0556887
0.056749
0.0578278
0.0589228
0.0600404
0.0611875
0.0623504
0.0635488
0.0647544
0.0660069
0.0672601
0.0685646
0.0698844
0.071227
0.072605
0.0739962
0.0754326
0.0768886
0.0783664
0.0798689
0.0813708
0.082938
0.0845045
0.0861068
0.0877318
0.0893707
0.0909993
0.0926197
0.0941551
0.0953727
0.0154076
0.0155152
0.0165963
0.0179694
0.0187391
0.0186661
0.0182444
0.0182579
0.0187276
0.0189152
0.0187698
0.0187964
0.0189121
0.0189267
0.0191706
0.0197566
0.0202415
0.0203809
0.0205382
0.0210798
0.0217359
0.022053
0.0221761
0.0225552
0.0231895
0.0237233
0.0240312
0.0243566
0.024897
0.0255088
0.0259791
0.0263763
0.0268766
0.027454
0.0280089
0.0285531
0.0291199
0.029685
0.0302498
0.0308601
0.0315152
0.0321474
0.0327266
0.0333166
0.0339803
0.0346809
0.0353352
0.0359645
0.0366479
0.0373894
0.0381143
0.0388212
0.0395623
0.0403536
0.0411423
0.0419176
0.0427217
0.0435543
0.0443895
0.0452189
0.0460754
0.0469552
0.0478659
0.048788
0.0497305
0.0506847
0.0516561
0.0526337
0.0536392
0.0546494
0.0556915
0.056752
0.0578301
0.0589252
0.0600436
0.061191
0.0623539
0.063552
0.0647574
0.0660099
0.0672632
0.0685682
0.0698871
0.0712293
0.0726076
0.0739984
0.0754344
0.07689
0.0783672
0.0798695
0.0813727
0.0829402
0.084506
0.0861096
0.0877346
0.0893756
0.0910069
0.0926292
0.09417
0.095387
0.0154597
0.0154628
0.0164383
0.0179033
0.0188516
0.018856
0.0183757
0.0182521
0.0187559
0.0191321
0.0189717
0.0188416
0.0189663
0.0190602
0.0192646
0.0197813
0.0202773
0.020464
0.020607
0.0210914
0.0217631
0.0221379
0.0222409
0.0225694
0.0232172
0.0237825
0.0240772
0.0243747
0.0249141
0.025539
0.0260112
0.0264007
0.0268957
0.0274736
0.0280295
0.0285721
0.0291369
0.0296993
0.0302604
0.0308686
0.0315241
0.0321573
0.0327342
0.0333202
0.0339845
0.03469
0.0353454
0.0359705
0.0366523
0.0373971
0.0381232
0.038826
0.0395656
0.0403596
0.0411478
0.0419199
0.0427233
0.0435568
0.0443923
0.0452222
0.0460799
0.0469601
0.0478697
0.0487905
0.0497326
0.0506857
0.0516568
0.0526359
0.0536415
0.0546512
0.0556944
0.056755
0.0578325
0.0589277
0.0600469
0.0611947
0.0623574
0.0635553
0.0647606
0.0660131
0.0672665
0.0685718
0.0698899
0.0712317
0.0726102
0.0740007
0.0754362
0.0768916
0.078368
0.0798702
0.0813746
0.0829425
0.0845077
0.0861125
0.0877378
0.0893806
0.091015
0.0926391
0.0941852
0.0954018
0.015539
0.0154664
0.0163013
0.0177821
0.0189262
0.0190623
0.0185549
0.0182739
0.018722
0.0192915
0.0192233
0.0189341
0.0189828
0.0191621
0.0193856
0.0198357
0.0203032
0.0205261
0.0206884
0.0211232
0.0217745
0.0222093
0.0223239
0.0225907
0.0232316
0.0238422
0.024135
0.0243939
0.0249268
0.0255709
0.0260462
0.0264249
0.0269154
0.0274947
0.0280504
0.0285912
0.0291543
0.0297143
0.0302721
0.0308779
0.0315334
0.0321679
0.0327428
0.0333241
0.0339887
0.0346993
0.0353562
0.0359768
0.0366566
0.0374048
0.0381325
0.0388313
0.0395688
0.0403657
0.0411536
0.0419225
0.0427249
0.0435595
0.0443954
0.0452256
0.0460843
0.046965
0.0478735
0.0487932
0.0497348
0.050687
0.0516577
0.0526382
0.053644
0.054653
0.0556974
0.0567582
0.057835
0.0589304
0.0600503
0.0611985
0.0623611
0.0635586
0.064764
0.0660164
0.06727
0.0685756
0.0698928
0.0712343
0.0726129
0.074003
0.0754382
0.0768932
0.0783689
0.079871
0.0813767
0.082945
0.0845094
0.0861156
0.0877413
0.0893859
0.0910236
0.0926494
0.0942005
0.0954172
0.0156383
0.0155175
0.0162085
0.0176285
0.0189386
0.0192642
0.0187784
0.0183477
0.0186588
0.019364
0.0194851
0.019101
0.0189952
0.019212
0.0195057
0.0199281
0.0203421
0.0205635
0.0207622
0.0211825
0.0217873
0.0222565
0.022415
0.02263
0.0232346
0.0238939
0.0242062
0.0244199
0.0249331
0.0256015
0.0260863
0.0264498
0.0269337
0.0275174
0.0280728
0.0286102
0.0291719
0.0297298
0.0302844
0.030888
0.031543
0.0321789
0.0327523
0.0333287
0.0339928
0.0347088
0.0353678
0.0359838
0.036661
0.0374124
0.0381421
0.038837
0.0395722
0.0403718
0.0411598
0.0419254
0.0427268
0.0435625
0.0443988
0.0452291
0.0460888
0.0469699
0.0478774
0.0487959
0.0497372
0.0506884
0.0516587
0.0526407
0.0536465
0.0546549
0.0557005
0.0567614
0.0578377
0.0589332
0.0600538
0.0612024
0.0623648
0.0635621
0.0647674
0.0660198
0.0672735
0.0685795
0.0698958
0.0712369
0.0726157
0.0740054
0.0754402
0.0768949
0.0783699
0.079872
0.0813788
0.0829476
0.0845112
0.0861189
0.0877451
0.0893912
0.0910326
0.09266
0.0942161
0.0954331
0.0157479
0.0156082
0.0161685
0.017474
0.0188818
0.0194334
0.0190331
0.0184867
0.0186054
0.0193476
0.0197102
0.0193402
0.019044
0.0192175
0.0195931
0.0200431
0.0204158
0.0205932
0.0208083
0.0212557
0.0218225
0.0222829
0.0224966
0.0226923
0.0232367
0.023929
0.0242863
0.0244599
0.0249345
0.0256265
0.0261318
0.0264785
0.0269495
0.02754
0.0280981
0.0286299
0.029189
0.0297459
0.0302976
0.0308988
0.0315531
0.0321905
0.0327628
0.0333338
0.0339968
0.0347182
0.03538
0.0359914
0.0366653
0.0374199
0.0381521
0.0388431
0.0395756
0.0403779
0.0411662
0.0419287
0.0427287
0.0435657
0.0444025
0.0452326
0.0460932
0.0469747
0.0478813
0.0487989
0.0497398
0.0506899
0.0516599
0.0526433
0.0536491
0.0546568
0.0557036
0.0567648
0.0578406
0.0589361
0.0600573
0.0612064
0.0623687
0.0635658
0.064771
0.0660234
0.0672771
0.0685835
0.0698989
0.0712396
0.0726187
0.0740079
0.0754422
0.0768968
0.0783709
0.0798731
0.081381
0.0829503
0.0845132
0.0861224
0.0877494
0.0893968
0.0910421
0.0926711
0.0942317
0.0954496
0.0158517
0.0157338
0.0161784
0.0173443
0.0187725
0.0195435
0.0192955
0.0186891
0.0185985
0.0192696
0.0198557
0.0196186
0.0191644
0.0192089
0.0196285
0.0201518
0.0205301
0.020643
0.0208229
0.0213165
0.0218903
0.0223096
0.022553
0.0227688
0.0232523
0.0239449
0.0243646
0.0245181
0.024936
0.0256418
0.0261802
0.026514
0.0269637
0.02756
0.0281261
0.0286519
0.0292054
0.0297619
0.0303119
0.0309104
0.031564
0.0322029
0.0327743
0.0333398
0.0340007
0.0347276
0.0353929
0.0359998
0.0366696
0.0374273
0.0381625
0.0388496
0.039579
0.0403841
0.041173
0.0419323
0.0427309
0.0435691
0.0444064
0.0452364
0.0460977
0.0469796
0.0478853
0.0488019
0.0497426
0.0506916
0.0516612
0.0526461
0.0536519
0.0546588
0.0557068
0.0567682
0.0578435
0.0589392
0.0600611
0.0612106
0.0623727
0.0635695
0.0647746
0.0660271
0.0672809
0.0685876
0.0699021
0.0712424
0.0726217
0.0740105
0.0754444
0.0768988
0.078372
0.0798743
0.0813832
0.0829532
0.0845154
0.086126
0.0877541
0.0894026
0.0910519
0.0926827
0.0942476
0.0954666
0.0159288
0.0158869
0.0162352
0.017252
0.0186383
0.0195841
0.0195368
0.0189393
0.0186606
0.0191719
0.0199014
0.0198884
0.0193659
0.0192242
0.0196175
0.0202232
0.0206656
0.0207384
0.0208279
0.0213393
0.0219755
0.0223631
0.0225863
0.0228393
0.0232915
0.0239524
0.0244297
0.0245937
0.0249462
0.0256459
0.0262271
0.0265581
0.0269791
0.0275755
0.0281548
0.0286776
0.029222
0.0297767
0.0303269
0.0309229
0.0315751
0.0322159
0.0327867
0.0333465
0.0340046
0.0347367
0.0354066
0.0360092
0.036674
0.0374344
0.0381734
0.0388566
0.0395824
0.0403904
0.0411803
0.0419363
0.0427331
0.0435728
0.0444106
0.0452403
0.0461023
0.0469845
0.0478894
0.0488051
0.0497455
0.0506935
0.0516627
0.052649
0.0536547
0.0546609
0.05571
0.0567717
0.0578467
0.0589423
0.0600648
0.0612149
0.0623768
0.0635734
0.0647785
0.0660309
0.0672848
0.0685918
0.0699053
0.0712453
0.0726248
0.0740132
0.0754467
0.0769009
0.0783732
0.0798758
0.0813856
0.0829562
0.0845177
0.0861297
0.0877592
0.0894086
0.0910621
0.0926947
0.0942635
0.095484
0.0159606
0.0160506
0.0163383
0.0172015
0.018502
0.0195628
0.0197323
0.0192131
0.0187968
0.0190989
0.0198613
0.0201
0.0196257
0.019299
0.0195872
0.02024
0.0207903
0.0208843
0.0208568
0.0213168
0.0220447
0.0224573
0.0226198
0.0228836
0.0233464
0.0239678
0.0244755
0.0246768
0.0249734
0.0256419
0.0262668
0.0266103
0.0269993
0.027587
0.0281821
0.0287077
0.029241
0.0297902
0.0303417
0.0309369
0.031587
0.0322296
0.0328004
0.0333541
0.0340084
0.0347455
0.0354207
0.0360196
0.0366784
0.0374413
0.0381847
0.0388642
0.0395857
0.0403966
0.0411882
0.0419407
0.0427354
0.0435766
0.0444151
0.0452443
0.0461069
0.0469894
0.0478935
0.0488084
0.0497487
0.0506955
0.0516643
0.0526521
0.0536578
0.0546632
0.0557133
0.0567753
0.0578501
0.0589457
0.0600687
0.0612193
0.062381
0.0635774
0.0647824
0.0660349
0.0672889
0.0685961
0.0699086
0.0712484
0.072628
0.074016
0.075449
0.0769032
0.0783744
0.0798774
0.0813882
0.0829593
0.0845203
0.0861336
0.0877648
0.0894148
0.0910726
0.0927073
0.0942796
0.0955019
0.0159391
0.0162003
0.0164821
0.0171992
0.0183792
0.0194958
0.0198677
0.0194828
0.0189957
0.019084
0.0197732
0.0202211
0.0199013
0.0194503
0.0195718
0.0202087
0.0208725
0.0210587
0.0209413
0.0212743
0.0220656
0.022577
0.0226849
0.0229007
0.0233944
0.0240036
0.0245094
0.0247534
0.02502
0.0256377
0.0262943
0.0266674
0.0270266
0.027595
0.0282055
0.0287403
0.029264
0.0298033
0.030355
0.0309517
0.0315999
0.0322438
0.0328154
0.0333629
0.0340123
0.0347539
0.0354355
0.036031
0.0366831
0.0374478
0.0381966
0.0388725
0.0395888
0.0404026
0.0411966
0.0419458
0.0427378
0.0435804
0.0444198
0.0452486
0.0461117
0.0469944
0.0478977
0.0488118
0.049752
0.0506979
0.0516662
0.0526553
0.053661
0.0546656
0.0557167
0.056779
0.0578537
0.0589491
0.0600726
0.061224
0.0623854
0.0635815
0.0647865
0.066039
0.0672931
0.0686004
0.0699121
0.0712516
0.0726313
0.0740188
0.0754515
0.0769056
0.0783757
0.0798791
0.0813909
0.0829624
0.0845233
0.0861376
0.0877708
0.0894214
0.0910834
0.0927204
0.0942958
0.09552
0.0158697
0.016314
0.0166496
0.0172519
0.018285
0.0193996
0.0199408
0.0197229
0.0192338
0.0191408
0.0196807
0.0202515
0.0201448
0.0196657
0.0196044
0.0201539
0.0208942
0.0212256
0.0210903
0.0212508
0.0220265
0.0226849
0.0228023
0.022917
0.0234129
0.0240548
0.0245496
0.0248149
0.0250788
0.0256438
0.0263098
0.0267246
0.0270645
0.0276025
0.0282237
0.0287738
0.0292912
0.0298179
0.0303665
0.0309661
0.0316143
0.0322587
0.0328313
0.033373
0.0340161
0.0347618
0.0354507
0.0360436
0.0366879
0.0374538
0.0382087
0.0388818
0.0395918
0.0404081
0.0412057
0.0419516
0.0427402
0.0435844
0.0444249
0.045253
0.0461165
0.0469995
0.0479021
0.0488152
0.0497555
0.0507004
0.0516684
0.0526587
0.0536642
0.0546681
0.05572
0.0567828
0.0578575
0.0589527
0.0600767
0.0612287
0.0623899
0.0635857
0.0647907
0.0660433
0.0672976
0.0686049
0.0699155
0.071255
0.0726346
0.0740219
0.075454
0.0769082
0.0783771
0.079881
0.0813938
0.0829655
0.0845265
0.0861418
0.0877772
0.0894283
0.0910944
0.0927341
0.0943121
0.0955384
0.0157664
0.0163805
0.016816
0.0173553
0.018236
0.0192927
0.0199578
0.0199157
0.0194837
0.019264
0.0196213
0.0202177
0.020321
0.0199121
0.0197032
0.0201075
0.0208612
0.0213498
0.0212819
0.0212823
0.0219494
0.0227411
0.0229572
0.0229684
0.0233977
0.0240965
0.0246108
0.0248671
0.0251352
0.025665
0.0263179
0.0267742
0.0271132
0.0276131
0.0282359
0.0288072
0.029323
0.0298352
0.0303769
0.0309791
0.0316298
0.032275
0.0328481
0.0333845
0.03402
0.0347691
0.0354665
0.0360574
0.036693
0.0374592
0.0382213
0.038892
0.0395949
0.040413
0.0412152
0.0419584
0.0427427
0.0435882
0.0444303
0.0452578
0.0461213
0.0470046
0.0479065
0.0488188
0.0497591
0.0507032
0.0516707
0.0526622
0.0536677
0.0546708
0.0557234
0.0567867
0.0578616
0.0589563
0.0600807
0.0612336
0.0623945
0.0635901
0.064795
0.0660477
0.0673021
0.0686095
0.0699191
0.0712585
0.072638
0.074025
0.0754567
0.0769109
0.0783787
0.0798831
0.081397
0.0829687
0.0845301
0.0861461
0.0877839
0.0894357
0.0911056
0.0927481
0.0943287
0.0955571
0.0156455
0.0164023
0.0169595
0.0174901
0.0182426
0.0191983
0.0199316
0.0200541
0.0197196
0.0194346
0.0196153
0.0201541
0.0204197
0.0201493
0.0198627
0.0201002
0.020798
0.0214121
0.02148
0.0213857
0.0218761
0.0227259
0.0231095
0.0230798
0.0233754
0.0241017
0.0246892
0.0249297
0.0251797
0.0256969
0.0263292
0.0268115
0.0271678
0.0276313
0.0282406
0.0288373
0.0293594
0.0298557
0.0303874
0.0309903
0.031645
0.0322927
0.0328664
0.0333973
0.0340243
0.0347756
0.0354829
0.0360728
0.0366983
0.037464
0.0382343
0.0389035
0.0395982
0.0404174
0.041225
0.041966
0.0427455
0.0435919
0.0444359
0.0452629
0.0461263
0.0470099
0.0479112
0.0488224
0.0497628
0.0507062
0.0516734
0.052666
0.0536713
0.0546736
0.0557268
0.0567907
0.0578661
0.0589601
0.0600848
0.0612387
0.0623993
0.0635945
0.0647994
0.0660523
0.0673068
0.0686141
0.0699227
0.0712622
0.0726415
0.0740283
0.0754595
0.0769136
0.0783803
0.0798853
0.0814004
0.0829718
0.084534
0.0861508
0.0877908
0.0894436
0.0911169
0.0927627
0.0943454
0.0955759
0.0155185
0.0163894
0.0170709
0.0176331
0.0182988
0.0191373
0.0198799
0.0201398
0.0199231
0.0196282
0.0196665
0.020094
0.0204523
0.0203438
0.0200566
0.020148
0.0207342
0.0214138
0.0216483
0.0215471
0.0218478
0.0226575
0.0232161
0.0232422
0.0233851
0.0240618
0.0247572
0.0250193
0.0252172
0.0257259
0.0263524
0.0268405
0.0272219
0.0276627
0.0282416
0.0288595
0.0294007
0.0298813
0.030398
0.0310009
0.0316592
0.0323111
0.0328866
0.0334113
0.0340284
0.0347809
0.0354993
0.0360898
0.0367038
0.0374676
0.0382474
0.0389162
0.0396016
0.0404211
0.041235
0.0419744
0.0427487
0.0435957
0.0444418
0.0452684
0.0461313
0.0470151
0.047916
0.0488262
0.0497667
0.0507094
0.0516762
0.0526699
0.0536752
0.0546765
0.05573
0.0567949
0.0578708
0.0589641
0.060089
0.0612439
0.0624041
0.0635992
0.0648039
0.066057
0.0673116
0.0686189
0.0699263
0.0712661
0.072645
0.0740317
0.0754626
0.0769164
0.0783823
0.0798877
0.0814042
0.082975
0.0845382
0.0861557
0.087798
0.0894519
0.0911284
0.0927776
0.0943624
0.0955948
0.0153922
0.0163498
0.0171517
0.0177696
0.018388
0.0191204
0.019825
0.0201805
0.0200858
0.0198217
0.0197662
0.0200641
0.0204435
0.0204824
0.0202544
0.0202468
0.0206969
0.0213732
0.0217621
0.0217328
0.0218864
0.0225761
0.0232528
0.0234173
0.0234589
0.0240028
0.0247838
0.0251336
0.0252675
0.0257391
0.0263824
0.0268693
0.0272667
0.0277062
0.0282468
0.0288692
0.029443
0.0299146
0.0304077
0.0310095
0.0316731
0.0323292
0.0329093
0.0334282
0.0340328
0.0347854
0.035516
0.0361089
0.0367101
0.03747
0.0382608
0.0389308
0.0396055
0.0404241
0.0412453
0.0419836
0.0427521
0.0435994
0.0444477
0.0452741
0.0461365
0.0470204
0.0479209
0.04883
0.0497709
0.0507129
0.0516791
0.0526738
0.0536793
0.0546797
0.0557332
0.0567991
0.057876
0.058968
0.0600932
0.0612493
0.0624091
0.063604
0.0648086
0.0660619
0.0673166
0.0686238
0.06993
0.0712702
0.0726486
0.0740352
0.0754658
0.0769192
0.0783844
0.0798901
0.0814082
0.0829782
0.0845427
0.0861611
0.0878052
0.0894608
0.0911401
0.0927928
0.0943795
0.0956138
0.0152762
0.0162886
0.0172022
0.0178923
0.0184942
0.0191439
0.019786
0.0201889
0.0202054
0.0199974
0.019894
0.0200766
0.02042
0.0205691
0.0204326
0.0203788
0.0207024
0.021318
0.0218163
0.0219083
0.021984
0.0225202
0.0232282
0.0235589
0.023594
0.0239659
0.0247549
0.0252463
0.0253523
0.0257414
0.0264068
0.0269071
0.027301
0.0277533
0.0282653
0.0288688
0.0294798
0.0299603
0.0304208
0.0310142
0.0316872
0.0323465
0.0329321
0.0334484
0.0340376
0.0347876
0.0355325
0.0361303
0.0367176
0.0374705
0.0382733
0.0389473
0.03961
0.0404259
0.0412558
0.0419938
0.0427557
0.0436033
0.0444542
0.0452801
0.0461418
0.0470259
0.0479259
0.0488338
0.0497752
0.0507167
0.0516822
0.0526778
0.0536838
0.054683
0.0557362
0.0568035
0.0578815
0.0589721
0.0600973
0.0612548
0.0624141
0.0636089
0.0648133
0.0660669
0.0673217
0.0686288
0.0699338
0.0712744
0.0726523
0.0740389
0.0754693
0.076922
0.0783868
0.0798926
0.0814125
0.0829815
0.0845474
0.086167
0.0878126
0.0894701
0.091152
0.0928081
0.094397
0.0956328
0.0151854
0.0162156
0.0172209
0.0179947
0.0186066
0.0191978
0.0197726
0.0201811
0.0202839
0.0201447
0.0200275
0.020126
0.0204032
0.0206143
0.0205784
0.0205222
0.0207497
0.0212737
0.021822
0.0220487
0.0221167
0.0225146
0.023178
0.0236395
0.0237557
0.0239856
0.0246895
0.0253226
0.0254741
0.0257534
0.0264128
0.0269545
0.0273336
0.0277927
0.0282978
0.0288649
0.0295002
0.030014
0.0304439
0.0310132
0.0316995
0.0323657
0.0329544
0.0334712
0.0340443
0.0347871
0.0355476
0.0361541
0.0367267
0.0374697
0.0382849
0.0389658
0.039616
0.0404266
0.0412661
0.042005
0.0427594
0.0436069
0.044461
0.0452865
0.046147
0.0470315
0.0479311
0.0488377
0.0497798
0.0507209
0.0516854
0.0526818
0.0536885
0.0546867
0.0557391
0.056808
0.0578874
0.0589764
0.0601016
0.0612606
0.0624192
0.0636139
0.0648181
0.0660721
0.0673268
0.0686339
0.0699377
0.0712789
0.0726561
0.0740425
0.0754731
0.0769247
0.0783895
0.0798954
0.081417
0.0829851
0.0845522
0.0861733
0.08782
0.0894799
0.0911643
0.0928236
0.0944145
0.0956519
0.0151313
0.0161457
0.0172118
0.0180693
0.0187156
0.0192719
0.0197864
0.0201732
0.0203298
0.0202608
0.0201522
0.0201976
0.0204069
0.0206337
0.0206886
0.020661
0.020827
0.0212575
0.0217995
0.0221427
0.0222572
0.022557
0.0231368
0.0236634
0.0239015
0.024068
0.0246257
0.02534
0.0256081
0.0257971
0.0263991
0.0269985
0.0273757
0.0278223
0.0283397
0.0288715
0.0295033
0.0300657
0.0304832
0.03101
0.0317042
0.0323881
0.0329786
0.033496
0.0340554
0.0347856
0.0355605
0.0361806
0.0367383
0.0374672
0.0382945
0.0389857
0.0396237
0.0404265
0.0412757
0.0420174
0.0427638
0.0436101
0.0444683
0.0452936
0.046152
0.0470369
0.0479365
0.0488415
0.0497846
0.0507255
0.0516889
0.0526857
0.0536935
0.0546906
0.055742
0.0568127
0.0578936
0.0589806
0.0601058
0.0612665
0.0624245
0.0636193
0.064823
0.0660776
0.0673322
0.0686389
0.0699416
0.0712832
0.07266
0.0740462
0.0754773
0.0769273
0.0783925
0.0798983
0.0814215
0.082989
0.0845572
0.0861802
0.0878276
0.0894899
0.091177
0.0928392
0.0944322
0.095671
0.0151155
0.0160948
0.0171893
0.0181159
0.0188125
0.0193572
0.0198241
0.0201779
0.0203562
0.0203469
0.0202613
0.0202758
0.0204312
0.0206433
0.0207642
0.0207846
0.0209189
0.0212739
0.0217715
0.0221916
0.0223845
0.022631
0.023125
0.0236573
0.0240038
0.0241896
0.0246019
0.0253086
0.0257234
0.0258833
0.0263834
0.0270246
0.0274292
0.027847
0.0283789
0.0288954
0.0294989
0.0301042
0.0305385
0.0310143
0.0316961
0.0324078
0.0330065
0.0335197
0.0340674
0.0347834
0.0355696
0.0362087
0.0367539
0.0374637
0.038302
0.0390071
0.0396337
0.0404257
0.0412843
0.0420306
0.0427688
0.0436127
0.0444755
0.0453017
0.0461573
0.0470422
0.0479422
0.0488456
0.0497894
0.0507304
0.0516926
0.0526896
0.0536987
0.0546946
0.0557445
0.0568176
0.0579001
0.0589849
0.0601099
0.0612726
0.0624297
0.0636246
0.0648278
0.0660831
0.0673377
0.0686442
0.069946
0.0712879
0.0726642
0.0740499
0.0754818
0.0769298
0.0783957
0.0799016
0.081426
0.0829931
0.0845622
0.0861875
0.0878353
0.0895001
0.0911901
0.0928548
0.0944499
0.0956902
0.0151292
0.0160702
0.01717
0.0181422
0.0188901
0.0194436
0.0198782
0.0201995
0.0203764
0.0204075
0.0203513
0.0203502
0.0204671
0.0206544
0.0208124
0.020887
0.0210138
0.0213161
0.0217581
0.0222085
0.0224867
0.0227216
0.0231439
0.0236487
0.0240588
0.0243127
0.0246299
0.0252565
0.0257912
0.0259964
0.026387
0.0270273
0.0274847
0.0278754
0.0284055
0.0289294
0.0294979
0.030123
0.030599
0.0310377
0.0316809
0.0324184
0.0330423
0.0335484
0.0340795
0.0347818
0.0355759
0.0362367
0.0367737
0.0374598
0.038306
0.0390296
0.0396463
0.0404244
0.041292
0.0420449
0.042775
0.043615
0.0444824
0.0453105
0.046163
0.0470471
0.0479477
0.0488497
0.0497945
0.0507358
0.0516965
0.0526935
0.0537042
0.054699
0.055747
0.056823
0.057907
0.0589892
0.060114
0.061279
0.0624351
0.0636303
0.0648328
0.0660887
0.0673433
0.0686492
0.0699503
0.0712923
0.0726685
0.0740537
0.0754866
0.0769324
0.078399
0.0799054
0.0814304
0.0829978
0.0845674
0.0861952
0.0878433
0.0895104
0.0912036
0.0928704
0.0944675
0.0957092
0.0151647
0.016071
0.0171626
0.0181583
0.018945
0.0195196
0.0199377
0.0202338
0.0203985
0.0204496
0.0204219
0.020416
0.0205057
0.0206692
0.020842
0.0209637
0.0211006
0.0213697
0.0217636
0.0222083
0.0225561
0.0228131
0.0231838
0.0236537
0.0240853
0.0244109
0.0247004
0.0252179
0.0258087
0.0261098
0.0264242
0.0270175
0.0275317
0.0279163
0.0284254
0.0289654
0.0295108
0.0301293
0.030651
0.0310806
0.0316688
0.0324114
0.0330784
0.0335877
0.0340917
0.0347778
0.0355804
0.0362642
0.0367978
0.037457
0.0383057
0.0390521
0.0396622
0.0404223
0.0412978
0.0420598
0.0427822
0.0436168
0.044489
0.04532
0.0461694
0.0470521
0.0479532
0.048854
0.0497998
0.0507415
0.0517005
0.0526972
0.05371
0.0547034
0.0557491
0.0568286
0.0579143
0.0589938
0.0601181
0.0612856
0.0624406
0.0636359
0.0648378
0.0660942
0.0673491
0.0686542
0.0699551
0.0712967
0.072673
0.0740575
0.0754914
0.0769351
0.0784024
0.0799097
0.0814346
0.0830028
0.0845728
0.086203
0.0878516
0.0895209
0.0912174
0.092886
0.0944849
0.0957282
0.0152165
0.0160922
0.0171665
0.0181705
0.0189806
0.0195783
0.0199926
0.0202719
0.0204243
0.0204803
0.0204739
0.02047
0.0205415
0.0206854
0.0208612
0.0210174
0.0211741
0.0214258
0.0217851
0.0222084
0.0225974
0.0228956
0.0232368
0.0236738
0.0241046
0.0244775
0.0247889
0.0252161
0.0257949
0.0261993
0.0264914
0.0270111
0.027561
0.0279641
0.0284448
0.0289938
0.0295341
0.0301338
0.0306868
0.0311332
0.0316724
0.0323895
0.0331023
0.0336394
0.0341114
0.0347679
0.0355813
0.0362928
0.0368266
0.0374565
0.0383016
0.0390742
0.0396823
0.0404203
0.0413014
0.0420758
0.0427913
0.0436183
0.0444948
0.0453297
0.0461761
0.047057
0.0479584
0.048858
0.0498053
0.0507479
0.0517047
0.0527008
0.053716
0.0547082
0.0557507
0.0568344
0.0579218
0.0589983
0.0601218
0.0612921
0.0624463
0.0636417
0.0648432
0.0661001
0.0673555
0.0686593
0.0699603
0.0713012
0.0726777
0.0740616
0.0754963
0.0769379
0.0784057
0.0799144
0.0814387
0.083008
0.0845786
0.0862109
0.0878602
0.0895313
0.0912315
0.0929018
0.0945021
0.095747
0.0152808
0.0161293
0.0171808
0.0181834
0.0190053
0.0196198
0.0200377
0.0203063
0.0204503
0.0205035
0.0205095
0.0205111
0.0205713
0.0207007
0.0208745
0.0210547
0.0212337
0.0214802
0.0218162
0.022217
0.0226211
0.0229604
0.0232954
0.023703
0.0241259
0.0245184
0.024867
0.0252481
0.0257724
0.0262511
0.0265717
0.0270214
0.0275764
0.0280114
0.0284697
0.0290157
0.0295605
0.030144
0.030711
0.0311834
0.0316965
0.0323681
0.0331043
0.0336945
0.0341482
0.0347538
0.0355709
0.0363216
0.0368609
0.0374573
0.0382927
0.0390945
0.0397068
0.0404188
0.041302
0.0420926
0.0428026
0.0436197
0.0444998
0.0453399
0.0461838
0.0470624
0.0479637
0.0488621
0.0498105
0.0507549
0.051709
0.0527041
0.0537224
0.0547134
0.0557523
0.0568405
0.0579295
0.0590032
0.0601258
0.0612986
0.0624522
0.0636472
0.0648485
0.0661054
0.0673615
0.0686638
0.0699653
0.0713055
0.0726824
0.0740661
0.0755013
0.0769412
0.0784093
0.0799197
0.0814427
0.0830135
0.0845849
0.0862188
0.0878692
0.0895418
0.0912456
0.0929175
0.094519
0.0957655
0.0153538
0.0161802
0.0172073
0.0181996
0.0190248
0.0196467
0.0200691
0.0203303
0.0204687
0.0205176
0.020528
0.0205367
0.0205912
0.0207112
0.0208809
0.0210782
0.0212783
0.0215269
0.0218493
0.022232
0.0226371
0.0230057
0.0233518
0.0237377
0.0241508
0.024549
0.0249247
0.0252989
0.0257636
0.0262697
0.026646
0.0270512
0.0275863
0.0280532
0.0285006
0.0290365
0.0295864
0.0301591
0.0307314
0.0312242
0.0317315
0.0323607
0.033088
0.0337366
0.0342072
0.0347491
0.0355442
0.0363461
0.0369059
0.0374622
0.0382778
0.0391123
0.0397359
0.0404183
0.0412982
0.0421089
0.0428167
0.0436212
0.0445032
0.0453499
0.0461916
0.0470679
0.0479692
0.0488662
0.0498156
0.0507626
0.0517137
0.0527068
0.0537288
0.0547189
0.0557536
0.0568466
0.0579377
0.059009
0.0601299
0.0613049
0.0624583
0.0636528
0.0648544
0.0661112
0.0673681
0.0686689
0.0699709
0.0713102
0.0726869
0.0740706
0.0755057
0.0769443
0.0784128
0.0799251
0.0814468
0.0830191
0.0845917
0.0862267
0.0878784
0.0895527
0.09126
0.0929333
0.0945356
0.0957839
0.0154321
0.0162437
0.0172466
0.0182201
0.0190391
0.0196601
0.0200831
0.0203385
0.0204713
0.0205174
0.020527
0.0205421
0.0205954
0.0207117
0.0208793
0.0210889
0.0213105
0.0215659
0.0218832
0.0222532
0.0226537
0.023038
0.0234001
0.0237753
0.0241768
0.0245778
0.0249655
0.0253502
0.0257759
0.0262706
0.0266999
0.0270937
0.027597
0.0280866
0.0285336
0.0290569
0.0296104
0.0301751
0.0307513
0.0312599
0.0317671
0.0323708
0.0330692
0.0337531
0.0342756
0.0347689
0.0355046
0.0363541
0.0369626
0.0374771
0.0382555
0.0391249
0.0397711
0.0404214
0.0412902
0.0421239
0.0428344
0.0436236
0.0445049
0.0453596
0.0462
0.0470733
0.0479749
0.0488702
0.0498198
0.0507707
0.0517189
0.0527093
0.0537357
0.054725
0.055755
0.0568524
0.0579446
0.0590144
0.0601338
0.0613108
0.0624645
0.0636584
0.0648602
0.0661168
0.0673741
0.0686734
0.0699761
0.0713148
0.0726915
0.0740759
0.0755104
0.0769478
0.0784165
0.0799306
0.0814507
0.0830244
0.0845987
0.0862341
0.0878874
0.0895631
0.0912736
0.0929489
0.0945517
0.0958013
0.0155121
0.0163147
0.0172951
0.0182434
0.0190463
0.0196583
0.0200763
0.0203259
0.0204527
0.0204971
0.0205052
0.0205243
0.0205804
0.0206982
0.0208693
0.0210887
0.0213323
0.0215996
0.0219166
0.0222792
0.0226726
0.0230629
0.0234376
0.0238122
0.0242032
0.0246052
0.0249973
0.0253906
0.0258015
0.0262695
0.0267314
0.0271406
0.0276145
0.028114
0.0285683
0.029077
0.0296313
0.0301893
0.0307665
0.0312928
0.031799
0.0323877
0.0330603
0.0337474
0.0343329
0.0348183
0.0354678
0.036334
0.0370225
0.0375115
0.0382279
0.0391273
0.0398116
0.0404301
0.0412779
0.042136
0.0428561
0.043629
0.0445054
0.0453691
0.0462093
0.047079
0.0479819
0.0488752
0.0498235
0.050779
0.0517247
0.0527109
0.0537424
0.0547314
0.0557566
0.0568579
0.0579529
0.0590238
0.060138
0.0613167
0.0624711
0.0636642
0.0648665
0.066123
0.0673806
0.0686789
0.069982
0.07132
0.072696
0.0740813
0.0755148
0.0769517
0.078421
0.0799368
0.0814555
0.0830305
0.0846068
0.0862424
0.0878972
0.0895747
0.0912879
0.0929644
0.0945678
0.095819
0.0156032
0.0163942
0.0173523
0.0182712
0.0190483
0.0196411
0.0200459
0.0202845
0.0204022
0.0204436
0.0204528
0.0204773
0.0205414
0.0206673
0.0208481
0.0210785
0.0213424
0.0216273
0.0219479
0.0223063
0.0226921
0.0230819
0.0234633
0.0238429
0.0242293
0.0246301
0.025025
0.0254208
0.0258293
0.0262748
0.0267465
0.0271823
0.0276398
0.0281372
0.0286045
0.0291007
0.0296507
0.0302058
0.0307787
0.0313237
0.0318325
0.0324036
0.0330609
0.0337353
0.0343652
0.0348847
0.0354522
0.0362855
0.0370675
0.0375682
0.0382008
0.0391119
0.0398528
0.0404464
0.0412608
0.0421411
0.042879
0.0436362
0.0445027
0.0453759
0.0462176
0.0470833
0.0479887
0.0488804
0.049826
0.050787
0.0517313
0.0527125
0.053749
0.0547382
0.0557585
0.0568627
0.0579553
0.0590065
0.0601404
0.0613213
0.0624767
0.0636694
0.0648722
0.0661287
0.0673858
0.0686833
0.0699868
0.0713246
0.0727002
0.0740866
0.0755187
0.0769546
0.0784249
0.0799414
0.081459
0.0830356
0.084614
0.0862493
0.0879056
0.0895851
0.0913008
0.0929793
0.094583
0.0958352
0.0156957
0.0164716
0.0174096
0.0183019
0.0190492
0.0196137
0.019995
0.0202153
0.0203192
0.0203557
0.0203686
0.0204033
0.0204818
0.0206231
0.0208196
0.0210654
0.0213499
0.0216562
0.0219851
0.0223395
0.0227162
0.0231003
0.0234829
0.0238676
0.0242551
0.0246536
0.0250502
0.0254466
0.0258553
0.0262879
0.0267567
0.0272168
0.0276729
0.0281605
0.0286401
0.0291291
0.0296678
0.030224
0.0307912
0.0313516
0.0318725
0.0324227
0.0330677
0.0337322
0.0343778
0.0349515
0.0354767
0.0362301
0.0370862
0.0376502
0.0381949
0.0390814
0.0398931
0.0404782
0.0412458
0.0421419
0.0429065
0.0436505
0.0445022
0.0453826
0.0462276
0.0470891
0.0479974
0.0488873
0.0498284
0.0507945
0.0517382
0.0527135
0.0537554
0.0547458
0.0557615
0.0568672
0.0579691
0.0590226
0.0601465
0.061327
0.0624834
0.0636756
0.0648792
0.0661358
0.0673921
0.0686893
0.0699932
0.0713304
0.0727053
0.0740927
0.0755235
0.0769593
0.0784309
0.079948
0.0814643
0.0830422
0.0846228
0.0862576
0.0879154
0.0895971
0.0913146
0.0929941
0.0945984
0.095852
0.0157855
0.0165189
0.0174085
0.0182511
0.0189442
0.0194672
0.0198124
0.0200128
0.0201125
0.0201603
0.020192
0.0202516
0.02036
0.0205327
0.0207592
0.0210301
0.0213381
0.0216659
0.0220063
0.022357
0.0227245
0.0231025
0.0234831
0.0238724
0.0242649
0.0246641
0.0250623
0.0254616
0.0258713
0.0262974
0.0267602
0.0272345
0.0277007
0.0281808
0.0286668
0.029156
0.0296791
0.0302346
0.0307997
0.0313661
0.0319069
0.0324424
0.0330679
0.0337336
0.0343756
0.0349899
0.0355256
0.0361825
0.0370549
0.0377258
0.0382149
0.0390325
0.0399129
0.0405197
0.0412307
0.0421293
0.0429292
0.043666
0.0444993
0.0453847
0.0462338
0.0470928
0.0480053
0.0488939
0.0498303
0.0508014
0.0517453
0.0527151
0.0537611
0.0547535
0.055765
0.056871
0.0579719
0.0590289
0.0601513
0.061331
0.062489
0.0636811
0.0648852
0.0661423
0.0673964
0.0686936
0.0699981
0.0713349
0.0727095
0.0740975
0.0755266
0.0769616
0.0784351
0.0799521
0.0814678
0.0830476
0.0846303
0.0862646
0.0879233
0.0896074
0.0913268
0.0930079
0.0946125
0.0958668
0.0160912
0.0167889
0.0176091
0.0183512
0.0189532
0.0193778
0.0196376
0.0197833
0.019868
0.0199374
0.020008
0.0201104
0.0202637
0.0204762
0.0207363
0.0210274
0.0213473
0.0216824
0.0220274
0.0223745
0.0227321
0.0231046
0.0234818
0.0238736
0.0242709
0.0246738
0.0250761
0.0254806
0.0258937
0.0263166
0.0267735
0.0272514
0.0277282
0.028208
0.0286945
0.0291873
0.029699
0.0302481
0.0308164
0.0313827
0.0319403
0.0324769
0.033072
0.0337396
0.0343816
0.0350066
0.0355897
0.0361855
0.0370021
0.0377791
0.0382775
0.038993
0.0399088
0.0405731
0.0412314
0.0421108
0.0429514
0.0436894
0.0445019
0.0453879
0.046241
0.0470978
0.048015
0.0489023
0.0498326
0.0508075
0.0517518
0.052716
0.0537666
0.0547625
0.0557702
0.056873
0.0579772
0.0590397
0.0601578
0.0613348
0.0624949
0.063687
0.0648914
0.0661494
0.067402
0.068699
0.0700044
0.0713405
0.0727147
0.0741033
0.0755316
0.0769666
0.0784416
0.0799581
0.0814724
0.0830539
0.0846383
0.0862721
0.0879323
0.0896188
0.0913394
0.0930213
0.0946266
0.0958826
0.0161698
0.0166969
0.0173312
0.0179194
0.0184086
0.018801
0.0191033
0.019308
0.0194574
0.0196127
0.019789
0.019986
0.0202099
0.0204631
0.0207463
0.0210452
0.0213618
0.0216908
0.0220298
0.0223745
0.0227237
0.0230917
0.0234665
0.0238589
0.0242596
0.0246676
0.0250796
0.0254907
0.0259096
0.0263325
0.0267846
0.0272612
0.0277443
0.0282304
0.0287159
0.029209
0.0297159
0.030254
0.0308241
0.0313929
0.0319584
0.0325112
0.0330818
0.0337366
0.0343901
0.0350058
0.0356292
0.0362206
0.0369493
0.0377799
0.0383551
0.0389816
0.0398766
0.0406198
0.0412502
0.0420859
0.042962
0.0437135
0.0445054
0.0453885
0.0462454
0.0471001
0.0480224
0.0489114
0.0498353
0.0508129
0.0517593
0.052717
0.0537695
0.054772
0.055776
0.0568722
0.0579796
0.0590502
0.0601644
0.0613381
0.062502
0.0636947
0.0648987
0.0661568
0.067407
0.068704
0.0700103
0.0713456
0.0727196
0.074108
0.0755346
0.0769694
0.0784466
0.0799626
0.0814768
0.0830609
0.0846466
0.0862796
0.0879403
0.0896291
0.0913511
0.0930337
0.0946395
0.0958934
0.0178678
0.017795
0.0176326
0.0175322
0.0175536
0.0176987
0.0179447
0.018296
0.0187098
0.0191284
0.0195189
0.0198716
0.0201915
0.0204881
0.0207816
0.0210761
0.0213774
0.0216927
0.0220202
0.0223628
0.022709
0.0230729
0.0234484
0.0238391
0.0242424
0.0246541
0.0250766
0.0254958
0.0259203
0.0263478
0.0267948
0.0272698
0.0277552
0.0282482
0.0287373
0.0292287
0.0297367
0.0302662
0.0308323
0.0314058
0.0319727
0.0325398
0.0331002
0.0337285
0.034393
0.0350074
0.0356486
0.0362693
0.0369243
0.0377416
0.0384158
0.0390033
0.0398291
0.0406408
0.0412848
0.0420645
0.0429594
0.0437377
0.0445134
0.0453896
0.0462508
0.0471024
0.0480281
0.0489221
0.049839
0.0508157
0.051767
0.052719
0.0537698
0.0547834
0.0557865
0.0568713
0.0579823
0.0590629
0.0601702
0.0613375
0.0625058
0.0636996
0.0649036
0.0661619
0.0674101
0.0687078
0.0700155
0.0713496
0.0727237
0.0741128
0.0755384
0.0769739
0.0784522
0.079967
0.0814797
0.0830657
0.0846529
0.0862852
0.0879476
0.0896389
0.0913617
0.0930451
0.0946517
0.0959069
0.0175705
0.0173521
0.0170347
0.0168219
0.0167866
0.0169574
0.0173125
0.0177869
0.0183031
0.0188157
0.0192975
0.0197306
0.0201095
0.0204472
0.0207651
0.0210748
0.0213815
0.0216956
0.0220202
0.0223614
0.0227098
0.0230695
0.0234447
0.0238307
0.0242313
0.0246431
0.0250678
0.0254955
0.0259239
0.0263604
0.0268057
0.0272804
0.027769
0.0282629
0.0287586
0.0292465
0.029756
0.0302809
0.0308391
0.0314188
0.0319874
0.0325652
0.0331289
0.0337306
0.0343931
0.0350181
0.035661
0.0363148
0.0369393
0.0377003
0.038452
0.0390628
0.0398022
0.0406428
0.0413337
0.0420626
0.0429473
0.0437593
0.0445269
0.0453904
0.046258
0.0471042
0.04803
0.0489342
0.0498447
0.0508168
0.0517765
0.052722
0.053765
0.0547933
0.0557982
0.0568651
0.0579809
0.0590786
0.06018
0.0613395
0.0625144
0.0637103
0.0649135
0.066171
0.067416
0.0687144
0.0700238
0.0713563
0.072729
0.074118
0.0755421
0.0769774
0.0784578
0.0799721
0.0814853
0.0830739
0.0846616
0.0862932
0.0879556
0.089649
0.0913725
0.0930558
0.0946633
0.0959187
0.0183766
0.0181311
0.0177638
0.0174589
0.0172874
0.0172821
0.0174367
0.0177191
0.0180821
0.0184923
0.0189279
0.0193673
0.0197936
0.0201966
0.0205793
0.0209467
0.0213032
0.0216521
0.0220003
0.0223538
0.0227112
0.0230733
0.0234449
0.0238263
0.0242196
0.024628
0.0250454
0.0254767
0.02591
0.0263552
0.0268082
0.0272814
0.027775
0.0282649
0.0287661
0.0292576
0.0297665
0.0302952
0.0308431
0.0314253
0.031995
0.0325733
0.0331472
0.0337302
0.0343801
0.0350202
0.0356635
0.036336
0.0369625
0.0376628
0.0384389
0.0391099
0.0397893
0.0406105
0.0413654
0.0420735
0.0429221
0.0437694
0.044543
0.0453875
0.0462665
0.0471071
0.0480255
0.0489475
0.0498512
0.0508151
0.0517875
0.0527254
0.0537586
0.0548067
0.0558148
0.0568596
0.0579784
0.0590932
0.0601865
0.0613347
0.0625153
0.0637146
0.0649175
0.0661742
0.0674165
0.0687162
0.0700281
0.0713594
0.0727315
0.0741212
0.0755454
0.0769814
0.0784622
0.0799751
0.081487
0.0830775
0.0846661
0.086297
0.0879611
0.0896564
0.0913807
0.0930644
0.0946728
0.0959293
0.0162506
0.0165981
0.0170347
0.0174261
0.0177316
0.0179454
0.0180971
0.0182272
0.0183788
0.0185868
0.0188711
0.0192212
0.0196179
0.020034
0.0204515
0.020859
0.0212513
0.0216294
0.0219975
0.0223634
0.0227274
0.0230948
0.0234625
0.0238394
0.0242251
0.0246241
0.0250327
0.02546
0.0259018
0.0263547
0.0268217
0.0272959
0.0277881
0.0282764
0.0287725
0.0292732
0.0297791
0.0303126
0.0308573
0.0314322
0.0320105
0.0325821
0.0331681
0.033747
0.0343745
0.0350284
0.0356726
0.0363512
0.0369957
0.0376611
0.0384238
0.0391478
0.0398187
0.0405893
0.0413836
0.0421112
0.0429044
0.0437686
0.0445677
0.0453818
0.0462741
0.0471174
0.0480138
0.0489603
0.0498643
0.0508076
0.0518014
0.0527338
0.0537443
0.0548155
0.0558348
0.0568501
0.0579729
0.059112
0.0601994
0.0613367
0.0625234
0.0637267
0.0649295
0.0661845
0.0674225
0.0687232
0.0700369
0.0713666
0.0727367
0.0741255
0.0755487
0.0769849
0.0784677
0.0799797
0.0814927
0.0830856
0.0846742
0.0863047
0.0879681
0.0896653
0.0913897
0.093073
0.0946823
0.0959386
0.0182932
0.0179796
0.0175178
0.0170939
0.0168193
0.0167326
0.0168329
0.017097
0.0174895
0.0179565
0.0184583
0.0189675
0.0194678
0.0199466
0.0203949
0.0208187
0.0212188
0.0216042
0.0219756
0.0223429
0.0227087
0.0230777
0.0234468
0.0238221
0.0242075
0.0246009
0.0250094
0.0254356
0.0258833
0.0263457
0.026822
0.0273027
0.0277871
0.0282768
0.0287687
0.029275
0.0297857
0.0303177
0.0308694
0.0314324
0.0320164
0.0325854
0.0331701
0.0337613
0.0343678
0.0350279
0.0356786
0.0363501
0.0370124
0.0376656
0.0384059
0.0391497
0.0398408
0.0405787
0.0413706
0.0421409
0.0429008
0.0437518
0.0445916
0.0453806
0.0462721
0.0471359
0.0480006
0.0489613
0.0498822
0.0507967
0.0518066
0.0527505
0.0537283
0.0548179
0.0558593
0.0568451
0.0579609
0.0591245
0.0602082
0.0613312
0.0625222
0.0637291
0.0649323
0.0661879
0.0674225
0.0687234
0.0700402
0.0713695
0.0727388
0.0741282
0.0755512
0.0769875
0.0784711
0.0799821
0.0814935
0.0830877
0.0846772
0.086307
0.0879712
0.0896698
0.091395
0.0930786
0.0946885
0.0959453
0.0175305
0.0171287
0.0166132
0.0162111
0.0159966
0.0159921
0.0162005
0.0165945
0.0171175
0.0177034
0.0183007
0.0188803
0.0194273
0.0199354
0.0203972
0.0208231
0.021219
0.0215982
0.0219661
0.0223304
0.0226956
0.0230633
0.0234333
0.0238087
0.0241938
0.0245858
0.0249946
0.025423
0.0258716
0.0263405
0.0268208
0.027306
0.027787
0.0282748
0.0287676
0.0292721
0.0297882
0.030317
0.0308723
0.0314337
0.0320148
0.0325885
0.033167
0.0337648
0.0343678
0.0350227
0.0356824
0.036349
0.0370183
0.0376764
0.038406
0.0391514
0.0398545
0.0405889
0.041365
0.0421509
0.042911
0.0437405
0.0445989
0.0453874
0.0462655
0.0471482
0.0480022
0.0489555
0.0498967
0.0507999
0.0518062
0.0527676
0.0537267
0.0548056
0.0558719
0.0568543
0.0579551
0.0591318
0.060224
0.0613392
0.0625303
0.0637406
0.0649429
0.066199
0.0674314
0.0687305
0.0700474
0.0713763
0.0727438
0.0741321
0.0755547
0.0769902
0.0784755
0.0799872
0.0814992
0.0830944
0.0846841
0.0863143
0.0879765
0.089676
0.091401
0.0930848
0.0946953
0.0959522
)
;

boundaryField
{
    zeroGradientPlanes
    {
        type            zeroGradient;
    }
    inlet
    {
        type            zeroGradient;
    }
    plate
    {
        type            zeroGradient;
    }
    frontAndBack
    {
        type            empty;
    }
}


// ************************************************************************* //
