/*--------------------------------*- C++ -*----------------------------------*\
| =========                 |                                                 |
| \\      /  F ield         | OpenFOAM: The Open Source CFD Toolbox           |
|  \\    /   O peration     | Version:  v1906                                 |
|   \\  /    A nd           | Web:      www.OpenFOAM.com                      |
|    \\/     M anipulation  |                                                 |
\*---------------------------------------------------------------------------*/
FoamFile
{
    version     2.0;
    format      ascii;
    class       volScalarField;
    location    "6.3";
    object      p;
}
// * * * * * * * * * * * * * * * * * * * * * * * * * * * * * * * * * * * * * //

dimensions      [0 2 -2 0 0 0 0];


internalField   nonuniform List<scalar> 
9600
(
-1.0688e-10
0.000508227
-0.00709037
-0.00204229
0.00509621
0.00263911
0.00310258
0.0074356
0.0047553
0.00410789
0.00564799
0.0057609
0.00641941
0.00566004
0.00579641
0.00739518
0.00671001
0.0069395
0.0075022
0.00876397
-1.69284e-06
0.000505829
-0.00705904
-0.00208153
0.0050767
0.00269036
0.0031075
0.00742505
0.00475855
0.00410803
0.00565125
0.00576198
0.00641104
0.005662
0.00580755
0.00737318
0.00673156
0.00691685
0.00751901
0.00864181
-2.30015e-06
0.000502103
-0.00704458
-0.00213762
0.00507916
0.00271076
0.00309452
0.00740329
0.00476957
0.00410697
0.00565575
0.00576834
0.00641002
0.00566479
0.00582131
0.00733352
0.00676536
0.00687501
0.0075331
0.00846555
-1.97891e-06
0.000493555
-0.00704233
-0.00215339
0.00509933
0.00271474
0.00307679
0.00738006
0.00478415
0.00410988
0.00565851
0.00578727
0.00641056
0.00566556
0.00583349
0.00728433
0.0067969
0.00683068
0.00752833
0.00828633
-1.80754e-06
0.000480496
-0.00704194
-0.00211679
0.0051283
0.00270957
0.00306266
0.00735455
0.00479934
0.00411705
0.00565837
0.00581546
0.00640846
0.00566541
0.00584503
0.0072295
0.00682575
0.00678673
0.00750187
0.00812087
-2.40583e-06
0.000463829
-0.00703562
-0.00203419
0.00515602
0.00270081
0.00305823
0.00732365
0.00481384
0.00412499
0.00565503
0.00584778
0.0064047
0.0056651
0.0058569
0.00717322
0.00685301
0.00674144
0.00745822
0.00797207
-4.18708e-06
0.00044462
-0.00701577
-0.00191725
0.00522327
0.00269328
0.00306587
0.00728815
0.00482695
0.00413125
0.00564999
0.00588153
0.00640097
0.00566377
0.00586895
0.00711929
0.00687796
0.00669633
0.00740156
0.00783381
-7.30483e-06
0.000424439
-0.00697512
-0.00178253
0.00520695
0.00268954
0.00308497
0.00725169
0.00483852
0.00413562
0.00564521
0.00591526
0.0063976
0.0056607
0.00588072
0.00706972
0.00690023
0.00665471
0.00733238
0.00770045
-1.1486e-05
0.000404998
-0.00690839
-0.00164558
0.00516447
0.00268892
0.00311377
0.00721762
0.00484912
0.0041385
0.00564148
0.0059477
0.0063943
0.00565579
0.00589138
0.00702563
0.00691934
0.0066175
0.00725058
0.00757064
-1.61142e-05
0.00038761
-0.00681314
-0.00151376
0.00510125
0.00268802
0.00315077
0.00718766
0.00485955
0.00413989
0.00563847
0.00597792
0.00639094
0.00564913
0.00590008
0.00698769
0.00693347
0.006584
0.00715881
0.00744451
-2.05326e-05
0.000372988
-0.00668978
-0.00138773
0.005024
0.00268348
0.0031946
0.00716164
0.0048704
0.00413955
0.00563559
0.0060054
0.00638736
0.00564101
0.00590611
0.00695563
0.00694083
0.00655392
0.00706078
0.0073201
-2.42439e-05
0.000361316
-0.00654124
-0.00126604
0.00493813
0.00267358
0.00324335
0.00713809
0.00488204
0.00413735
0.00563263
0.00602996
0.00638327
0.0056322
0.00590873
0.00692877
0.00694101
0.00652641
0.00695865
0.00719454
-2.69617e-05
0.000352517
-0.00637225
-0.00114764
0.00484708
0.00265806
0.00329455
0.00711533
0.00489468
0.00413321
0.00562978
0.00605182
0.0063784
0.00562368
0.00590718
0.00690646
0.00693445
0.00649884
0.00685375
0.00706696
-2.85532e-05
0.000346413
-0.00618785
-0.00103225
0.00475285
0.00263754
0.00334598
0.00709227
0.00490837
0.00412705
0.00562748
0.00607161
0.00637243
0.00561633
0.00590105
0.0068879
0.00692181
0.00646795
0.00674788
0.00693825
-2.89324e-05
0.000342742
-0.00599227
-0.000919875
0.00465673
0.002613
0.00339617
0.0070685
0.00492305
0.00411875
0.00562615
0.00609018
0.00636485
0.00561082
0.00589029
0.00687184
0.00690419
0.00643117
0.00664253
0.00680928
-2.79869e-05
0.00034115
-0.00578852
-0.000810332
0.00455985
0.00258547
0.00344441
0.00704411
0.00493864
0.00410823
0.00562597
0.00610848
0.00635514
0.00560749
0.00587521
0.00685678
0.00688308
0.006387
0.00653803
0.00668075
-2.55706e-05
0.000341253
-0.00557848
-0.00070313
0.00446322
0.00255592
0.00349044
0.00701936
0.00495511
0.00409551
0.00562691
0.0061274
0.00634285
0.00560632
0.0058566
0.00684122
0.00685979
0.00633457
0.00643391
0.00655418
-2.15009e-05
0.000342679
-0.00536329
-0.000597688
0.00436767
0.00252521
0.00353419
0.00699454
0.00497247
0.00408073
0.00562873
0.0061476
0.00632769
0.00560691
0.00583558
0.00682391
0.00683511
0.00627392
0.00632953
0.00643196
-1.55757e-05
0.000345123
-0.00514361
-0.000493538
0.00427387
0.00249418
0.00357561
0.00696985
0.00499083
0.0040641
0.00563099
0.00616961
0.00630964
0.00560854
0.00581314
0.00680391
0.0068096
0.00620601
0.0062241
0.00631643
-7.59045e-06
0.000348378
-0.00491988
-0.000390351
0.00418236
0.0024636
0.00361457
0.00694544
0.00501033
0.00404581
0.00563326
0.00619378
0.00628885
0.0056104
0.00578986
0.00678042
0.0067839
0.00613223
0.00611653
0.00620926
2.66056e-06
0.000352329
-0.00469243
-0.000287889
0.00409353
0.00243414
0.00365085
0.00692147
0.0050311
0.00402601
0.00563521
0.00622036
0.00626556
0.00561187
0.00576619
0.00675291
0.0067586
0.00605407
0.0060054
0.00611154
1.53774e-05
0.000356967
-0.00446163
-0.000185989
0.00400765
0.0024064
0.00368421
0.00689803
0.00505334
0.00400475
0.00563648
0.00624963
0.00623999
0.00561242
0.00574263
0.00672072
0.00673409
0.00597338
0.00588895
0.00602372
3.07321e-05
0.000362417
-0.00422783
-8.45773e-05
0.00392492
0.00238092
0.00371442
0.00687515
0.00507731
0.00398198
0.00563669
0.00628202
0.00621235
0.00561153
0.00571964
0.00668285
0.0067106
0.0058931
0.00576512
0.00594445
4.88884e-05
0.00036889
-0.00399144
1.63874e-05
0.00384546
0.00235822
0.00374129
0.00685268
0.00510334
0.00395753
0.00563534
0.00631808
0.00618288
0.00560855
0.00569794
0.00663825
0.0066877
0.00581735
0.00563214
0.00586877
7.00468e-05
0.000376676
-0.003753
0.000116936
0.00376936
0.00233878
0.00376467
0.00683038
0.00513187
0.00393132
0.00563162
0.00635831
0.00615199
0.00560248
0.00567866
0.00658672
0.00666373
0.00575036
0.00549028
0.00578828
9.42005e-05
0.000386216
-0.00351309
0.000217033
0.0036967
0.00232304
0.00378446
0.00680784
0.00516345
0.00390351
0.0056244
0.00640325
0.00612036
0.00559164
0.00566289
0.00652912
0.00663588
0.00569544
0.0053437
0.00569304
0.000121405
0.000398066
-0.00327227
0.000316596
0.00362756
0.00231132
0.00380077
0.00678449
0.00519867
0.00387469
0.00561222
0.00645356
0.00608925
0.00557373
0.00565124
0.00646738
0.00660074
0.00565413
0.00520095
0.00557488
0.000151624
0.000412861
-0.00303104
0.000415567
0.00356206
0.00230394
0.003814
0.00675955
0.00523783
0.00384582
0.00559341
0.0065095
0.00606073
0.00554662
0.00564361
0.00640451
0.00655515
0.00562477
0.00507241
0.00543252
0.000184767
0.000431321
-0.00278992
0.000513926
0.00350045
0.00230123
0.00382464
0.00673208
0.00528072
0.00381805
0.00556642
0.00657042
0.0060373
0.00550893
0.00563914
0.00634443
0.00649698
0.00560144
0.00496695
0.0052758
0.000220692
0.000454192
-0.00254929
0.000611578
0.00344302
0.00230326
0.00383328
0.00670174
0.0053269
0.00379259
0.00552992
0.00663475
0.00602171
0.00546006
0.00563563
0.0062915
0.00642698
0.00557555
0.00488802
0.00512303
0.000259218
0.000482232
-0.00230954
0.000708379
0.00339018
0.00231039
0.00384072
0.00666858
0.00537582
0.00377082
0.00548308
0.00670016
0.00601649
0.00540023
0.00562932
0.0062492
0.00634978
0.00554039
0.00483002
0.00499021
0.000300162
0.000516133
-0.00207095
0.000804212
0.0033425
0.00232047
0.0038475
0.00663271
0.00542664
0.00375433
0.00542607
0.00676387
0.00602317
0.00533045
0.00561626
0.00621915
0.0062714
0.00549413
0.00478274
0.0048845
0.000343335
0.000556549
-0.00183365
0.000898845
0.00330046
0.00233367
0.00385385
0.00659464
0.00547825
0.00374419
0.00535964
0.0068235
0.00604299
0.00525184
0.00559305
0.00620224
0.00619621
0.00543797
0.00473975
0.00480279
0.000388602
0.000604002
-0.00159767
0.00099205
0.00326454
0.00235019
0.00389485
0.00655546
0.00552983
0.00374065
0.00528426
0.00687682
0.00607746
0.00516595
0.00555575
0.00619977
0.00612862
0.00537149
0.00469928
0.00473964
0.00043586
0.000658818
-0.00136279
0.00108351
0.00323525
0.00236956
0.00390407
0.00651615
0.00558122
0.00374395
0.00520029
0.00692118
0.00612792
0.0050756
0.005499
0.00621155
0.00607652
0.00529234
0.00465772
0.00469367
0.000484987
0.000721077
-0.00112834
0.00117283
0.00321289
0.00239203
0.00390993
0.00647739
0.00563266
0.00375417
0.00510815
0.00695354
0.00619499
0.00498582
0.00541748
0.00623284
0.00605075
0.00520168
0.00460608
0.00466477
0.000535954
0.000790536
-0.000893353
0.00125965
0.0031973
0.00241846
0.00391253
0.00643932
0.00568483
0.00377152
0.00500858
0.00697067
0.00627806
0.00490377
0.005308
0.00625308
0.00606009
0.00511007
0.00453336
0.00464674
0.000588925
0.000866673
-0.000656498
0.00134344
0.00318746
0.00245051
0.00391055
0.00640123
0.00573875
0.00379652
0.00490274
0.00696934
0.00637522
0.00483763
0.0051708
0.00625878
0.0061068
0.00503567
0.00443375
0.00462497
0.000644254
0.000948576
-0.000416372
0.0014243
0.00318176
0.00249007
0.00390316
0.00636192
0.00579568
0.00383037
0.00479153
0.00694586
0.00648338
0.00479583
0.00500994
0.00623699
0.00618487
0.00499616
0.0043131
0.00458337
0.000702442
0.00103503
-0.000171838
0.00150322
0.00317799
0.00253897
0.00389172
0.00631916
0.00585613
0.00387541
0.00467609
0.00689611
0.00659787
0.00478631
0.00483313
0.00617686
0.00628186
0.00500445
0.00418694
0.00450976
0.000764205
0.00112447
7.7488e-05
0.00158095
0.00317361
0.00259888
0.00387856
0.00626977
0.00591851
0.0039343
0.00455938
0.00681652
0.00671124
0.00481525
0.00465227
0.0060709
0.0063812
0.00506819
0.00407525
0.00439924
0.000830556
0.00121547
0.000330788
0.00165846
0.00316639
0.00266923
0.00386624
0.00621187
0.00598024
0.00400936
0.0044464
0.00670525
0.0068137
0.00488519
0.00448234
0.0059169
0.00646329
0.00518886
0.00400122
0.0042554
0.000902505
0.00130686
0.000586447
0.00172522
0.0031549
0.00274823
0.00385937
0.00614512
0.00603848
0.00410136
0.00434281
0.00656411
0.00689498
0.00499283
0.00433917
0.0057204
0.00650728
0.00535701
0.00398865
0.00409336
0.000981113
0.00139761
0.000842418
0.00182116
0.00313901
0.00283257
0.00386219
0.00607
0.00608884
0.00420888
0.00425524
0.00639886
0.00694565
0.00512882
0.0042362
0.00549552
0.00649779
0.00555082
0.0040548
0.00394228
0.00106738
0.00148719
0.00109589
0.00193256
0.00311979
0.00291698
0.00387842
0.0059895
0.00612577
0.00432758
0.00418946
0.00621721
0.00696059
0.00528164
0.00418041
0.00525942
0.0064307
0.00574423
0.00420043
0.00383732
0.00116214
0.00157525
0.00134346
0.00206107
0.00309983
0.00299532
0.00390949
0.00590792
0.00614567
0.00445203
0.00414838
0.00602809
0.00694023
0.00544055
0.00417194
0.0050273
0.00631133
0.00591569
0.00440898
0.00380601
0.00126626
0.00166195
0.00158105
0.00220858
0.00308362
0.00306147
0.00395193
0.00583223
0.00614932
0.00457452
0.00413191
0.00584182
0.00688738
0.00559597
0.00420843
0.00481329
0.0061484
0.00605098
0.00465696
0.00385846
0.00138023
0.00174838
0.00180475
0.00237406
0.00307718
0.0031119
0.00400244
0.00577007
0.00614037
0.00468665
0.00413653
0.00566775
0.00680802
0.00574043
0.00428637
0.00463144
0.00595106
0.006138
0.0049217
0.0039879
0.0015042
0.0018363
0.00201162
0.00255453
0.0030872
0.00314576
0.00405373
0.0057265
0.00612488
0.00478489
0.00415646
0.00550891
0.00671084
0.00587055
0.00439971
0.00449216
0.00573189
0.0061672
0.00518278
0.00418051
0.00163809
0.00192782
0.0021993
0.00274533
0.0031212
0.0031654
0.00409394
0.0056997
0.00611356
0.00487287
0.00418385
0.00536352
0.00660262
0.00598658
0.00454128
0.004399
0.00550636
0.00613687
0.0054209
0.00442014
0.00178136
0.00202535
0.00236661
0.00294038
0.00318524
0.0031744
0.00411355
0.00568525
0.00611565
0.00495535
0.00421557
0.00523085
0.00648513
0.00608741
0.00470543
0.00435271
0.00528892
0.00605386
0.00561967
0.00468874
0.00193295
0.00213136
0.00251411
0.00313263
0.00328127
0.00318111
0.00410791
0.0056748
0.00613503
0.00504055
0.00425342
0.00510928
0.00635832
0.00616819
0.0048866
0.00435603
0.00509332
0.00592869
0.00576729
0.00496799
0.00209151
0.00224792
0.00264413
0.00331448
0.00340716
0.00319881
0.00407711
0.00565323
0.00616898
0.00513998
0.00430166
0.0049984
0.00622283
0.006225
0.00507581
0.00440967
0.00493356
0.00577404
0.00585595
0.00523984
0.00225557
0.00237631
0.00276084
0.00347968
0.00355968
0.00324052
0.0040263
0.00560514
0.00621088
0.0052618
0.00436815
0.00490111
0.00607931
0.0062564
0.00526336
0.0045077
0.00482205
0.00560918
0.00588419
0.00548555
0.00242365
0.00251718
0.00286959
0.00362343
0.00372978
0.00331485
0.00396194
0.00552266
0.00624946
0.00540616
0.00446354
0.00482384
0.00592891
0.00626031
0.00544217
0.00463964
0.00476319
0.00545613
0.00586049
0.0056854
0.00259423
0.0026701
0.00297643
0.0037402
0.00390414
0.00342769
0.0038998
0.00540622
0.00626782
0.00556816
0.00459413
0.00477636
0.00577915
0.00623386
0.00560559
0.00479751
0.00475297
0.00533029
0.00580337
0.00582603
0.00276711
0.00283452
0.00308443
0.00383077
0.00406832
0.00357707
0.00386467
0.00526271
0.00624963
0.00573755
0.00475815
0.00476694
0.0056413
0.00617926
0.00574418
0.00497481
0.00478707
0.00523753
0.00573458
0.00590985
0.00294102
0.00300933
0.00319678
0.00389345
0.00421281
0.00375671
0.0038726
0.00510779
0.00618831
0.00589483
0.00495167
0.00479909
0.00552534
0.00610675
0.00585053
0.00516054
0.00486358
0.00517912
0.00566937
0.0059536
0.00311203
0.00318816
0.00332011
0.00394873
0.00433415
0.00395051
0.00392481
0.00496691
0.00609023
0.00601979
0.00516511
0.00487421
0.00543808
0.00602643
0.00592544
0.00534113
0.00497838
0.00515821
0.00561413
0.00597629
0.00328007
0.00336898
0.00345474
0.00399844
0.00443165
0.00414326
0.00401748
0.00485849
0.00596596
0.00610086
0.00538135
0.00499069
0.00538615
0.0059449
0.00597371
0.00550762
0.00512169
0.00517941
0.00557221
0.00598754
0.00344527
0.00354756
0.00359933
0.00405097
0.00450835
0.00432317
0.00414428
0.00479154
0.00583295
0.00613827
0.00558322
0.0051414
0.0053764
0.00587099
0.00599925
0.00565734
0.00528234
0.00524443
0.00555176
0.00598874
0.00360667
0.00372124
0.00375269
0.00411121
0.00456769
0.00448481
0.00429293
0.00476801
0.00570953
0.00613888
0.00575898
0.00531318
0.00540937
0.00581714
0.00600673
0.00578661
0.00545009
0.00534858
0.00556577
0.00598689
0.00376484
0.00388871
0.00391047
0.00418203
0.00461556
0.0046256
0.00445067
0.00478483
0.00560876
0.00611236
0.00590377
0.00549438
0.00548034
0.00579241
0.00600613
0.0058911
0.00561365
0.00548048
0.00562269
0.00600045
0.00391975
0.00404959
0.00406781
0.00426406
0.0046585
0.00474514
0.00460845
0.00483687
0.00553821
0.00607254
0.00601743
0.00567651
0.00558461
0.00580045
0.00601061
0.00597581
0.00576543
0.00562546
0.00571562
0.00604402
0.0040708
0.004202
0.00422252
0.00435658
0.0047017
0.00484528
0.00476052
0.00491712
0.0055009
0.00603137
0.00610208
0.00585077
0.00571702
0.00584215
0.00602796
0.00605064
0.005906
0.00577506
0.00583102
0.00611877
0.00421773
0.00434772
0.00437056
0.00445649
0.00474905
0.00492913
0.0049014
0.0050171
0.00549696
0.00600005
0.00616443
0.00600897
0.00586873
0.00591941
0.00606379
0.00612144
0.00603837
0.00592833
0.00596232
0.00621936
0.00435849
0.00448395
0.00451226
0.00456362
0.00480303
0.005001
0.00502791
0.00512757
0.00552248
0.00598675
0.00621556
0.00614936
0.00602879
0.00603234
0.00612941
0.00619526
0.0061633
0.00608404
0.00610644
0.0063384
0.00449459
0.00461256
0.00464153
0.00467031
0.00486389
0.00506411
0.00513994
0.00524261
0.00557255
0.00599301
0.00626429
0.00627747
0.00619016
0.00617208
0.00623262
0.00628598
0.00628559
0.00624183
0.00626292
0.00647285
0.00462241
0.0047331
0.00475993
0.00477593
0.00493079
0.00512147
0.00523723
0.00535718
0.00564268
0.00601966
0.00631496
0.00639782
0.00635286
0.00632933
0.00637094
0.00640922
0.00641847
0.00640461
0.00643331
0.00662575
0.00473829
0.00484183
0.00487227
0.004887
0.00500175
0.00517672
0.00532037
0.00546375
0.00572544
0.00606852
0.00637326
0.00651339
0.00652154
0.00650557
0.00653925
0.00657219
0.00657854
0.00658141
0.00662153
0.00680061
0.00484681
0.00494454
0.00496407
0.00497375
0.00507176
0.00522984
0.00539232
0.00555905
0.00581092
0.0061351
0.00644532
0.00662849
0.00669688
0.0067048
0.00673693
0.00677561
0.00678241
0.0067907
0.00683986
0.00700777
0.00493968
0.00503469
0.00504768
0.00505704
0.00514035
0.00527978
0.00545154
0.00564135
0.00589293
0.00621001
0.00653238
0.00675079
0.0068785
0.00693287
0.0069739
0.00702275
0.00703919
0.00704945
0.00710226
0.00726313
0.00501327
0.00510428
0.00512326
0.00513156
0.00520464
0.00532881
0.0054998
0.00570108
0.00596012
0.00628166
0.00662633
0.00688998
0.00708319
0.00720498
0.00727111
0.00732143
0.0073435
0.0073515
0.00740246
0.00755966
0.00507266
0.00517542
0.00517692
0.00518508
0.00525818
0.00537458
0.0055437
0.00574097
0.00599297
0.00631633
0.00669995
0.0070533
0.00735457
0.00759754
0.0077612
0.00785634
0.0078922
0.00785203
0.00779347
0.00780485
0.00511283
0.00516582
0.00518824
0.00521115
0.00529155
0.00540373
0.00557232
0.00576709
0.00599063
0.00623817
0.00654479
0.00694312
0.00740773
0.00782354
0.00815145
0.00843023
0.00875312
0.0091317
0.00952957
0.00986562
0.00512549
0.00524145
0.00525458
0.00528108
0.0053625
0.00544726
0.00556033
0.00573507
0.00607512
0.00653974
0.00702046
0.00742533
0.00777682
0.00809204
0.0084072
0.00871923
0.00903019
0.00932303
0.00956656
0.00971828
0.00507218
0.00511037
0.00517619
0.00527107
0.00543264
0.00561052
0.00582878
0.00607609
0.0063764
0.0067099
0.00704056
0.0073504
0.00766712
0.00798056
0.00831676
0.00869569
0.00912183
0.0095874
0.0100272
0.0103563
0.00509389
0.00525062
0.00531751
0.00540886
0.0055704
0.00574889
0.0059482
0.0061684
0.00645245
0.00678394
0.00716081
0.00753725
0.00790119
0.00822671
0.00847506
0.00862768
0.0086621
0.00858583
0.00844353
0.00831043
0.00497899
0.00506871
0.00524457
0.00545519
0.00567724
0.00586451
0.00604925
0.00624957
0.00652309
0.00683115
0.0071719
0.00751995
0.00786195
0.00822497
0.00860998
0.00902441
0.00947651
0.00993053
0.0103306
0.0105812
0.00495838
0.00509166
0.00528332
0.00551717
0.00576483
0.00596328
0.0061433
0.006322
0.00657689
0.00687435
0.00720641
0.00757696
0.00795142
0.00833206
0.00871615
0.00907939
0.00941793
0.00970688
0.0099203
0.00999356
0.0104887
0.00805614
0.00272279
-0.00173216
-0.00248106
-0.000763904
0.00118339
0.00255151
0.00349753
0.00434609
0.00514272
0.00581768
0.00642912
0.00702028
0.00754599
0.00801779
0.00856044
0.00926169
0.00999784
0.0105976
0.0110739
0.0115492
0.0121042
0.0127361
0.0133493
0.013877
0.0143817
0.0149366
0.0155177
0.0161274
0.0168138
0.0175333
0.0182086
0.0188622
0.019526
0.0202004
0.0208606
0.0214914
0.0220948
0.0226995
0.0233326
0.0239658
0.0245773
0.0252076
0.0259005
0.0266275
0.0273404
0.028046
0.0288102
0.0296271
0.0304387
0.0312679
0.0321362
0.0329538
0.0336411
0.0343126
0.0351134
0.0360656
0.037063
0.0380382
0.0389948
0.0399447
0.0408601
0.0417937
0.0427853
0.0437719
0.0447783
0.0458388
0.0469145
0.0479823
0.0491109
0.050242
0.0513901
0.0525598
0.0537711
0.0549988
0.0562613
0.0575475
0.0588627
0.0602093
0.0615815
0.0629832
0.064365
0.0658122
0.0672883
0.0688182
0.0703311
0.0718508
0.0734103
0.0749852
0.0766251
0.0782973
0.0799604
0.0816881
0.0834005
0.0851664
0.0869268
0.0886782
0.0903277
0.0918134
0.0101418
0.00794943
0.00281311
-0.00158383
-0.002391
-0.000719654
0.00121053
0.00256923
0.00350975
0.00435562
0.00515096
0.00582492
0.00643557
0.00702616
0.00755117
0.00802204
0.00856378
0.00926458
0.0100007
0.0106003
0.0110762
0.0115511
0.0121058
0.0127376
0.0133508
0.0138784
0.014383
0.0149378
0.0155188
0.0161284
0.0168148
0.0175343
0.0182096
0.0188632
0.0195269
0.0202013
0.0208614
0.0214923
0.0220957
0.0227003
0.0233334
0.0239666
0.024578
0.0252083
0.0259012
0.0266281
0.0273411
0.0280466
0.0288107
0.0296276
0.0304392
0.0312684
0.0321367
0.0329543
0.0336416
0.034313
0.0351137
0.0360659
0.0370633
0.0380385
0.0389951
0.039945
0.0408604
0.041794
0.0427855
0.0437722
0.0447785
0.045839
0.0469147
0.0479825
0.0491111
0.0502422
0.0513903
0.05256
0.0537713
0.054999
0.0562615
0.0575477
0.0588628
0.0602094
0.0615817
0.0629833
0.0643651
0.0658123
0.0672884
0.0688183
0.0703312
0.0718509
0.0734105
0.0749853
0.0766252
0.0782974
0.0799605
0.0816882
0.0834005
0.0851665
0.0869269
0.0886783
0.0903278
0.0918135
0.00972629
0.00780763
0.00298134
-0.00131513
-0.00224074
-0.000664498
0.0012397
0.00259209
0.00352728
0.00436863
0.00516079
0.00583256
0.00644189
0.00703191
0.00755659
0.00802686
0.00856777
0.00926793
0.0100037
0.010603
0.0110785
0.0115531
0.0121075
0.0127391
0.0133523
0.0138797
0.0143841
0.0149388
0.0155197
0.0161292
0.0168156
0.0175352
0.0182105
0.018864
0.0195277
0.0202021
0.0208622
0.0214931
0.0220964
0.022701
0.0233341
0.0239673
0.0245787
0.0252089
0.0259017
0.0266287
0.0273416
0.0280471
0.0288111
0.029628
0.0304396
0.0312687
0.0321371
0.0329548
0.033642
0.0343133
0.0351139
0.0360662
0.0370636
0.0380388
0.0389953
0.0399453
0.0408606
0.0417942
0.0427857
0.0437724
0.0447787
0.0458392
0.0469149
0.0479827
0.0491112
0.0502424
0.0513905
0.0525601
0.0537715
0.0549991
0.0562616
0.0575478
0.058863
0.0602095
0.0615818
0.0629834
0.0643652
0.0658124
0.0672885
0.0688184
0.0703313
0.071851
0.0734105
0.0749854
0.0766253
0.0782975
0.0799605
0.0816883
0.0834006
0.0851666
0.0869269
0.0886783
0.0903279
0.0918136
0.00932911
0.00767971
0.00320394
-0.000972785
-0.00203495
-0.000586612
0.00128261
0.00262759
0.00355548
0.00438923
0.00517536
0.005843
0.00644971
0.00703847
0.00756321
0.00803397
0.00857449
0.00927328
0.0100077
0.0106063
0.0110817
0.0115562
0.0121101
0.0127413
0.0133541
0.0138813
0.0143855
0.01494
0.0155207
0.01613
0.0168164
0.0175361
0.0182115
0.0188649
0.0195285
0.0202029
0.020863
0.0214939
0.0220972
0.0227017
0.0233347
0.0239679
0.0245793
0.0252095
0.0259023
0.0266293
0.0273422
0.0280476
0.0288116
0.0296285
0.03044
0.0312691
0.0321376
0.0329554
0.0336425
0.0343135
0.0351141
0.0360664
0.037064
0.0380391
0.0389956
0.0399456
0.0408609
0.0417944
0.0427859
0.0437726
0.0447789
0.0458393
0.046915
0.0479829
0.0491114
0.0502426
0.0513906
0.0525603
0.0537716
0.0549992
0.0562617
0.057548
0.0588631
0.0602097
0.0615819
0.0629836
0.0643653
0.0658125
0.0672886
0.0688186
0.0703315
0.0718511
0.0734106
0.0749855
0.0766254
0.0782976
0.0799606
0.0816884
0.0834007
0.0851666
0.086927
0.0886785
0.0903282
0.0918139
0.00895777
0.00755635
0.0034397
-0.000607129
-0.00180446
-0.000496669
0.00133261
0.00267226
0.00359382
0.00441834
0.00519613
0.00585794
0.00646054
0.00704676
0.0075716
0.00804418
0.0085851
0.00928159
0.010013
0.0106103
0.0110863
0.0115613
0.0121147
0.0127447
0.0133568
0.0138837
0.0143876
0.0149417
0.015522
0.0161309
0.0168173
0.017537
0.0182124
0.0188658
0.0195294
0.0202037
0.0208638
0.0214947
0.0220981
0.0227025
0.0233354
0.0239686
0.0245799
0.0252101
0.0259029
0.0266299
0.0273428
0.0280482
0.0288121
0.029629
0.0304405
0.0312696
0.0321382
0.0329561
0.033643
0.0343137
0.0351142
0.0360667
0.0370644
0.0380395
0.038996
0.0399459
0.0408612
0.0417946
0.0427862
0.0437728
0.044779
0.0458395
0.0469153
0.047983
0.0491116
0.0502427
0.0513908
0.0525604
0.0537718
0.0549994
0.0562619
0.0575481
0.0588632
0.0602098
0.0615821
0.0629837
0.0643655
0.0658126
0.0672887
0.0688187
0.0703316
0.0718512
0.0734107
0.0749856
0.0766255
0.0782977
0.0799607
0.0816884
0.0834008
0.0851667
0.0869272
0.0886786
0.0903285
0.0918143
0.00860355
0.00742041
0.00366701
-0.000236
-0.00155991
-0.000400392
0.00138351
0.00271983
0.00363742
0.00445286
0.00522154
0.00587686
0.00647453
0.00705722
0.00758204
0.00805747
0.00859957
0.00929288
0.0100197
0.0106151
0.0110922
0.0115686
0.0121215
0.0127498
0.0133607
0.0138874
0.0143911
0.0149444
0.0155238
0.0161323
0.0168183
0.0175378
0.0182131
0.0188668
0.0195303
0.0202044
0.0208644
0.0214956
0.0220991
0.0227035
0.0233361
0.0239692
0.0245807
0.0252109
0.0259037
0.0266305
0.0273434
0.0280489
0.0288128
0.0296296
0.0304411
0.0312702
0.0321389
0.0329568
0.0336435
0.034314
0.0351144
0.036067
0.0370648
0.0380399
0.0389964
0.0399463
0.0408616
0.0417949
0.0427865
0.0437731
0.0447793
0.0458398
0.0469155
0.0479832
0.0491118
0.0502429
0.051391
0.0525606
0.0537719
0.0549995
0.056262
0.0575483
0.0588633
0.0602099
0.0615822
0.0629839
0.0643656
0.0658128
0.0672888
0.0688188
0.0703317
0.0718513
0.0734109
0.0749857
0.0766256
0.0782978
0.0799608
0.0816885
0.0834009
0.0851668
0.0869273
0.0886788
0.090329
0.0918149
0.00826322
0.00726969
0.0038817
0.000137487
-0.00130207
-0.000297509
0.00143445
0.00276826
0.00368389
0.00449063
0.00524984
0.00589841
0.00649089
0.00706968
0.00759439
0.00807317
0.0086168
0.00930625
0.0100272
0.0106204
0.0110993
0.0115779
0.0121303
0.0127562
0.0133656
0.0138926
0.0143963
0.0149485
0.0155267
0.0161343
0.0168197
0.0175385
0.0182138
0.0188676
0.0195311
0.0202048
0.0208648
0.0214963
0.0221004
0.0227047
0.023337
0.0239699
0.0245816
0.025212
0.0259046
0.0266312
0.0273441
0.0280497
0.0288135
0.0296302
0.0304417
0.031271
0.0321398
0.0329577
0.0336441
0.0343143
0.0351146
0.0360674
0.0370654
0.0380404
0.0389969
0.0399468
0.040862
0.0417952
0.0427868
0.0437735
0.0447796
0.0458401
0.0469158
0.0479835
0.049112
0.0502432
0.0513911
0.0525608
0.0537721
0.0549997
0.0562622
0.0575484
0.0588635
0.0602101
0.0615824
0.0629841
0.0643657
0.0658129
0.067289
0.068819
0.0703319
0.0718515
0.073411
0.0749858
0.0766257
0.078298
0.0799609
0.0816887
0.083401
0.0851669
0.0869275
0.0886791
0.0903295
0.0918156
0.00794128
0.00710938
0.00408181
0.000510572
-0.00103081
-0.000185883
0.00148648
0.00281739
0.00373272
0.00453099
0.0052802
0.00592167
0.00650891
0.00708374
0.00760828
0.0080905
0.00863568
0.00932087
0.0100354
0.0106261
0.0111073
0.0115886
0.0121405
0.0127636
0.0133714
0.0138989
0.0144031
0.0149542
0.015531
0.0161374
0.0168216
0.0175395
0.0182145
0.0188684
0.0195316
0.0202048
0.0208647
0.0214968
0.0221018
0.0227062
0.0233379
0.0239706
0.0245827
0.0252136
0.0259058
0.0266319
0.0273449
0.0280507
0.0288143
0.0296306
0.0304423
0.0312718
0.0321408
0.0329586
0.0336449
0.0343148
0.0351149
0.0360678
0.0370659
0.038041
0.0389974
0.0399474
0.0408626
0.0417957
0.0427873
0.0437739
0.04478
0.0458404
0.0469162
0.0479838
0.0491123
0.0502434
0.0513914
0.052561
0.0537723
0.0549999
0.0562623
0.0575486
0.0588636
0.0602102
0.0615825
0.0629842
0.0643659
0.065813
0.0672891
0.0688191
0.0703321
0.0718516
0.0734111
0.0749859
0.0766258
0.0782981
0.079961
0.0816888
0.0834012
0.085167
0.0869277
0.0886795
0.0903303
0.0918165
0.00764422
0.0069432
0.00426315
0.000879936
-0.000745459
-6.27535e-05
0.0015409
0.00286696
0.00378345
0.00457363
0.00531227
0.00594625
0.0065282
0.00709906
0.00762331
0.00810892
0.00865563
0.00933636
0.0100441
0.0106322
0.0111159
0.0116002
0.0121517
0.0127716
0.0133774
0.0139058
0.0144109
0.0149612
0.0155364
0.0161416
0.0168243
0.0175408
0.0182153
0.0188693
0.0195321
0.0202044
0.0208639
0.0214969
0.022103
0.0227078
0.0233389
0.0239713
0.0245841
0.0252155
0.0259074
0.0266329
0.027346
0.0280521
0.0288153
0.029631
0.0304426
0.0312726
0.0321418
0.0329597
0.0336459
0.0343155
0.0351154
0.0360684
0.0370666
0.0380416
0.0389979
0.0399481
0.0408632
0.0417962
0.0427878
0.0437745
0.0447805
0.0458409
0.0469166
0.0479842
0.0491127
0.0502438
0.0513917
0.0525613
0.0537726
0.0550001
0.0562625
0.0575488
0.0588638
0.0602104
0.0615827
0.0629844
0.064366
0.0658131
0.0672893
0.0688193
0.0703323
0.0718517
0.0734112
0.074986
0.076626
0.0782983
0.0799612
0.0816889
0.0834013
0.0851671
0.086928
0.0886799
0.0903311
0.0918176
0.0073745
0.00677288
0.00442311
0.00124381
-0.000445462
7.37476e-05
0.00159814
0.0029161
0.00383531
0.00461835
0.00534611
0.00597217
0.00654871
0.00711549
0.00763931
0.00812824
0.00867653
0.00935273
0.0100535
0.0106387
0.0111249
0.0116125
0.0121635
0.01278
0.0133837
0.013913
0.0144193
0.014969
0.0155429
0.0161467
0.0168276
0.0175424
0.0182164
0.0188705
0.0195326
0.0202037
0.0208626
0.0214963
0.022104
0.0227094
0.0233399
0.023972
0.0245857
0.025218
0.0259094
0.0266341
0.0273474
0.0280539
0.0288166
0.0296314
0.0304428
0.0312731
0.0321425
0.0329605
0.0336469
0.0343165
0.0351163
0.0360692
0.0370673
0.0380421
0.0389984
0.0399487
0.0408639
0.0417969
0.0427885
0.0437752
0.0447812
0.0458415
0.0469172
0.0479848
0.0491133
0.0502442
0.0513921
0.0525617
0.0537729
0.0550004
0.0562628
0.057549
0.058864
0.0602106
0.0615829
0.0629846
0.0643662
0.0658133
0.0672894
0.0688195
0.0703325
0.0718519
0.0734114
0.0749862
0.0766261
0.0782984
0.0799613
0.0816891
0.0834015
0.0851672
0.0869283
0.0886804
0.0903322
0.091819
0.00713104
0.00660205
0.00456261
0.00160029
-0.00013271
0.000224166
0.00165861
0.00296424
0.00388779
0.00466526
0.0053821
0.00599974
0.00657055
0.0071331
0.00765634
0.00814859
0.00869852
0.0093701
0.0100635
0.0106457
0.0111345
0.0116254
0.012176
0.0127888
0.0133901
0.0139203
0.014428
0.0149773
0.0155501
0.0161527
0.0168316
0.0175444
0.0182177
0.0188718
0.0195333
0.0202029
0.0208608
0.0214953
0.0221047
0.0227108
0.0233407
0.0239726
0.0245874
0.0252207
0.0259118
0.0266357
0.0273491
0.0280562
0.0288184
0.0296319
0.030443
0.0312733
0.0321427
0.0329607
0.0336476
0.0343177
0.0351175
0.0360704
0.0370683
0.0380427
0.0389988
0.0399492
0.0408646
0.0417976
0.0427892
0.043776
0.044782
0.0458422
0.0469179
0.0479856
0.049114
0.0502448
0.0513926
0.0525622
0.0537733
0.0550008
0.0562631
0.0575493
0.0588642
0.0602108
0.0615831
0.0629848
0.0643663
0.0658134
0.0672896
0.0688197
0.0703327
0.071852
0.0734115
0.0749863
0.0766263
0.0782986
0.0799615
0.0816892
0.0834018
0.0851672
0.0869288
0.0886811
0.0903334
0.0918206
0.00691301
0.00643662
0.00468299
0.00194503
0.000189216
0.000389479
0.00172413
0.00301168
0.00394055
0.0047144
0.0054206
0.00602929
0.00659394
0.00715203
0.00767455
0.00817016
0.0087218
0.00938857
0.0100743
0.0106531
0.0111444
0.0116388
0.012189
0.0127981
0.0133969
0.0139279
0.0144369
0.0149859
0.0155577
0.0161593
0.0168362
0.0175467
0.0182192
0.0188734
0.0195342
0.020202
0.0208587
0.0214938
0.0221051
0.0227121
0.0233414
0.0239731
0.0245891
0.0252237
0.0259144
0.0266375
0.0273511
0.028059
0.0288207
0.0296329
0.0304432
0.0312733
0.0321422
0.0329602
0.0336478
0.0343187
0.0351189
0.0360721
0.0370698
0.0380434
0.038999
0.0399495
0.0408652
0.0417982
0.0427899
0.0437769
0.0447829
0.045843
0.0469187
0.0479864
0.0491148
0.0502456
0.0513934
0.0525629
0.0537739
0.0550013
0.0562635
0.0575497
0.0588645
0.0602111
0.0615834
0.062985
0.0643664
0.0658135
0.0672898
0.0688199
0.070333
0.0718522
0.0734117
0.0749865
0.0766264
0.0782988
0.0799616
0.0816894
0.083402
0.0851673
0.0869292
0.088682
0.0903348
0.0918225
0.00671996
0.00628115
0.00478382
0.00227302
0.000517655
0.000571919
0.00179747
0.00305895
0.00399289
0.0047654
0.00546181
0.00606123
0.00661924
0.00717251
0.00769411
0.00819306
0.00874647
0.00940825
0.0100858
0.010661
0.0111548
0.0116528
0.0122027
0.0128079
0.0134039
0.0139357
0.0144461
0.0149949
0.0155659
0.0161665
0.0168413
0.0175494
0.0182208
0.0188751
0.0195353
0.0202013
0.0208565
0.0214921
0.0221052
0.0227133
0.0233421
0.0239735
0.0245908
0.0252268
0.0259173
0.0266394
0.0273533
0.0280621
0.0288233
0.0296341
0.0304435
0.031273
0.0321411
0.0329588
0.0336471
0.034319
0.0351203
0.0360742
0.0370718
0.0380446
0.0389993
0.0399496
0.0408655
0.0417986
0.0427905
0.0437777
0.0447839
0.0458438
0.0469195
0.0479874
0.0491157
0.0502464
0.0513944
0.0525639
0.0537748
0.0550019
0.0562641
0.0575501
0.0588649
0.0602115
0.0615837
0.0629853
0.0643666
0.0658136
0.0672899
0.0688201
0.0703332
0.0718524
0.0734119
0.0749866
0.0766266
0.0782989
0.0799618
0.0816896
0.0834024
0.0851673
0.0869298
0.088683
0.0903363
0.0918246
0.00654924
0.00613706
0.00486515
0.00258157
0.000851065
0.000773451
0.0018811
0.0031065
0.00404397
0.00481771
0.00550597
0.00609613
0.0066469
0.00719479
0.00771507
0.00821732
0.00877261
0.00942924
0.0100982
0.0106694
0.0111657
0.0116675
0.012217
0.0128181
0.0134112
0.0139437
0.0144556
0.0150043
0.0155748
0.0161746
0.0168471
0.0175523
0.0182225
0.018877
0.0195366
0.0202007
0.0208542
0.0214901
0.0221052
0.0227145
0.0233426
0.0239738
0.0245925
0.02523
0.0259202
0.0266414
0.0273557
0.0280654
0.0288263
0.0296356
0.030444
0.0312726
0.0321394
0.0329565
0.0336455
0.0343187
0.0351212
0.0360764
0.0370744
0.0380463
0.0389997
0.0399494
0.0408655
0.0417989
0.0427909
0.0437785
0.0447849
0.0458447
0.0469204
0.0479884
0.0491167
0.0502473
0.0513955
0.0525651
0.0537758
0.0550028
0.0562648
0.0575507
0.0588654
0.0602119
0.0615842
0.0629857
0.0643669
0.0658137
0.0672899
0.0688202
0.0703335
0.0718527
0.0734121
0.0749868
0.0766267
0.0782991
0.079962
0.0816897
0.0834027
0.0851672
0.0869303
0.0886842
0.0903381
0.091827
0.00639603
0.00600462
0.00492992
0.00286997
0.00118696
0.000994446
0.00197721
0.00315531
0.0040933
0.00487077
0.00555328
0.00613463
0.00667748
0.00721913
0.0077375
0.00824296
0.00880029
0.00945164
0.0101115
0.0106784
0.0111772
0.0116828
0.012232
0.0128288
0.0134189
0.0139521
0.0144655
0.0150143
0.0155845
0.0161838
0.0168537
0.0175556
0.0182244
0.018879
0.0195382
0.0202003
0.0208519
0.0214881
0.0221052
0.0227156
0.0233433
0.0239741
0.0245942
0.0252332
0.0259233
0.0266434
0.027358
0.0280688
0.0288294
0.0296374
0.0304446
0.031272
0.0321372
0.0329533
0.0336432
0.0343176
0.0351216
0.0360784
0.0370771
0.0380483
0.0390003
0.0399492
0.0408653
0.0417989
0.0427911
0.0437792
0.0447859
0.0458456
0.0469214
0.0479895
0.0491176
0.0502482
0.0513966
0.0525665
0.0537771
0.0550039
0.0562657
0.0575515
0.0588659
0.0602123
0.0615847
0.0629862
0.0643672
0.0658138
0.0672899
0.0688203
0.0703338
0.071853
0.0734123
0.0749871
0.0766269
0.0782992
0.0799621
0.0816898
0.0834031
0.0851672
0.086931
0.0886855
0.09034
0.0918297
0.00625592
0.00588461
0.00498266
0.00313757
0.00152138
0.00123414
0.00208837
0.00320726
0.00414076
0.00492383
0.00560367
0.00617727
0.00671158
0.00724581
0.00776144
0.00826995
0.0088295
0.00947548
0.0101258
0.0106879
0.0111893
0.0116988
0.0122476
0.01284
0.0134269
0.0139608
0.0144759
0.0150251
0.0155954
0.016194
0.0168611
0.0175593
0.0182263
0.0188811
0.01954
0.0202001
0.0208497
0.0214859
0.0221051
0.0227168
0.0233439
0.0239744
0.0245959
0.0252366
0.0259264
0.0266455
0.0273604
0.0280724
0.0288327
0.0296392
0.0304453
0.0312712
0.0321345
0.0329496
0.0336405
0.0343162
0.0351216
0.03608
0.0370795
0.0380504
0.0390009
0.0399488
0.0408649
0.0417988
0.0427914
0.0437799
0.0447868
0.0458465
0.0469223
0.0479907
0.0491185
0.0502489
0.0513977
0.052568
0.0537786
0.0550051
0.0562668
0.0575524
0.0588666
0.0602128
0.0615852
0.0629867
0.0643678
0.0658141
0.0672899
0.0688202
0.0703339
0.0718532
0.0734126
0.0749874
0.076627
0.0782992
0.0799623
0.0816898
0.0834035
0.085167
0.0869316
0.0886869
0.090342
0.0918326
0.00612622
0.0057775
0.00502741
0.00338372
0.00185009
0.00149105
0.00221722
0.00326474
0.00418654
0.00497604
0.00565673
0.00622438
0.00674969
0.00727512
0.00778696
0.00829825
0.00886018
0.00950077
0.0101411
0.0106982
0.011202
0.0117156
0.012264
0.0128518
0.0134355
0.01397
0.014487
0.0150368
0.0156073
0.0162054
0.0168694
0.0175633
0.0182283
0.0188833
0.0195419
0.0202001
0.0208476
0.0214838
0.0221051
0.0227181
0.0233446
0.0239748
0.0245978
0.0252402
0.0259298
0.0266477
0.0273628
0.028076
0.0288361
0.0296411
0.030446
0.0312703
0.0321313
0.0329453
0.0336375
0.0343151
0.0351217
0.0360812
0.0370816
0.0380522
0.0390014
0.0399482
0.0408644
0.0417986
0.0427916
0.0437806
0.0447878
0.0458474
0.0469233
0.0479918
0.0491195
0.0502497
0.0513988
0.0525695
0.0537802
0.0550065
0.056268
0.0575534
0.0588674
0.0602134
0.0615857
0.0629873
0.0643684
0.0658145
0.0672898
0.0688199
0.0703339
0.0718535
0.073413
0.0749878
0.0766273
0.0782992
0.0799624
0.0816898
0.0834039
0.0851669
0.0869323
0.0886885
0.0903441
0.0918356
0.00600554
0.00568245
0.00506733
0.00360899
0.00216928
0.00176244
0.00236577
0.00333039
0.00423129
0.0050266
0.00571173
0.00627589
0.00679214
0.00730733
0.00781414
0.00832786
0.00889234
0.00952753
0.0101576
0.0107092
0.0112154
0.0117332
0.0122811
0.0128643
0.0134445
0.0139797
0.0144987
0.0150495
0.0156204
0.0162179
0.0168783
0.0175677
0.0182305
0.0188857
0.0195441
0.0202003
0.0208455
0.0214817
0.0221051
0.0227195
0.0233454
0.0239752
0.0245997
0.0252439
0.0259333
0.02665
0.0273653
0.0280797
0.0288396
0.0296431
0.0304467
0.0312694
0.0321279
0.0329407
0.0336349
0.0343149
0.0351226
0.0360824
0.0370832
0.0380537
0.0390017
0.0399475
0.0408639
0.0417986
0.042792
0.0437814
0.044789
0.0458484
0.0469244
0.047993
0.0491205
0.0502504
0.0513998
0.052571
0.0537819
0.0550081
0.0562693
0.0575546
0.0588684
0.060214
0.0615861
0.0629879
0.0643692
0.065815
0.0672898
0.0688195
0.0703338
0.0718537
0.0734134
0.0749883
0.0766275
0.0782993
0.0799625
0.0816897
0.0834043
0.0851667
0.0869331
0.0886902
0.0903462
0.0918387
0.00589323
0.00559748
0.0051052
0.00381562
0.00247562
0.00204407
0.00253517
0.00340706
0.00427625
0.00507491
0.00576761
0.00633143
0.00683913
0.00734275
0.00784309
0.00835876
0.0089259
0.00955574
0.0101753
0.0107212
0.0112296
0.0117515
0.0122991
0.0128774
0.013454
0.0139899
0.0145113
0.0150631
0.0156344
0.0162312
0.0168879
0.0175724
0.018233
0.0188883
0.0195464
0.0202006
0.0208435
0.0214797
0.0221052
0.0227211
0.0233463
0.0239756
0.0246018
0.0252478
0.025937
0.0266523
0.0273678
0.0280835
0.0288432
0.0296452
0.0304475
0.0312686
0.0321243
0.0329361
0.0336329
0.034316
0.0351249
0.036084
0.0370843
0.0380546
0.0390016
0.0399466
0.0408634
0.0417987
0.0427926
0.0437824
0.0447903
0.0458495
0.0469255
0.0479943
0.0491215
0.0502511
0.0514008
0.0525724
0.0537835
0.0550097
0.0562707
0.0575558
0.0588694
0.0602147
0.0615866
0.0629884
0.06437
0.0658157
0.0672899
0.0688191
0.0703335
0.0718537
0.0734138
0.0749888
0.0766279
0.0782993
0.0799626
0.0816896
0.0834047
0.0851666
0.0869339
0.0886921
0.0903485
0.091842
0.00578945
0.0055203
0.00514307
0.00400676
0.00276635
0.00233106
0.00272567
0.00349768
0.00432316
0.00512056
0.00582316
0.00639035
0.00689075
0.00738169
0.00787399
0.00839091
0.00896083
0.00958541
0.0101943
0.0107341
0.0112446
0.0117707
0.0123178
0.0128913
0.013464
0.0140008
0.0145246
0.0150776
0.0156492
0.0162453
0.0168981
0.0175775
0.0182356
0.018891
0.019549
0.020201
0.0208416
0.0214777
0.0221054
0.0227227
0.0233473
0.0239761
0.024604
0.025252
0.0259409
0.0266548
0.0273703
0.0280873
0.0288469
0.0296473
0.0304484
0.0312679
0.0321206
0.0329315
0.0336316
0.0343189
0.0351291
0.0360864
0.0370852
0.0380551
0.0390012
0.0399456
0.040863
0.0417993
0.0427934
0.0437836
0.0447917
0.0458508
0.0469267
0.0479956
0.0491226
0.050252
0.0514019
0.0525739
0.0537852
0.0550113
0.0562721
0.0575571
0.0588705
0.0602154
0.061587
0.0629889
0.0643709
0.0658166
0.0672901
0.0688186
0.0703331
0.0718537
0.0734142
0.0749895
0.0766283
0.0782993
0.0799627
0.0816895
0.0834051
0.0851664
0.0869347
0.0886941
0.0903508
0.0918454
0.00569554
0.00544849
0.00518167
0.00418604
0.00303965
0.00261859
0.00293655
0.00360493
0.00437412
0.00516364
0.00587732
0.00645178
0.0069468
0.00742429
0.007907
0.00842434
0.00899712
0.00961659
0.0102145
0.010748
0.0112605
0.0117907
0.0123374
0.0129058
0.0134747
0.0140122
0.0145387
0.0150927
0.0156646
0.0162599
0.0169087
0.0175829
0.0182386
0.0188941
0.0195517
0.0202016
0.0208397
0.0214757
0.0221058
0.0227246
0.0233484
0.0239767
0.0246064
0.0252564
0.0259451
0.0266575
0.027373
0.0280913
0.0288507
0.0296495
0.0304492
0.0312675
0.0321171
0.0329271
0.0336312
0.0343236
0.0351352
0.0360899
0.0370861
0.0380552
0.0390006
0.0399447
0.0408628
0.0418001
0.0427944
0.0437849
0.0447934
0.0458522
0.046928
0.0479971
0.0491238
0.050253
0.0514031
0.0525753
0.0537868
0.0550129
0.0562737
0.0575585
0.0588718
0.0602163
0.0615874
0.0629893
0.0643717
0.0658175
0.0672903
0.0688181
0.0703327
0.0718537
0.0734146
0.0749901
0.0766287
0.0782993
0.0799628
0.0816893
0.0834056
0.0851663
0.0869356
0.0886963
0.0903533
0.0918489
0.00561434
0.0053793
0.00521967
0.00435767
0.00329564
0.00290192
0.00316571
0.00373104
0.00443159
0.00520491
0.00592936
0.00651463
0.00700681
0.00747056
0.00794235
0.00845928
0.00903486
0.00964933
0.0102361
0.010763
0.0112773
0.0118117
0.012358
0.0129211
0.0134859
0.0140243
0.0145536
0.0151086
0.0156805
0.0162748
0.0169197
0.0175887
0.0182418
0.0188974
0.0195547
0.0202023
0.0208378
0.0214739
0.0221062
0.0227266
0.0233496
0.0239774
0.024609
0.0252611
0.0259496
0.0266604
0.0273758
0.0280953
0.0288546
0.0296517
0.0304502
0.0312671
0.0321137
0.032923
0.0336314
0.0343298
0.0351431
0.0360944
0.0370871
0.038055
0.0389998
0.0399436
0.0408629
0.0418014
0.0427955
0.0437864
0.0447953
0.0458537
0.0469293
0.0479986
0.0491251
0.0502541
0.0514045
0.0525769
0.0537885
0.0550147
0.0562752
0.0575599
0.0588731
0.0602172
0.0615879
0.0629897
0.0643726
0.0658186
0.0672907
0.0688176
0.0703322
0.0718536
0.073415
0.0749908
0.0766291
0.0782993
0.079963
0.0816892
0.083406
0.0851662
0.0869364
0.0886985
0.090356
0.0918525
0.00555061
0.00531077
0.00525338
0.00452598
0.0035367
0.00317649
0.00340967
0.00387787
0.00449826
0.00524568
0.00597875
0.00657771
0.00707012
0.00752057
0.00798032
0.00849598
0.00907413
0.00968363
0.0102591
0.0107791
0.0112951
0.0118338
0.0123795
0.0129373
0.0134979
0.0140372
0.0145692
0.015125
0.0156967
0.0162901
0.0169311
0.0175949
0.0182454
0.018901
0.0195579
0.0202031
0.0208361
0.0214721
0.0221069
0.0227289
0.0233509
0.0239783
0.0246119
0.0252662
0.0259543
0.0266634
0.0273786
0.0280995
0.0288586
0.0296539
0.0304511
0.0312667
0.0321104
0.032919
0.0336322
0.0343372
0.0351524
0.0360998
0.0370882
0.0380545
0.0389988
0.0399426
0.0408631
0.0418029
0.0427968
0.0437879
0.0447973
0.0458553
0.0469307
0.0480002
0.0491265
0.0502554
0.051406
0.0525786
0.0537902
0.0550165
0.0562769
0.0575614
0.0588745
0.0602183
0.0615884
0.0629901
0.0643735
0.0658197
0.0672911
0.0688172
0.0703317
0.0718536
0.0734154
0.0749915
0.0766296
0.0782993
0.0799631
0.081689
0.0834065
0.0851661
0.0869374
0.0887009
0.0903588
0.0918564
0.00550971
0.00524487
0.00527783
0.00469353
0.00376706
0.00343824
0.00366392
0.00404695
0.00457688
0.00528736
0.00602532
0.00664
0.00713596
0.00757427
0.00802109
0.00853466
0.00911511
0.00971956
0.0102835
0.0107962
0.0113139
0.0118569
0.0124022
0.0129544
0.0135106
0.0140507
0.0145855
0.015142
0.0157133
0.0163057
0.0169429
0.0176015
0.0182493
0.018905
0.0195615
0.0202041
0.0208344
0.0214704
0.0221077
0.0227313
0.0233525
0.0239793
0.024615
0.0252716
0.0259593
0.0266666
0.0273816
0.0281038
0.0288627
0.0296561
0.0304521
0.0312663
0.0321074
0.0329152
0.0336334
0.0343454
0.0351627
0.0361059
0.0370895
0.038054
0.0389978
0.0399415
0.0408635
0.0418046
0.0427982
0.0437895
0.0447995
0.045857
0.0469321
0.0480019
0.049128
0.0502568
0.0514077
0.0525803
0.053792
0.0550184
0.0562787
0.057563
0.058876
0.0602194
0.061589
0.0629905
0.0643744
0.0658209
0.0672917
0.0688168
0.0703313
0.0718536
0.0734159
0.0749922
0.0766301
0.0782994
0.0799633
0.0816889
0.083407
0.0851661
0.0869383
0.0887034
0.0903618
0.0918604
0.00549475
0.00518977
0.00528805
0.00485883
0.00399253
0.00368493
0.00392276
0.00423881
0.00467004
0.00533145
0.00606967
0.00670112
0.00720351
0.00763133
0.0080647
0.00857544
0.00915812
0.00975737
0.0103095
0.0108145
0.0113337
0.0118812
0.012426
0.0129725
0.0135242
0.0140651
0.0146027
0.0151596
0.0157302
0.0163217
0.0169551
0.0176084
0.0182536
0.0189093
0.0195653
0.0202053
0.0208328
0.0214688
0.0221087
0.022734
0.0233542
0.0239805
0.0246183
0.0252773
0.0259646
0.02667
0.0273846
0.0281082
0.028867
0.0296584
0.030453
0.0312661
0.0321045
0.0329115
0.0336347
0.034354
0.0351734
0.0361123
0.0370909
0.0380533
0.0389968
0.0399405
0.0408639
0.0418064
0.0427997
0.0437912
0.0448017
0.0458588
0.0469337
0.0480037
0.0491295
0.0502583
0.0514095
0.0525822
0.0537939
0.0550203
0.0562805
0.0575646
0.0588775
0.0602206
0.0615897
0.0629909
0.0643754
0.0658222
0.0672923
0.0688165
0.0703309
0.0718537
0.0734164
0.0749929
0.0766306
0.0782994
0.0799634
0.0816888
0.0834075
0.0851662
0.0869393
0.088706
0.090365
0.0918645
0.00550286
0.00515813
0.00528202
0.00501494
0.00421974
0.00391791
0.00417926
0.00445218
0.00478055
0.0053796
0.00611288
0.00676103
0.00727192
0.00769113
0.00811109
0.00861845
0.00920345
0.00979742
0.010337
0.0108339
0.0113544
0.0119065
0.0124511
0.0129917
0.0135385
0.0140803
0.0146206
0.0151778
0.0157475
0.016338
0.0169677
0.0176159
0.0182583
0.018914
0.0195695
0.0202068
0.0208314
0.0214673
0.0221099
0.022737
0.023356
0.0239817
0.0246218
0.0252833
0.0259702
0.0266735
0.0273878
0.0281127
0.0288714
0.0296607
0.030454
0.0312659
0.0321018
0.032908
0.0336361
0.0343628
0.0351844
0.036119
0.0370923
0.0380527
0.0389957
0.0399394
0.0408644
0.0418083
0.0428012
0.0437929
0.0448041
0.0458606
0.0469352
0.0480056
0.0491312
0.0502599
0.0514114
0.0525841
0.0537959
0.0550224
0.0562824
0.0575662
0.0588792
0.0602219
0.0615904
0.0629914
0.0643765
0.0658235
0.067293
0.0688161
0.0703305
0.0718539
0.073417
0.0749936
0.0766311
0.0782995
0.0799637
0.0816887
0.0834081
0.0851664
0.0869403
0.0887088
0.0903685
0.0918689
0.00552225
0.0051626
0.00526562
0.00515175
0.00445277
0.00414237
0.00442636
0.00468356
0.00491186
0.00543367
0.00615576
0.00682009
0.00734064
0.0077529
0.00816009
0.00866381
0.0092513
0.00984008
0.0103664
0.0108544
0.0113761
0.011933
0.0124775
0.0130121
0.0135539
0.0140964
0.0146394
0.0151967
0.0157653
0.0163547
0.0169808
0.0176237
0.0182634
0.018919
0.019574
0.0202085
0.0208301
0.0214659
0.0221113
0.0227402
0.023358
0.023983
0.0246254
0.0252895
0.025976
0.0266771
0.0273911
0.0281175
0.028876
0.0296631
0.0304549
0.0312657
0.0320992
0.0329047
0.0336376
0.0343716
0.0351955
0.0361258
0.0370939
0.0380521
0.0389947
0.0399383
0.040865
0.0418102
0.0428027
0.0437948
0.0448065
0.0458626
0.0469369
0.0480076
0.049133
0.0502615
0.0514133
0.0525861
0.053798
0.0550246
0.0562845
0.057568
0.0588809
0.0602233
0.0615913
0.062992
0.0643776
0.0658249
0.0672936
0.0688158
0.0703302
0.0718541
0.0734176
0.0749944
0.0766317
0.0782995
0.0799639
0.0816885
0.0834086
0.0851666
0.0869414
0.0887117
0.0903722
0.0918734
0.00553483
0.00520821
0.00525393
0.00526127
0.00468886
0.00436615
0.00465923
0.00492675
0.00506741
0.00549619
0.00619844
0.00687907
0.00740977
0.00781587
0.00821119
0.00871146
0.00930179
0.00988567
0.0103981
0.010876
0.0113986
0.0119607
0.0125053
0.0130338
0.0135702
0.0141133
0.0146592
0.0152164
0.0157836
0.0163718
0.0169944
0.0176321
0.0182689
0.0189245
0.0195789
0.0202105
0.0208289
0.0214647
0.0221129
0.0227436
0.0233602
0.0239843
0.0246291
0.025296
0.0259821
0.0266809
0.0273944
0.0281223
0.0288808
0.0296655
0.0304559
0.0312657
0.0320969
0.0329015
0.0336391
0.0343804
0.0352064
0.0361327
0.0370956
0.0380515
0.0389937
0.0399373
0.0408655
0.0418121
0.0428044
0.0437966
0.044809
0.0458646
0.0469386
0.0480096
0.0491348
0.0502633
0.0514154
0.0525882
0.0538001
0.0550268
0.0562865
0.0575698
0.0588826
0.0602248
0.0615922
0.0629927
0.0643788
0.0658263
0.0672944
0.0688155
0.0703298
0.0718544
0.0734183
0.0749951
0.0766322
0.0782996
0.0799641
0.0816884
0.0834092
0.085167
0.0869424
0.0887148
0.0903761
0.0918781
0.00552151
0.00528511
0.00526626
0.00534267
0.0049172
0.00459771
0.0048785
0.00517261
0.00524861
0.00557117
0.00624065
0.00693859
0.00748006
0.00787959
0.00826362
0.00876111
0.00935499
0.00993447
0.0104325
0.0108991
0.0114219
0.0119894
0.0125345
0.0130569
0.0135876
0.0141312
0.0146799
0.0152368
0.0158024
0.0163895
0.0170086
0.017641
0.0182749
0.0189304
0.0195842
0.0202127
0.020828
0.0214637
0.0221148
0.0227474
0.0233626
0.0239857
0.0246329
0.0253027
0.0259884
0.0266848
0.0273979
0.0281273
0.0288857
0.029668
0.0304568
0.0312657
0.0320948
0.0328985
0.0336407
0.0343891
0.0352173
0.0361396
0.0370974
0.038051
0.0389927
0.0399364
0.0408662
0.0418141
0.042806
0.0437986
0.0448115
0.0458666
0.0469404
0.0480118
0.0491368
0.0502651
0.0514175
0.0525904
0.0538023
0.0550291
0.0562887
0.0575717
0.0588845
0.0602263
0.0615931
0.0629934
0.0643801
0.0658277
0.0672951
0.0688152
0.0703295
0.0718547
0.073419
0.0749959
0.0766328
0.0782996
0.0799644
0.0816883
0.0834098
0.0851674
0.0869436
0.088718
0.0903803
0.0918829
0.0054727
0.00537225
0.00531726
0.00540647
0.0051239
0.00484126
0.00509136
0.00541122
0.00545273
0.00566431
0.00628278
0.0069983
0.00755289
0.00794416
0.0083164
0.0088121
0.00941086
0.00998678
0.01047
0.0109241
0.0114461
0.0120191
0.0125652
0.0130814
0.0136061
0.01415
0.0147016
0.0152581
0.0158217
0.0164075
0.0170234
0.0176505
0.0182814
0.0189368
0.01959
0.0202154
0.0208272
0.0214629
0.0221169
0.0227514
0.0233652
0.0239872
0.0246367
0.0253096
0.0259949
0.0266888
0.0274014
0.0281325
0.0288908
0.0296705
0.0304578
0.0312658
0.0320928
0.0328957
0.0336424
0.0343977
0.0352281
0.0361464
0.0370993
0.0380507
0.0389918
0.0399354
0.0408668
0.041816
0.0428077
0.0438006
0.0448142
0.0458687
0.0469422
0.0480141
0.0491388
0.050267
0.0514198
0.0525927
0.0538046
0.0550314
0.0562909
0.0575736
0.0588864
0.0602278
0.0615941
0.0629942
0.0643813
0.0658292
0.0672958
0.068815
0.0703292
0.071855
0.0734197
0.0749966
0.0766334
0.0782997
0.0799647
0.0816882
0.0834105
0.0851679
0.0869447
0.0887215
0.0903848
0.091888
0.00539657
0.00544538
0.00540654
0.00547177
0.00529917
0.00509057
0.00530831
0.00563679
0.00567203
0.0057815
0.00632746
0.00705634
0.00762962
0.00801062
0.00836868
0.00886344
0.00946907
0.0100429
0.0105109
0.0109513
0.0114714
0.0120497
0.0125973
0.0131074
0.0136258
0.0141698
0.0147242
0.0152803
0.0158417
0.0164261
0.0170387
0.0176607
0.0182884
0.0189436
0.0195962
0.0202184
0.0208267
0.0214623
0.0221194
0.0227557
0.023368
0.0239888
0.0246407
0.0253167
0.0260018
0.026693
0.027405
0.0281379
0.0288962
0.0296731
0.0304587
0.0312661
0.0320911
0.0328932
0.0336442
0.0344062
0.0352387
0.0361533
0.0371013
0.0380504
0.038991
0.0399346
0.0408676
0.041818
0.0428095
0.0438027
0.0448169
0.0458709
0.0469441
0.0480165
0.049141
0.050269
0.0514221
0.052595
0.053807
0.0550339
0.0562933
0.0575757
0.0588883
0.0602294
0.0615952
0.062995
0.0643827
0.0658307
0.0672966
0.0688147
0.0703289
0.0718554
0.0734204
0.0749975
0.076634
0.0782997
0.079965
0.0816881
0.0834111
0.0851685
0.0869458
0.0887252
0.0903897
0.0918932
0.00531288
0.00548769
0.00551689
0.00555995
0.00544521
0.00532954
0.00553828
0.00585245
0.00589502
0.00592512
0.00638061
0.00711047
0.00771028
0.008081
0.00842022
0.00891398
0.00952897
0.0101031
0.0105558
0.0109808
0.0114982
0.0120814
0.0126307
0.0131349
0.0136468
0.0141907
0.014748
0.0153035
0.0158623
0.0164451
0.0170546
0.0176714
0.018296
0.0189509
0.0196029
0.0202218
0.0208265
0.0214619
0.0221221
0.0227604
0.0233711
0.0239904
0.0246447
0.0253241
0.0260089
0.0266974
0.0274087
0.0281434
0.0289017
0.0296758
0.0304597
0.0312665
0.0320897
0.0328908
0.033646
0.0344146
0.0352491
0.0361601
0.0371034
0.0380503
0.0389903
0.0399338
0.0408683
0.0418201
0.0428113
0.0438048
0.0448197
0.0458732
0.0469461
0.048019
0.0491432
0.050271
0.0514245
0.0525975
0.0538095
0.0550364
0.0562957
0.0575778
0.0588903
0.0602311
0.0615963
0.0629959
0.064384
0.0658322
0.0672974
0.0688145
0.0703286
0.0718558
0.0734211
0.0749983
0.0766347
0.0782998
0.0799654
0.0816881
0.0834117
0.0851692
0.086947
0.0887291
0.0903948
0.0918985
0.00523884
0.00549996
0.00562468
0.00568246
0.00557915
0.00554183
0.00578062
0.00606921
0.00611122
0.00609087
0.0064503
0.00716057
0.00779257
0.00815786
0.00847188
0.00896242
0.00958957
0.010167
0.0106053
0.0110129
0.0115264
0.0121146
0.0126654
0.0131639
0.013669
0.0142127
0.0147728
0.0153276
0.0158837
0.0164649
0.0170711
0.0176828
0.0183043
0.0189588
0.0196101
0.0202257
0.0208266
0.0214618
0.0221252
0.0227655
0.0233743
0.0239921
0.0246488
0.0253317
0.0260163
0.0267019
0.0274125
0.0281491
0.0289075
0.0296787
0.0304607
0.031267
0.0320885
0.0328888
0.033648
0.0344228
0.0352594
0.036167
0.0371056
0.0380503
0.0389897
0.0399332
0.0408692
0.0418221
0.0428131
0.0438071
0.0448226
0.0458756
0.0469482
0.0480215
0.0491456
0.0502732
0.0514269
0.0526
0.0538121
0.0550391
0.0562982
0.05758
0.0588924
0.0602328
0.0615975
0.0629969
0.0643854
0.0658337
0.0672982
0.0688143
0.0703284
0.0718562
0.0734218
0.0749991
0.0766354
0.0782998
0.0799658
0.0816881
0.0834124
0.0851701
0.0869482
0.0887332
0.0904002
0.0919041
0.00518338
0.00549717
0.00570858
0.00583052
0.00572508
0.005721
0.00602023
0.00629897
0.00631893
0.00626826
0.00654276
0.00721075
0.00787264
0.00824282
0.00852598
0.00900763
0.00964956
0.010234
0.0106596
0.0110484
0.011556
0.0121495
0.012702
0.0131941
0.0136925
0.0142358
0.0147989
0.0153528
0.0159057
0.0164852
0.0170884
0.0176948
0.0183131
0.0189673
0.0196178
0.02023
0.0208271
0.0214619
0.0221286
0.022771
0.0233779
0.0239939
0.024653
0.0253396
0.026024
0.0267065
0.0274163
0.028155
0.0289135
0.0296816
0.0304617
0.0312676
0.0320877
0.0328869
0.03365
0.034431
0.0352695
0.0361738
0.037108
0.0380504
0.0389891
0.0399326
0.0408701
0.0418243
0.042815
0.0438094
0.0448256
0.045878
0.0469504
0.0480242
0.0491481
0.0502754
0.0514295
0.0526027
0.0538148
0.0550418
0.0563008
0.0575822
0.0588945
0.0602346
0.0615988
0.0629979
0.0643868
0.0658353
0.067299
0.0688141
0.0703281
0.0718567
0.0734225
0.075
0.0766361
0.0782999
0.0799662
0.0816881
0.083413
0.085171
0.0869495
0.0887374
0.090406
0.0919099
0.00514823
0.00549629
0.00576004
0.00597976
0.00590327
0.00588016
0.0062362
0.00654592
0.00652874
0.0064449
0.00665706
0.00726904
0.00794796
0.00833481
0.00858587
0.00904948
0.00970738
0.0103035
0.0107187
0.011088
0.0115872
0.0121859
0.0127409
0.0132259
0.0137167
0.01426
0.0148263
0.0153793
0.0159285
0.0165061
0.0171064
0.0177076
0.0183225
0.0189764
0.0196262
0.0202349
0.0208279
0.0214624
0.0221324
0.0227769
0.0233818
0.0239958
0.0246572
0.0253477
0.026032
0.0267113
0.0274202
0.028161
0.0289197
0.0296846
0.0304627
0.0312685
0.0320871
0.0328854
0.0336521
0.034439
0.0352795
0.0361805
0.0371105
0.0380507
0.0389887
0.0399322
0.0408711
0.0418264
0.042817
0.0438117
0.0448287
0.0458805
0.0469526
0.0480271
0.0491506
0.0502778
0.0514322
0.0526054
0.0538176
0.0550446
0.0563034
0.0575846
0.0588968
0.0602365
0.0616001
0.062999
0.0643883
0.0658369
0.0672998
0.068814
0.0703279
0.0718572
0.0734233
0.0750009
0.0766369
0.0782999
0.0799666
0.0816882
0.0834137
0.0851721
0.0869508
0.0887418
0.0904122
0.0919159
0.00513404
0.00551004
0.0057872
0.00610429
0.00611511
0.00604586
0.006414
0.00679688
0.00675537
0.00661578
0.00678427
0.00734319
0.00802009
0.00843015
0.00865461
0.00908937
0.00976128
0.0103749
0.0107821
0.011132
0.0116205
0.0122234
0.0127827
0.0132598
0.0137415
0.0142849
0.0148551
0.0154071
0.0159521
0.0165275
0.0171252
0.0177212
0.0183326
0.0189861
0.0196353
0.0202403
0.0208291
0.0214632
0.0221365
0.0227833
0.0233861
0.0239978
0.0246615
0.025356
0.0260404
0.0267163
0.0274242
0.0281672
0.0289262
0.0296878
0.0304638
0.0312695
0.0320869
0.0328842
0.0336543
0.034447
0.0352893
0.0361873
0.0371131
0.0380512
0.0389885
0.0399318
0.0408722
0.0418286
0.042819
0.0438142
0.0448319
0.0458831
0.0469549
0.04803
0.0491533
0.0502802
0.051435
0.0526083
0.0538205
0.0550475
0.0563062
0.057587
0.058899
0.0602384
0.0616016
0.0630002
0.0643898
0.0658386
0.0673007
0.0688139
0.0703278
0.0718577
0.073424
0.0750019
0.0766377
0.0783
0.0799671
0.0816884
0.0834144
0.0851733
0.0869522
0.0887464
0.0904187
0.0919221
0.00514333
0.00554652
0.00580761
0.00618606
0.00633848
0.00624609
0.00655933
0.00702685
0.0070075
0.00679099
0.00691212
0.00743445
0.00809517
0.00852522
0.00873332
0.00913026
0.00980972
0.0104471
0.0108497
0.0111799
0.0116567
0.0122621
0.0128269
0.013297
0.013767
0.01431
0.0148853
0.0154365
0.0159768
0.0165494
0.0171446
0.0177358
0.0183434
0.0189964
0.0196451
0.0202464
0.0208308
0.0214643
0.0221411
0.0227902
0.0233908
0.024
0.0246658
0.0253646
0.0260492
0.0267216
0.0274282
0.0281736
0.0289329
0.029691
0.0304649
0.0312707
0.0320872
0.0328833
0.0336566
0.0344548
0.0352989
0.036194
0.0371159
0.0380519
0.0389883
0.0399316
0.0408733
0.0418309
0.0428211
0.0438167
0.0448352
0.0458858
0.0469573
0.048033
0.0491561
0.0502827
0.0514378
0.0526112
0.0538235
0.0550505
0.0563091
0.0575896
0.0589014
0.0602404
0.0616031
0.0630014
0.0643913
0.0658403
0.0673015
0.0688138
0.0703277
0.0718583
0.0734247
0.0750028
0.0766386
0.0783
0.0799675
0.0816886
0.083415
0.0851747
0.0869536
0.0887512
0.0904255
0.0919285
0.00517697
0.00561151
0.00583965
0.00622371
0.00654163
0.00649466
0.00670023
0.00721254
0.00727468
0.00698849
0.00703428
0.00753502
0.00817994
0.00861981
0.00882074
0.0091757
0.00985202
0.0105187
0.0109221
0.0112311
0.0116958
0.0123028
0.0128729
0.0133378
0.0137945
0.0143344
0.0149163
0.0154679
0.0160028
0.0165721
0.0171647
0.0177513
0.0183551
0.0190073
0.0196554
0.0202533
0.0208331
0.0214658
0.022146
0.0227976
0.023396
0.0240024
0.0246702
0.0253734
0.0260583
0.026727
0.0274322
0.0281801
0.0289399
0.0296945
0.030466
0.0312722
0.0320878
0.0328827
0.033659
0.0344624
0.0353083
0.0362006
0.0371188
0.0380528
0.0389884
0.0399315
0.0408746
0.0418332
0.0428232
0.0438193
0.0448386
0.0458886
0.0469598
0.0480362
0.0491591
0.0502853
0.0514408
0.0526143
0.0538266
0.0550536
0.056312
0.0575922
0.0589038
0.0602425
0.0616047
0.0630027
0.0643929
0.065842
0.0673025
0.0688138
0.0703276
0.0718588
0.0734255
0.0750038
0.0766395
0.0783001
0.0799681
0.081689
0.0834157
0.0851762
0.0869552
0.0887561
0.0904328
0.0919353
0.00522804
0.00570875
0.00589953
0.00623234
0.00669574
0.00677869
0.00687146
0.00734893
0.00752883
0.00722179
0.00716037
0.00763306
0.00827568
0.0087176
0.00891497
0.0092286
0.00988867
0.010587
0.0110003
0.0112859
0.0117364
0.0123462
0.012921
0.0133818
0.013825
0.0143587
0.0149471
0.0155013
0.0160304
0.0165954
0.0171854
0.0177675
0.0183677
0.0190189
0.0196664
0.0202609
0.0208361
0.0214675
0.0221513
0.0228057
0.0234016
0.0240049
0.0246747
0.0253824
0.0260679
0.0267328
0.0274363
0.0281868
0.0289473
0.0296982
0.0304672
0.0312738
0.0320888
0.0328825
0.0336615
0.03447
0.0353176
0.0362073
0.0371218
0.0380538
0.0389886
0.0399316
0.040876
0.0418356
0.0428254
0.043822
0.0448422
0.0458916
0.0469624
0.0480395
0.0491621
0.050288
0.0514438
0.0526175
0.0538298
0.0550568
0.0563151
0.0575949
0.0589063
0.0602447
0.0616064
0.0630041
0.0643945
0.0658438
0.0673034
0.0688139
0.0703276
0.0718594
0.0734262
0.0750049
0.0766405
0.0783002
0.0799686
0.0816894
0.0834164
0.0851779
0.0869569
0.0887611
0.0904404
0.0919422
0.00528197
0.00583748
0.00599941
0.0062354
0.00678507
0.00706455
0.00710077
0.00746031
0.00773913
0.00748495
0.00731104
0.00772227
0.00837538
0.0088225
0.0090157
0.00929108
0.00992155
0.0106489
0.0110843
0.0113461
0.0117768
0.0123916
0.0129725
0.0134284
0.0138589
0.014384
0.0149769
0.0155361
0.0160602
0.0166197
0.0172068
0.0177846
0.0183812
0.0190314
0.0196781
0.0202693
0.0208399
0.0214698
0.0221568
0.0228142
0.0234079
0.0240078
0.0246792
0.0253916
0.0260778
0.0267388
0.0274405
0.0281935
0.0289549
0.0297021
0.0304685
0.0312757
0.0320903
0.0328826
0.0336641
0.0344774
0.0353266
0.0362139
0.0371249
0.0380551
0.038989
0.0399319
0.0408775
0.0418381
0.0428276
0.0438247
0.0448458
0.0458946
0.0469651
0.0480429
0.0491653
0.0502908
0.051447
0.0526208
0.0538332
0.0550601
0.0563182
0.0575977
0.0589089
0.0602469
0.0616082
0.0630055
0.0643961
0.0658456
0.0673044
0.068814
0.0703277
0.0718601
0.0734269
0.0750059
0.0766415
0.0783003
0.0799692
0.0816899
0.0834171
0.0851798
0.0869588
0.0887663
0.0904484
0.0919495
0.00532076
0.00599023
0.00614638
0.00625785
0.00681315
0.00731478
0.00739134
0.00758553
0.00788869
0.00774906
0.00750429
0.00781242
0.00846792
0.00893351
0.00912452
0.00936537
0.00995421
0.0107009
0.0111721
0.0114152
0.0118164
0.0124367
0.013029
0.0134784
0.0138952
0.0144115
0.0150062
0.0155708
0.0160924
0.0166456
0.0172288
0.0178024
0.0183954
0.0190447
0.0196907
0.0202785
0.0208445
0.0214727
0.0221627
0.0228233
0.0234148
0.0240109
0.0246837
0.025401
0.0260881
0.0267451
0.0274448
0.0282005
0.0289628
0.0297062
0.0304698
0.0312777
0.0320923
0.0328832
0.0336669
0.0344847
0.0353355
0.0362205
0.0371282
0.0380565
0.0389896
0.0399323
0.0408791
0.0418407
0.0428299
0.0438275
0.0448496
0.0458977
0.0469678
0.0480465
0.0491687
0.0502938
0.0514503
0.0526242
0.0538367
0.0550635
0.0563215
0.0576006
0.0589116
0.0602492
0.0616101
0.0630071
0.0643978
0.0658474
0.0673053
0.0688141
0.0703278
0.0718607
0.0734277
0.075007
0.0766426
0.0783005
0.0799698
0.0816906
0.0834177
0.0851818
0.0869608
0.0887716
0.0904568
0.0919571
0.00532523
0.0061529
0.00634125
0.00632338
0.00680053
0.00749701
0.00771765
0.00776363
0.00799231
0.00797789
0.00773875
0.00792532
0.00854819
0.00904295
0.00924159
0.009454
0.00999207
0.010741
0.0112588
0.0114962
0.0118574
0.0124776
0.0130898
0.0135342
0.0139331
0.014441
0.0150366
0.015605
0.016126
0.0166738
0.0172516
0.0178211
0.0184105
0.0190587
0.0197042
0.0202887
0.0208498
0.0214761
0.022169
0.0228328
0.0234223
0.0240144
0.0246883
0.0254107
0.0260989
0.0267517
0.0274491
0.0282075
0.028971
0.0297106
0.0304713
0.03128
0.0320947
0.0328841
0.0336697
0.0344918
0.0353442
0.036227
0.0371317
0.0380582
0.0389904
0.0399329
0.0408808
0.0418433
0.0428323
0.0438304
0.0448535
0.045901
0.0469707
0.0480502
0.0491721
0.0502968
0.0514537
0.0526277
0.0538403
0.055067
0.0563248
0.0576035
0.0589144
0.0602516
0.0616121
0.0630087
0.0643995
0.0658493
0.0673064
0.0688144
0.070328
0.0718614
0.0734285
0.0750081
0.0766438
0.0783007
0.0799704
0.0816914
0.0834184
0.085184
0.0869631
0.088777
0.0904655
0.091965
0.00527805
0.00630528
0.00657699
0.00645053
0.0067786
0.00759404
0.00803862
0.00801673
0.00808889
0.00814484
0.00798662
0.00808151
0.00862742
0.00914058
0.00936183
0.00955831
0.0100424
0.0107708
0.0113371
0.0115899
0.0119052
0.0125116
0.0131515
0.0135989
0.0139738
0.0144704
0.0150693
0.0156395
0.0161595
0.0167041
0.0172762
0.0178403
0.0184264
0.0190733
0.0197185
0.0203
0.0208559
0.0214801
0.022176
0.022843
0.0234305
0.0240182
0.024693
0.0254206
0.0261102
0.0267586
0.0274534
0.0282147
0.0289797
0.0297152
0.0304728
0.0312826
0.0320976
0.0328855
0.0336727
0.0344989
0.0353528
0.0362334
0.0371353
0.0380602
0.0389914
0.0399337
0.0408828
0.0418461
0.0428347
0.0438334
0.0448575
0.0459043
0.0469736
0.0480541
0.0491758
0.0503
0.0514572
0.0526314
0.0538441
0.0550706
0.0563283
0.0576066
0.0589172
0.0602541
0.0616142
0.0630104
0.0644012
0.0658513
0.0673075
0.0688147
0.0703282
0.0718621
0.0734292
0.0750093
0.076645
0.0783009
0.079971
0.0816923
0.0834192
0.0851863
0.0869657
0.0887825
0.0904745
0.0919732
0.00517013
0.00642132
0.00683843
0.00664821
0.00678298
0.00761116
0.00831043
0.00833614
0.0082235
0.008254
0.00820918
0.00828242
0.0087284
0.00922396
0.00947475
0.00967479
0.0101128
0.0107976
0.0113995
0.0116919
0.0119669
0.0125392
0.0132081
0.0136731
0.0140212
0.0144981
0.015103
0.0156767
0.0161925
0.0167353
0.0173035
0.0178608
0.0184429
0.0190886
0.0197336
0.0203125
0.0208632
0.0214845
0.0221833
0.022854
0.0234394
0.0240224
0.0246977
0.0254307
0.026122
0.026766
0.0274576
0.0282218
0.0289888
0.0297203
0.0304743
0.0312853
0.0321011
0.0328873
0.0336758
0.0345059
0.0353612
0.0362399
0.037139
0.0380623
0.0389927
0.0399346
0.0408848
0.041849
0.0428373
0.0438365
0.0448616
0.0459078
0.0469766
0.0480581
0.0491796
0.0503033
0.0514609
0.0526352
0.053848
0.0550744
0.0563318
0.0576098
0.0589201
0.0602568
0.0616164
0.0630122
0.064403
0.0658533
0.0673086
0.068815
0.0703285
0.0718629
0.07343
0.0750105
0.0766463
0.0783012
0.0799716
0.0816934
0.0834199
0.0851887
0.0869685
0.0887882
0.0904839
0.0919818
0.00500983
0.00647382
0.00710347
0.00691326
0.00684645
0.00757712
0.00849629
0.00868577
0.00843195
0.0083398
0.0083736
0.00850131
0.00887255
0.00930766
0.00956984
0.0097928
0.0102071
0.0108338
0.011443
0.0117918
0.0120477
0.0125666
0.0132536
0.0137538
0.0140799
0.0145249
0.0151347
0.0157181
0.016227
0.0167653
0.0173328
0.0178836
0.0184598
0.0191045
0.0197495
0.0203262
0.0208717
0.0214895
0.0221909
0.0228658
0.0234491
0.0240269
0.0247024
0.0254409
0.0261345
0.026774
0.0274619
0.0282289
0.0289983
0.0297258
0.030476
0.0312882
0.0321051
0.0328896
0.033679
0.0345128
0.0353695
0.0362463
0.0371428
0.0380648
0.0389942
0.0399358
0.040887
0.041852
0.0428399
0.0438397
0.044866
0.0459115
0.0469797
0.0480622
0.0491836
0.0503067
0.0514646
0.0526392
0.0538521
0.0550782
0.0563355
0.0576131
0.0589231
0.0602595
0.0616187
0.0630141
0.0644049
0.0658553
0.0673097
0.0688155
0.0703289
0.0718636
0.0734308
0.0750117
0.0766476
0.0783015
0.0799723
0.0816947
0.0834208
0.0851913
0.0869716
0.0887939
0.0904936
0.0919908
0.00482664
0.00644463
0.00734256
0.00723079
0.00699021
0.00753323
0.00858043
0.00901844
0.00872299
0.00844751
0.00847639
0.00869906
0.00906121
0.00941677
0.00964791
0.00989671
0.0103199
0.0108932
0.0114738
0.011877
0.0121467
0.0126039
0.0132851
0.0138336
0.0141534
0.014555
0.0151611
0.0157621
0.0162662
0.0167939
0.0173621
0.0179099
0.018478
0.0191203
0.0197662
0.020341
0.0208815
0.0214953
0.0221987
0.0228784
0.0234602
0.0240319
0.0247069
0.0254513
0.0261475
0.0267826
0.0274663
0.0282359
0.0290082
0.0297319
0.0304778
0.0312913
0.0321097
0.0328924
0.0336823
0.0345196
0.0353776
0.0362527
0.0371468
0.0380674
0.038996
0.0399372
0.0408893
0.0418552
0.0428426
0.0438429
0.0448704
0.0459153
0.0469829
0.0480665
0.0491877
0.0503103
0.0514685
0.0526432
0.0538563
0.0550821
0.0563392
0.0576165
0.0589262
0.0602623
0.0616211
0.063016
0.0644068
0.0658574
0.067311
0.068816
0.0703294
0.0718644
0.0734317
0.075013
0.0766489
0.0783019
0.079973
0.0816962
0.0834217
0.085194
0.0869751
0.0887998
0.0905035
0.0920002
0.00465926
0.00633596
0.00752247
0.0075766
0.00721988
0.0075226
0.00857646
0.00928672
0.00907345
0.00861971
0.00854667
0.00884044
0.00926653
0.00957389
0.00972854
0.00997324
0.0104346
0.0109855
0.0115077
0.0119377
0.0122531
0.0126614
0.0133065
0.0139036
0.0142406
0.014595
0.0151815
0.0158045
0.0163121
0.0168238
0.0173889
0.0179387
0.0184994
0.019136
0.0197831
0.0203571
0.0208927
0.021502
0.0222067
0.0228915
0.0234725
0.0240375
0.0247113
0.0254617
0.0261612
0.0267919
0.0274708
0.0282427
0.0290184
0.0297386
0.0304798
0.0312944
0.0321148
0.0328958
0.0336857
0.0345263
0.0353857
0.0362591
0.0371508
0.0380703
0.038998
0.0399389
0.0408918
0.0418584
0.0428454
0.0438462
0.044875
0.0459192
0.0469863
0.0480709
0.0491921
0.050314
0.0514725
0.0526474
0.0538607
0.0550862
0.0563431
0.05762
0.0589294
0.0602652
0.0616237
0.0630181
0.0644087
0.0658595
0.0673122
0.0688167
0.07033
0.0718652
0.0734325
0.0750144
0.0766503
0.0783025
0.0799737
0.0816978
0.0834227
0.0851967
0.086979
0.0888058
0.0905137
0.09201
0.00454158
0.0061744
0.00761748
0.00791938
0.007528
0.00757992
0.00852159
0.00945664
0.00943942
0.00887736
0.00862707
0.00891795
0.00944843
0.00977916
0.00984137
0.0100245
0.0105287
0.0111057
0.0115654
0.0119758
0.0123499
0.0127439
0.0133294
0.0139561
0.014335
0.0146509
0.0151994
0.0158407
0.0163638
0.016859
0.0174128
0.017967
0.0185252
0.0191532
0.0197993
0.0203745
0.0209055
0.0215095
0.0222151
0.0229052
0.0234861
0.0240441
0.0247153
0.0254719
0.0261756
0.026802
0.0274754
0.0282494
0.0290289
0.0297457
0.0304821
0.0312978
0.0321204
0.0328997
0.0336894
0.0345328
0.0353937
0.0362656
0.0371551
0.0380734
0.0390003
0.0399408
0.0408945
0.0418618
0.0428483
0.0438497
0.0448798
0.0459233
0.0469897
0.0480754
0.0491966
0.0503179
0.0514766
0.0526518
0.0538653
0.0550904
0.056347
0.0576236
0.0589327
0.0602682
0.0616264
0.0630202
0.0644107
0.0658617
0.0673136
0.0688174
0.0703307
0.0718661
0.0734334
0.0750159
0.0766517
0.0783031
0.0799744
0.0816996
0.0834239
0.0851996
0.0869832
0.088812
0.090524
0.0920202
0.00449418
0.00599905
0.00761992
0.00822097
0.00789439
0.00772527
0.00846099
0.00952138
0.00977092
0.00921099
0.00876129
0.00895691
0.00957066
0.0100022
0.0100126
0.0100753
0.0105826
0.0112326
0.0116637
0.0120087
0.0124207
0.0128437
0.0133683
0.0139904
0.0144261
0.0147254
0.0152212
0.0158681
0.0164171
0.0169027
0.0174367
0.017992
0.0185542
0.0191741
0.0198149
0.0203918
0.0209203
0.0215181
0.0222236
0.0229194
0.0235009
0.0240519
0.0247194
0.0254816
0.0261906
0.0268132
0.0274802
0.0282559
0.0290397
0.0297534
0.0304847
0.0313014
0.0321264
0.0329041
0.0336933
0.0345393
0.0354016
0.0362721
0.0371595
0.0380768
0.0390029
0.039943
0.0408974
0.0418653
0.0428513
0.0438532
0.0448847
0.0459276
0.0469932
0.0480801
0.0492013
0.0503219
0.0514809
0.0526563
0.0538701
0.0550947
0.0563511
0.0576273
0.0589362
0.0602714
0.0616291
0.0630225
0.0644128
0.0658639
0.067315
0.0688182
0.0703315
0.0718669
0.0734343
0.0750174
0.0766531
0.0783038
0.0799752
0.0817016
0.0834253
0.0852025
0.0869879
0.0888183
0.0905344
0.0920307
0.00452187
0.00584739
0.00754676
0.00844572
0.00828601
0.00796455
0.0084397
0.0095036
0.0100236
0.00958493
0.00897663
0.00899647
0.00962345
0.0102006
0.0102433
0.0101616
0.0105966
0.0113362
0.0118021
0.012062
0.0124606
0.0129414
0.0134344
0.0140166
0.0145025
0.0148152
0.0152545
0.0158877
0.0164668
0.0169545
0.0174649
0.0180128
0.0185831
0.0192003
0.0198316
0.020408
0.0209367
0.0215283
0.0222323
0.0229344
0.0235172
0.0240607
0.0247235
0.0254909
0.026206
0.0268255
0.0274853
0.0282622
0.0290511
0.0297618
0.0304873
0.0313051
0.0321331
0.0329091
0.0336973
0.0345456
0.0354094
0.0362787
0.0371641
0.0380804
0.0390057
0.0399454
0.0409006
0.0418691
0.0428545
0.0438568
0.0448899
0.045932
0.0469969
0.0480849
0.0492062
0.0503261
0.0514853
0.0526609
0.053875
0.0550991
0.0563552
0.0576312
0.0589397
0.0602747
0.0616321
0.0630248
0.0644149
0.0658662
0.0673165
0.0688191
0.0703324
0.0718679
0.0734352
0.0750191
0.0766545
0.0783047
0.0799761
0.0817037
0.0834269
0.0852055
0.086993
0.0888249
0.090545
0.0920416
0.00461876
0.00574581
0.00743374
0.00857564
0.00866016
0.00828605
0.0084928
0.00944416
0.0101744
0.00995238
0.00927404
0.00907849
0.00962925
0.0103363
0.0105013
0.0103158
0.0105982
0.0113888
0.0119579
0.0121601
0.0124848
0.0130151
0.0135249
0.0140514
0.0145579
0.0149108
0.0153058
0.0159037
0.0165092
0.0170116
0.0175004
0.018032
0.0186089
0.0192307
0.0198525
0.0204231
0.0209533
0.0215405
0.0222412
0.0229495
0.0235352
0.0240709
0.0247278
0.0254997
0.0262218
0.026839
0.0274908
0.0282681
0.0290628
0.029771
0.0304901
0.0313089
0.0321404
0.0329148
0.0337015
0.0345519
0.0354172
0.0362853
0.0371689
0.0380844
0.0390088
0.039948
0.0409038
0.0418731
0.0428578
0.0438604
0.0448951
0.0459367
0.0470006
0.0480898
0.0492112
0.0503305
0.0514898
0.0526657
0.0538802
0.0551036
0.0563595
0.0576351
0.0589433
0.0602781
0.0616351
0.0630272
0.0644171
0.0658685
0.067318
0.0688202
0.0703334
0.0718688
0.0734361
0.0750209
0.0766559
0.0783056
0.0799771
0.0817059
0.0834288
0.0852085
0.0869984
0.0888317
0.0905556
0.0920529
0.00477446
0.00570483
0.00731803
0.00862006
0.00897543
0.00865791
0.0086383
0.00939012
0.0102297
0.0102657
0.00962721
0.0092332
0.00962515
0.0103962
0.0107418
0.0105442
0.0106283
0.0113842
0.0120956
0.0123103
0.0125222
0.013053
0.0136212
0.0141108
0.014598
0.0149987
0.0153768
0.0159234
0.016542
0.0170707
0.017544
0.0180524
0.0186306
0.0192622
0.0198789
0.0204391
0.0209686
0.0215544
0.0222514
0.0229645
0.0235545
0.0240828
0.0247322
0.0255081
0.0262379
0.0268536
0.0274968
0.0282736
0.0290749
0.0297812
0.030493
0.0313125
0.0321484
0.0329214
0.0337058
0.034558
0.035425
0.036292
0.0371739
0.0380886
0.0390123
0.0399509
0.0409073
0.0418772
0.0428613
0.0438642
0.0449006
0.0459415
0.0470045
0.0480948
0.0492165
0.0503351
0.0514944
0.0526706
0.0538855
0.0551083
0.0563638
0.0576392
0.058947
0.0602816
0.0616383
0.0630296
0.0644193
0.0658709
0.0673197
0.0688213
0.0703344
0.0718699
0.073437
0.0750228
0.0766574
0.0783067
0.0799783
0.0817082
0.0834309
0.0852116
0.0870043
0.0888389
0.0905663
0.0920645
0.00497857
0.00572367
0.00722535
0.00860882
0.00920926
0.0090374
0.00887327
0.00938472
0.0102213
0.0104924
0.00999406
0.0094684
0.00965099
0.0103977
0.0109239
0.0108174
0.0107263
0.0113483
0.0121796
0.0124916
0.0126023
0.0130649
0.0136985
0.0141986
0.0146396
0.015068
0.015461
0.015955
0.0165651
0.0171282
0.0175962
0.0180762
0.0186491
0.0192924
0.01991
0.0204589
0.0209824
0.0215682
0.0222634
0.02298
0.0235749
0.0240967
0.0247368
0.0255157
0.0262544
0.0268694
0.0275033
0.0282789
0.0290873
0.0297925
0.0304964
0.0313157
0.0321568
0.032929
0.0337104
0.0345638
0.0354328
0.0362989
0.0371789
0.0380932
0.0390161
0.039954
0.0409109
0.0418816
0.042865
0.043868
0.0449061
0.0459465
0.0470086
0.0481
0.049222
0.0503399
0.0514991
0.0526757
0.0538911
0.055113
0.0563682
0.0576434
0.0589509
0.0602853
0.0616416
0.0630322
0.0644217
0.0658734
0.0673214
0.0688227
0.0703355
0.071871
0.073438
0.0750249
0.0766588
0.0783078
0.0799797
0.0817105
0.0834334
0.0852147
0.0870104
0.0888463
0.0905769
0.0920764
0.00522084
0.00579947
0.00716562
0.008571
0.009363
0.00938368
0.00917291
0.00945465
0.0101911
0.010628
0.0103294
0.00976635
0.0097377
0.0103751
0.011029
0.0110904
0.010907
0.0113253
0.012196
0.0126671
0.0127399
0.0130788
0.0137382
0.0142993
0.0147015
0.0151192
0.0155462
0.0160053
0.0165822
0.0171788
0.0176572
0.0181047
0.018665
0.0193209
0.0199442
0.0204835
0.0209968
0.0215801
0.0222763
0.0229967
0.0235961
0.0241126
0.0247421
0.0255225
0.0262715
0.0268866
0.02751
0.0282836
0.0290998
0.029805
0.0305003
0.0313185
0.0321654
0.0329376
0.0337155
0.0345693
0.0354405
0.036306
0.0371842
0.038098
0.0390203
0.0399574
0.0409145
0.041886
0.042869
0.0438721
0.0449118
0.0459517
0.0470127
0.0481052
0.0492277
0.0503449
0.051504
0.0526809
0.0538968
0.0551179
0.0563728
0.0576478
0.0589549
0.0602891
0.061645
0.0630348
0.0644241
0.065876
0.0673232
0.0688242
0.0703367
0.0718722
0.073439
0.0750272
0.0766603
0.078309
0.0799813
0.0817129
0.0834363
0.0852181
0.0870168
0.0888542
0.0905876
0.0920885
0.00548564
0.00593309
0.00714431
0.00852653
0.00945369
0.00967174
0.00950055
0.00960405
0.0101802
0.0106938
0.010601
0.0100922
0.00989716
0.0103659
0.0110659
0.0113189
0.011148
0.0113574
0.0121649
0.0127982
0.012922
0.0131272
0.0137432
0.014387
0.0147924
0.0151659
0.015619
0.016074
0.0166019
0.0172173
0.0177258
0.0181417
0.0186768
0.019347
0.0199811
0.0205125
0.0210137
0.0215908
0.0222886
0.0230151
0.0236187
0.0241298
0.0247482
0.0255284
0.0262889
0.0269056
0.0275171
0.0282876
0.0291125
0.0298187
0.0305051
0.0313211
0.032174
0.0329472
0.0337213
0.0345746
0.0354481
0.0363134
0.0371896
0.0381029
0.0390249
0.0399612
0.0409184
0.0418907
0.042873
0.0438763
0.0449178
0.045957
0.0470169
0.0481106
0.0492337
0.0503501
0.0515089
0.0526862
0.0539028
0.0551229
0.0563774
0.0576522
0.058959
0.0602931
0.0616486
0.0630376
0.0644266
0.0658786
0.067325
0.0688259
0.0703379
0.0718735
0.07344
0.0750295
0.0766618
0.0783102
0.0799833
0.0817153
0.0834394
0.0852216
0.0870233
0.0888625
0.0905983
0.0921007
0.00574777
0.00612227
0.00717205
0.00849013
0.00950125
0.00989499
0.00982059
0.00981668
0.0102159
0.0107209
0.0107988
0.0104078
0.0101195
0.0104029
0.0110643
0.0114792
0.0114084
0.0114644
0.0121258
0.0128634
0.0131135
0.0132321
0.0137388
0.01444
0.0149023
0.0152265
0.0156733
0.0161514
0.0166343
0.0172415
0.0177961
0.0181933
0.0186853
0.0193673
0.0200217
0.0205457
0.021033
0.0216016
0.022299
0.023034
0.0236442
0.0241486
0.0247543
0.0255336
0.0263064
0.0269266
0.0275253
0.0282905
0.0291251
0.0298341
0.0305106
0.0313233
0.0321827
0.0329575
0.0337276
0.0345798
0.0354555
0.036321
0.0371953
0.038108
0.0390297
0.0399653
0.0409225
0.0418956
0.0428773
0.0438806
0.0449239
0.0459626
0.0470212
0.0481159
0.0492399
0.0503556
0.051514
0.0526917
0.053909
0.055128
0.0563822
0.0576568
0.0589632
0.0602971
0.0616523
0.0630404
0.0644291
0.0658813
0.0673269
0.0688277
0.0703392
0.0718749
0.0734412
0.075032
0.0766635
0.0783115
0.0799855
0.0817177
0.0834428
0.0852254
0.0870301
0.0888711
0.090609
0.0921131
0.00597927
0.00634967
0.00725834
0.00847716
0.00952375
0.0100594
0.0101079
0.0100664
0.0103083
0.0107411
0.0109316
0.0106834
0.0103764
0.0105004
0.011059
0.011573
0.0116489
0.0116358
0.0121194
0.0128727
0.013275
0.0133873
0.0137569
0.0144542
0.0150087
0.0153151
0.0157182
0.016224
0.0166847
0.017256
0.0178573
0.0182631
0.0186971
0.019376
0.0200646
0.0205862
0.0210539
0.0216131
0.022308
0.0230517
0.0236729
0.0241705
0.0247601
0.0255378
0.0263241
0.0269494
0.0275349
0.0282921
0.0291371
0.0298513
0.0305172
0.0313251
0.0321914
0.0329686
0.0337344
0.0345851
0.0354629
0.0363287
0.0372015
0.0381134
0.0390348
0.0399698
0.0409268
0.0419006
0.0428818
0.0438849
0.0449303
0.0459685
0.0470256
0.0481212
0.0492463
0.0503614
0.0515191
0.0526972
0.0539153
0.0551332
0.056387
0.0576616
0.0589675
0.0603014
0.0616561
0.0630433
0.0644317
0.0658842
0.0673289
0.0688298
0.0703404
0.0718764
0.0734424
0.0750344
0.0766654
0.0783127
0.0799882
0.0817202
0.0834464
0.0852296
0.0870369
0.08888
0.0906198
0.0921256
0.00616355
0.00658559
0.00739916
0.00850234
0.00953912
0.010177
0.0103501
0.0103263
0.0104535
0.0107805
0.0110196
0.0109061
0.0106363
0.0106503
0.0110794
0.0116194
0.0118431
0.0118426
0.0121698
0.0128597
0.0133825
0.013564
0.0138207
0.0144455
0.0150869
0.0154279
0.0157705
0.0162834
0.0167511
0.0172724
0.0179002
0.0183468
0.0187233
0.0193698
0.0201025
0.0206382
0.0210786
0.0216238
0.0223169
0.0230672
0.0237032
0.024197
0.0247661
0.0255398
0.0263418
0.0269747
0.0275464
0.0282925
0.0291475
0.0298702
0.0305255
0.0313262
0.0321999
0.0329807
0.0337416
0.0345902
0.0354706
0.0363365
0.0372077
0.0381192
0.0390401
0.0399743
0.0409313
0.0419061
0.0428865
0.0438892
0.0449368
0.0459747
0.0470302
0.0481264
0.0492529
0.0503675
0.0515244
0.0527029
0.053922
0.0551385
0.056392
0.0576664
0.0589719
0.0603058
0.0616601
0.0630464
0.0644343
0.0658872
0.0673309
0.0688321
0.0703417
0.0718779
0.0734439
0.0750369
0.0766674
0.0783138
0.0799912
0.0817228
0.0834502
0.0852343
0.0870438
0.0888893
0.0906307
0.0921381
0.00630313
0.00680388
0.00757569
0.00857218
0.0095641
0.0102618
0.0105444
0.010572
0.0106356
0.0108555
0.0110872
0.0110797
0.0108769
0.0108319
0.0111398
0.0116444
0.0119817
0.0120521
0.0122749
0.0128593
0.0134401
0.0137289
0.0139354
0.0144436
0.015125
0.0155458
0.0158435
0.01633
0.0168224
0.0173017
0.0179239
0.0184319
0.0187754
0.0193558
0.0201238
0.0207006
0.0211133
0.0216316
0.0223242
0.0230819
0.0237337
0.0242284
0.0247743
0.0255383
0.0263585
0.0270029
0.0275603
0.0282919
0.0291561
0.0298906
0.030536
0.0313269
0.0322079
0.032994
0.0337492
0.0345948
0.0354785
0.0363448
0.037214
0.0381252
0.039046
0.0399791
0.0409357
0.0419121
0.0428917
0.0438935
0.0449433
0.0459813
0.047035
0.0481317
0.0492598
0.0503739
0.0515296
0.0527085
0.0539287
0.0551439
0.0563971
0.0576716
0.0589765
0.0603103
0.061664
0.0630496
0.064437
0.0658904
0.067333
0.0688346
0.0703431
0.0718795
0.0734456
0.0750393
0.0766697
0.0783151
0.0799945
0.0817256
0.0834539
0.0852394
0.0870508
0.0888987
0.0906418
0.0921507
0.006411
0.00699418
0.00776694
0.00868277
0.00961202
0.0103298
0.0106962
0.0107875
0.0108316
0.010968
0.0111561
0.0112151
0.0110889
0.0110243
0.0112381
0.0116743
0.0120727
0.0122387
0.0124157
0.0128914
0.0134694
0.0138561
0.014081
0.0144753
0.0151332
0.0156478
0.015941
0.0163753
0.0168875
0.0173469
0.017935
0.0185027
0.0188545
0.0193502
0.020121
0.0207636
0.021166
0.0216401
0.0223256
0.0230961
0.0237645
0.0242635
0.0247868
0.025534
0.0263718
0.0270345
0.0275778
0.0282901
0.0291625
0.0299119
0.030549
0.0313277
0.0322152
0.0330083
0.0337575
0.0345989
0.0354863
0.0363539
0.0372204
0.038131
0.0390523
0.0399842
0.0409401
0.0419182
0.0428973
0.0438979
0.0449498
0.0459881
0.04704
0.0481368
0.0492669
0.0503807
0.0515351
0.0527144
0.0539357
0.0551493
0.0564021
0.0576767
0.0589811
0.0603152
0.0616681
0.063053
0.0644397
0.0658937
0.0673352
0.0688373
0.0703446
0.0718811
0.0734477
0.0750416
0.0766722
0.0783163
0.0799981
0.0817287
0.0834577
0.085245
0.0870578
0.0889082
0.090653
0.0921633
0.00649459
0.00715643
0.00795707
0.00882277
0.00968832
0.010397
0.0108177
0.0109685
0.0110204
0.0111068
0.0112399
0.0113251
0.0112699
0.0112127
0.0113617
0.0117241
0.0121344
0.0123894
0.0125714
0.0129602
0.0134979
0.013943
0.0142271
0.0145489
0.0151321
0.015718
0.0160526
0.0164334
0.016945
0.0174055
0.0179464
0.0185489
0.0189469
0.0193687
0.0200981
0.0208114
0.0212384
0.0216597
0.0223184
0.0231063
0.0237974
0.0243016
0.0248038
0.0255285
0.02638
0.0270682
0.0276007
0.0282875
0.0291658
0.0299339
0.0305643
0.0313289
0.0322216
0.0330231
0.033767
0.0346027
0.0354937
0.0363637
0.0372276
0.0381365
0.0390587
0.0399898
0.0409445
0.0419246
0.0429034
0.0439022
0.0449562
0.0459954
0.0470453
0.0481419
0.0492742
0.0503876
0.0515404
0.0527203
0.053943
0.055155
0.0564074
0.0576821
0.0589857
0.06032
0.0616721
0.0630565
0.0644425
0.0658971
0.0673375
0.06884
0.0703463
0.0718825
0.0734502
0.0750438
0.0766749
0.0783179
0.0800017
0.0817321
0.0834614
0.0852511
0.0870651
0.0889176
0.0906644
0.0921759
0.00655544
0.00729162
0.00813625
0.00898037
0.00979088
0.010474
0.0109217
0.0111202
0.0111891
0.0112535
0.0113414
0.011423
0.0114231
0.0113902
0.0114987
0.011796
0.0121855
0.0125025
0.0127212
0.0130549
0.0135423
0.0140066
0.0143528
0.0146555
0.0151461
0.0157546
0.0161591
0.0165074
0.0169969
0.0174705
0.0179699
0.0185745
0.0190358
0.019419
0.020072
0.0208305
0.0213186
0.0217006
0.0223064
0.0231054
0.023832
0.0243455
0.024825
0.0255229
0.0263828
0.0271017
0.0276302
0.0282857
0.0291649
0.0299563
0.0305826
0.0313304
0.032227
0.0330384
0.0337776
0.0346064
0.0355003
0.0363738
0.0372359
0.0381422
0.0390648
0.0399957
0.0409491
0.0419312
0.04291
0.0439068
0.0449627
0.0460024
0.0470505
0.0481468
0.049282
0.050395
0.0515457
0.0527262
0.0539502
0.0551607
0.0564127
0.0576878
0.0589906
0.0603254
0.0616762
0.0630602
0.0644452
0.0659005
0.0673401
0.0688429
0.0703482
0.0718839
0.073453
0.0750458
0.0766777
0.0783197
0.0800055
0.0817359
0.0834652
0.0852575
0.0870727
0.0889271
0.090676
0.0921886
0.00660052
0.0074004
0.00829697
0.00914523
0.00991448
0.010565
0.0110182
0.0112503
0.0113359
0.0113916
0.0114527
0.0115162
0.0115507
0.0115515
0.0116411
0.0118877
0.0122415
0.012589
0.0128526
0.0131617
0.0136028
0.0140627
0.0144513
0.0147737
0.0151904
0.0157721
0.0162465
0.0165948
0.0170485
0.0175333
0.0180071
0.0185885
0.0191073
0.0194949
0.0200635
0.0208227
0.0213895
0.0217674
0.0223023
0.0230878
0.0238609
0.0243985
0.024852
0.025516
0.0263807
0.0271333
0.0276661
0.0282873
0.0291592
0.0299775
0.0306047
0.0313324
0.032231
0.0330545
0.0337895
0.0346101
0.0355063
0.0363839
0.0372452
0.0381485
0.0390708
0.0400017
0.0409541
0.041938
0.0429169
0.0439115
0.0449694
0.0460086
0.047056
0.0481517
0.04929
0.0504027
0.0515509
0.0527322
0.0539577
0.0551666
0.0564178
0.0576934
0.0589952
0.0603307
0.0616804
0.0630642
0.0644484
0.0659041
0.067343
0.0688456
0.0703503
0.0718853
0.0734562
0.0750479
0.0766804
0.078322
0.0800091
0.08174
0.083469
0.0852643
0.0870805
0.0889363
0.0906875
0.0922014
0.00664385
0.00748643
0.0084324
0.00930445
0.0100521
0.0106704
0.0111152
0.011366
0.0114667
0.0115154
0.0115632
0.0116078
0.0116554
0.0116888
0.0117768
0.0119905
0.012308
0.0126625
0.012965
0.0132724
0.0136777
0.0141227
0.0145313
0.0148837
0.0152616
0.0157887
0.0163081
0.0166875
0.0171072
0.0175924
0.0180558
0.0186011
0.0191547
0.0195779
0.0200827
0.0208027
0.0214361
0.0218499
0.0223213
0.0230596
0.0238738
0.0244598
0.0248914
0.0255074
0.0263714
0.0271627
0.0277074
0.0282936
0.0291493
0.0299958
0.0306309
0.0313356
0.0322325
0.0330713
0.0338031
0.0346137
0.0355116
0.0363938
0.0372552
0.0381555
0.0390769
0.0400073
0.0409589
0.0419452
0.0429244
0.0439162
0.044976
0.04602
0.0470618
0.0481564
0.0492986
0.0504111
0.051556
0.0527383
0.0539651
0.0551729
0.0564233
0.0576995
0.059
0.0603361
0.0616845
0.0630678
0.0644514
0.0659074
0.0673463
0.0688483
0.0703527
0.0718868
0.0734597
0.0750502
0.0766831
0.0783249
0.0800127
0.0817445
0.0834729
0.0852711
0.0870888
0.0889456
0.0906991
0.0922141
0.0067004
0.00756105
0.00854325
0.00944591
0.0101927
0.0107861
0.0112157
0.0114716
0.011585
0.0116273
0.0116661
0.0117001
0.0117466
0.0118031
0.0118975
0.0120937
0.0123814
0.0127277
0.013058
0.0133765
0.0137609
0.0141891
0.0146042
0.0149811
0.0153489
0.0158202
0.0163473
0.0167719
0.0171736
0.0176475
0.0181128
0.0186218
0.0191837
0.019654
0.0201272
0.0207884
0.0214551
0.0219286
0.0223678
0.0230352
0.0238624
0.0245187
0.0249511
0.0255026
0.0263505
0.0271885
0.0277556
0.0283051
0.0291363
0.0300105
0.0306608
0.0313412
0.0322311
0.0330876
0.0338192
0.0346176
0.0355157
0.0364034
0.0372658
0.038163
0.0390837
0.0400131
0.0409633
0.0419527
0.0429325
0.0439208
0.0449822
0.046028
0.0470674
0.0481604
0.0493071
0.0504199
0.0515611
0.0527445
0.0539727
0.0551794
0.0564288
0.0577056
0.059005
0.0603419
0.0616891
0.0630719
0.0644549
0.0659106
0.0673497
0.0688508
0.070355
0.0718883
0.0734632
0.0750525
0.0766856
0.0783283
0.0800163
0.081749
0.0834773
0.0852781
0.0870972
0.0889546
0.0907106
0.092227
0.00677863
0.00763815
0.00863875
0.00956554
0.0103238
0.0109036
0.0113166
0.0115677
0.011688
0.0117271
0.0117563
0.0117877
0.0118302
0.0118995
0.0120031
0.0121907
0.0124595
0.0127901
0.0131365
0.0134696
0.0138447
0.0142586
0.0146723
0.0150666
0.0154388
0.0158717
0.0163783
0.0168397
0.0172458
0.0177007
0.018171
0.0186536
0.0192021
0.0197145
0.020186
0.0207921
0.0214595
0.0219895
0.0224325
0.0230314
0.0238314
0.024558
0.0250297
0.0255132
0.0263149
0.027204
0.0278126
0.0283235
0.0291193
0.030021
0.0306939
0.03135
0.0322269
0.0331026
0.0338384
0.0346227
0.0355186
0.0364127
0.0372767
0.0381707
0.039091
0.0400193
0.0409674
0.0419604
0.0429418
0.0439257
0.0449873
0.0460364
0.0470735
0.0481645
0.0493158
0.0504291
0.0515658
0.0527504
0.0539799
0.055186
0.0564343
0.0577115
0.05901
0.0603472
0.0616935
0.0630757
0.0644588
0.065914
0.067354
0.0688537
0.0703577
0.0718903
0.0734668
0.0750551
0.0766879
0.0783322
0.0800199
0.0817535
0.0834818
0.085285
0.087106
0.0889637
0.0907219
0.0922396
0.00687624
0.00772491
0.00872844
0.00966721
0.0104383
0.0110147
0.0114138
0.0116546
0.0117742
0.0118128
0.0118322
0.0118622
0.011904
0.0119794
0.0120927
0.0122762
0.0125369
0.0128538
0.0132061
0.0135542
0.0139251
0.0143296
0.0147369
0.0151414
0.0155224
0.0159342
0.0164118
0.0168892
0.0173166
0.017757
0.0182271
0.0186975
0.0192208
0.0197587
0.0202471
0.0208132
0.0214616
0.0220299
0.0224993
0.0230552
0.0237997
0.0245669
0.025113
0.025553
0.0262718
0.0271981
0.0278772
0.0283547
0.0290977
0.0300252
0.0307307
0.0313627
0.0322193
0.0331147
0.0338603
0.03463
0.03552
0.0364212
0.0372883
0.0381785
0.0390985
0.0400262
0.0409709
0.0419674
0.0429517
0.0439312
0.0449922
0.0460464
0.0470802
0.0481682
0.0493245
0.0504389
0.0515712
0.0527567
0.0539874
0.0551927
0.0564401
0.0577176
0.0590155
0.0603527
0.0616982
0.0630794
0.0644625
0.0659168
0.0673577
0.0688564
0.0703601
0.0718927
0.0734705
0.075058
0.0766905
0.0783367
0.0800239
0.0817582
0.083487
0.0852921
0.0871147
0.0889727
0.0907331
0.0922525
0.0069886
0.00782211
0.00881845
0.00975626
0.0105326
0.0111099
0.0114994
0.0117285
0.0118422
0.01188
0.0118923
0.0119196
0.0119651
0.012045
0.0121678
0.0123506
0.0126077
0.0129178
0.0132692
0.0136307
0.0140008
0.0143994
0.0148014
0.0152085
0.015599
0.0159996
0.016451
0.0169247
0.0173743
0.0178137
0.0182772
0.0187461
0.0192471
0.0197913
0.0203047
0.0208478
0.0214698
0.022058
0.0225565
0.0230967
0.0237851
0.0245509
0.0251794
0.0256258
0.0262406
0.0271622
0.0279384
0.0284064
0.0290747
0.0300184
0.0307713
0.0313817
0.0322087
0.033123
0.0338845
0.0346403
0.0355205
0.0364281
0.0373003
0.0381863
0.0391061
0.0400344
0.0409746
0.041974
0.0429625
0.0439371
0.0449942
0.0460554
0.0470873
0.0481715
0.0493328
0.0504484
0.0515763
0.0527627
0.0539946
0.0551994
0.0564462
0.0577235
0.0590211
0.0603579
0.0617029
0.0630835
0.064467
0.0659203
0.0673619
0.0688592
0.0703622
0.0718951
0.0734738
0.0750605
0.0766927
0.078341
0.0800276
0.0817624
0.0834922
0.0852991
0.0871234
0.0889813
0.0907439
0.0922648
0.00711766
0.00793093
0.00891332
0.00983987
0.0106098
0.0111828
0.0115632
0.0117799
0.0118838
0.0119194
0.0119292
0.0119547
0.0120072
0.0120958
0.012229
0.0124166
0.0126727
0.0129817
0.0133301
0.0136998
0.0140715
0.0144644
0.0148647
0.01527
0.0156682
0.0160643
0.0164956
0.0169578
0.0174181
0.0178676
0.0183241
0.0187923
0.0192804
0.0198155
0.02035
0.0208881
0.0214835
0.0220799
0.0226031
0.0231415
0.0237916
0.0245288
0.0252137
0.0257147
0.0262435
0.0271025
0.0279783
0.0284831
0.0290615
0.0299957
0.0308125
0.0314109
0.0321956
0.0331259
0.0339106
0.0346551
0.0355212
0.0364335
0.0373125
0.0381942
0.0391131
0.0400435
0.0409783
0.0419793
0.0429741
0.0439448
0.0450076
0.0460676
0.047096
0.0481759
0.0493416
0.0504587
0.0515826
0.0527694
0.0540019
0.0552063
0.0564527
0.0577297
0.0590275
0.0603635
0.0617077
0.0630876
0.0644712
0.0659238
0.0673663
0.0688629
0.0703651
0.071899
0.073478
0.075064
0.076696
0.0783464
0.0800323
0.0817671
0.0834984
0.0853063
0.087132
0.0889905
0.0907547
0.0922772
0.00726687
0.00805214
0.00901123
0.00991784
0.0106712
0.0112304
0.0115966
0.0117981
0.0118876
0.0119186
0.0119297
0.0119581
0.0120209
0.0121247
0.0122736
0.0124741
0.0127357
0.0130468
0.0133934
0.0137642
0.0141389
0.0145268
0.0149263
0.0153295
0.0157292
0.0161249
0.0165404
0.0169912
0.0174532
0.017914
0.0183722
0.0188383
0.0193225
0.0198428
0.0203849
0.0209298
0.0215026
0.0220976
0.0226429
0.0231811
0.0238083
0.024514
0.0252167
0.0257904
0.0262847
0.0270377
0.0279734
0.0285712
0.0290708
0.0299536
0.0308435
0.031452
0.0321819
0.0331195
0.0339355
0.0346735
0.035522
0.0364363
0.0373239
0.0382027
0.0391197
0.0400537
0.040983
0.0419834
0.0429854
0.0439524
0.0450048
0.0460753
0.0471041
0.0481784
0.0493485
0.0504673
0.0515883
0.0527752
0.0540083
0.0552124
0.0564585
0.0577349
0.059033
0.060368
0.0617118
0.0630916
0.0644752
0.065927
0.0673696
0.0688651
0.0703664
0.0719016
0.0734809
0.075066
0.0766982
0.0783507
0.080036
0.0817708
0.083504
0.0853135
0.0871401
0.0889981
0.090765
0.0922891
0.00744542
0.00819346
0.00911474
0.00998704
0.0107104
0.0112441
0.011586
0.0117676
0.0118404
0.0118645
0.0118792
0.0119168
0.0119957
0.0121224
0.0122978
0.0125201
0.0127943
0.01311
0.0134558
0.0138222
0.0141978
0.0145859
0.0149845
0.0153875
0.0157846
0.0161807
0.016585
0.0170238
0.0174849
0.0179514
0.018418
0.0188853
0.0193689
0.0198786
0.0204157
0.02097
0.0215321
0.0221187
0.0226833
0.0232227
0.0238326
0.0245192
0.0252131
0.0258457
0.0263624
0.0270067
0.02793
0.0286539
0.0291241
0.0299081
0.030857
0.0315094
0.0321779
0.0331049
0.0339599
0.0346988
0.0355265
0.0364379
0.0373338
0.0382112
0.0391263
0.0400645
0.0409887
0.041987
0.0429966
0.0439607
0.0450085
0.0460858
0.047115
0.0481838
0.0493564
0.0504773
0.0515963
0.0527824
0.0540156
0.0552198
0.0564657
0.057742
0.0590405
0.0603738
0.0617167
0.0630967
0.0644802
0.0659317
0.0673749
0.0688698
0.0703701
0.0719065
0.0734855
0.0750695
0.0767023
0.0783567
0.0800411
0.0817756
0.0835106
0.085321
0.0871482
0.0890071
0.0907757
0.0923008
0.00767298
0.00837837
0.00924496
0.0100592
0.0107266
0.0112127
0.011514
0.0116656
0.0117204
0.0117393
0.0117627
0.0118173
0.0119214
0.0120804
0.0122939
0.0125485
0.0128412
0.0131635
0.0135064
0.0138642
0.0142345
0.0146248
0.0150238
0.0154281
0.0158247
0.016221
0.0166213
0.017049
0.0175096
0.0179785
0.0184527
0.018927
0.0194079
0.0199119
0.020437
0.0209931
0.0215572
0.0221329
0.0227118
0.0232575
0.0238488
0.024526
0.0252043
0.0258627
0.0264366
0.0270123
0.0278566
0.0286891
0.0292061
0.0298716
0.0308333
0.0315664
0.0321869
0.0330772
0.033974
0.0347279
0.035532
0.0364378
0.0373417
0.0382182
0.0391329
0.0400762
0.0409949
0.0419893
0.0430068
0.0439692
0.0450086
0.0460924
0.0471245
0.0481873
0.0493616
0.0504852
0.051604
0.0527882
0.054021
0.055226
0.056471
0.0577469
0.0590463
0.0603779
0.0617199
0.063101
0.0644837
0.0659343
0.0673773
0.0688715
0.0703715
0.0719095
0.0734887
0.0750716
0.0767054
0.0783613
0.080045
0.0817793
0.0835167
0.0853284
0.0871552
0.089012
0.0907857
0.0923121
0.00796324
0.00863688
0.0094391
0.0101734
0.0107581
0.0111708
0.011413
0.0115253
0.0115666
0.0115939
0.0116422
0.01173
0.0118728
0.0120682
0.0123144
0.0125951
0.0128999
0.013224
0.0135598
0.0139084
0.0142696
0.0146569
0.0150554
0.0154592
0.0158604
0.016258
0.0166604
0.0170805
0.0175371
0.0180097
0.0184868
0.018972
0.0194522
0.0199534
0.0204709
0.0210184
0.0215881
0.0221579
0.0227408
0.0233002
0.0238753
0.024539
0.0252108
0.025867
0.0264955
0.0270641
0.0278019
0.0286779
0.029303
0.0298822
0.0307897
0.0316141
0.0322261
0.0330506
0.033977
0.0347639
0.0355435
0.0364377
0.0373494
0.0382231
0.0391381
0.0400895
0.0410029
0.041991
0.0430171
0.0439788
0.0450106
0.0461011
0.0471372
0.0481929
0.049366
0.0504938
0.0516136
0.0527944
0.054026
0.0552339
0.0564781
0.0577539
0.0590541
0.0603834
0.061724
0.0631066
0.0644892
0.0659394
0.0673827
0.068876
0.0703754
0.071914
0.0734926
0.0750744
0.0767094
0.0783671
0.0800496
0.081784
0.0835233
0.085336
0.0871631
0.0890354
0.0907965
0.092323
0.00804559
0.00855628
0.0091859
0.00977309
0.0102585
0.0106189
0.010867
0.0110416
0.0111803
0.011316
0.0114693
0.0116474
0.0118568
0.0120937
0.0123614
0.0126515
0.0129547
0.013272
0.0135984
0.0139389
0.014292
0.0146691
0.0150639
0.0154672
0.0158772
0.0162835
0.0166918
0.0171124
0.017561
0.0180349
0.0185118
0.0190027
0.0194854
0.0199823
0.0204989
0.0210349
0.0216056
0.0221786
0.0227596
0.0233346
0.0239039
0.0245472
0.0252198
0.02587
0.0265263
0.0271301
0.0277849
0.0286306
0.0293679
0.029931
0.0307407
0.0316237
0.0322791
0.0330316
0.0339592
0.0347963
0.0355603
0.0364358
0.0373565
0.0382274
0.0391404
0.0401031
0.041013
0.0419904
0.0430242
0.0439863
0.0450093
0.0461052
0.0471508
0.0481996
0.0493682
0.0505032
0.0516266
0.0528011
0.0540301
0.0552417
0.0564846
0.0577594
0.0590605
0.0603877
0.0617276
0.0631117
0.0644934
0.0659422
0.0673854
0.0688783
0.0703784
0.0719187
0.073497
0.0750778
0.0767141
0.0783725
0.080054
0.0817882
0.0835297
0.085344
0.0871658
0.0890412
0.0908059
0.0923334
0.00997102
0.00981654
0.00957289
0.00940775
0.00937718
0.00950682
0.00976708
0.0101078
0.0104823
0.0108578
0.0112224
0.0115607
0.0118715
0.0121583
0.0124375
0.01272
0.0130105
0.0133155
0.0136325
0.0139671
0.014314
0.0146772
0.0150622
0.0154652
0.0158816
0.0162984
0.0167123
0.0171373
0.0175816
0.018055
0.0185361
0.0190289
0.0195193
0.0200135
0.0205291
0.0210568
0.0216181
0.0221981
0.0227764
0.0233611
0.0239349
0.0245517
0.0252188
0.0258698
0.0265324
0.0271758
0.0277985
0.0285764
0.0293842
0.0299991
0.0307189
0.0316032
0.0323338
0.03304
0.033932
0.0348192
0.0355868
0.0364356
0.0373655
0.0382344
0.0391399
0.0401145
0.0410275
0.0419914
0.0430315
0.0440011
0.0450118
0.0461075
0.0471652
0.0482067
0.0493643
0.0505082
0.051639
0.0528045
0.05403
0.0552485
0.0564914
0.0577651
0.0590665
0.0603906
0.0617304
0.0631167
0.064498
0.065946
0.0673899
0.0688818
0.0703812
0.0719219
0.073499
0.0750792
0.0767173
0.0783772
0.0800575
0.081792
0.083536
0.0853524
0.0871926
0.0890491
0.0908153
0.0923434
0.00964476
0.0093294
0.0089471
0.00869163
0.0086334
0.00878296
0.00911125
0.00955255
0.0100422
0.0105258
0.0109849
0.011403
0.0117777
0.0121146
0.0124261
0.0127291
0.0130303
0.0133404
0.0136579
0.0139926
0.0143379
0.0146946
0.0150715
0.015472
0.0158897
0.0163106
0.0167303
0.0171584
0.0176027
0.0180718
0.018556
0.0190494
0.0195458
0.0200437
0.0205548
0.0210833
0.0216334
0.0222185
0.0228011
0.0233876
0.0239753
0.0245704
0.0252251
0.0258857
0.0265488
0.0272197
0.0278443
0.0285584
0.0293745
0.0300618
0.0307354
0.0315706
0.0323677
0.0330716
0.0339055
0.0348224
0.0356177
0.0364394
0.0373657
0.0382456
0.0391375
0.0401168
0.0410446
0.0419921
0.0430301
0.0440145
0.0450138
0.0461068
0.0471827
0.048221
0.0493624
0.0505171
0.0516603
0.0528142
0.0540319
0.0552575
0.0565012
0.0577729
0.0590743
0.060395
0.0617354
0.063124
0.0645031
0.0659489
0.0673932
0.0688855
0.0703856
0.071928
0.0735048
0.0750842
0.0767237
0.0783837
0.0800626
0.0817968
0.0835423
0.0853598
0.0871948
0.0890558
0.0908228
0.0923527
0.0104176
0.010188
0.0098243
0.0095099
0.00932438
0.00928609
0.00939817
0.00963132
0.00995402
0.010329
0.010731
0.0111392
0.0115368
0.0119198
0.0122834
0.0126393
0.012984
0.0133271
0.0136666
0.0140126
0.0143648
0.0147224
0.0150941
0.0154819
0.0158893
0.0163021
0.0167241
0.0171574
0.0176061
0.018077
0.0185624
0.0190608
0.0195592
0.0200634
0.0205693
0.0210984
0.0216449
0.0222234
0.0228142
0.0233965
0.0239937
0.0245808
0.0252128
0.0258831
0.0265448
0.0272265
0.0278718
0.0285491
0.0293424
0.030085
0.0307651
0.0315443
0.03237
0.0331121
0.0338949
0.0348051
0.0356469
0.0364511
0.0373592
0.0382602
0.0391367
0.0401143
0.0410682
0.0419958
0.0430253
0.0440328
0.0450173
0.0460994
0.0471991
0.0482323
0.0493502
0.0505164
0.0516762
0.0528179
0.0540267
0.0552605
0.0565078
0.0577786
0.0590785
0.0603947
0.0617368
0.0631291
0.0645073
0.0659514
0.0673964
0.0688885
0.070388
0.0719302
0.0735057
0.0750848
0.0767261
0.078387
0.0800649
0.0817998
0.0835471
0.0853652
0.0871992
0.0890615
0.0908297
0.0923525
0.00835648
0.00863109
0.00901234
0.00935113
0.00960828
0.009784
0.00991569
0.0100424
0.0101993
0.0104104
0.01068
0.0110091
0.0113784
0.011773
0.0121683
0.0125613
0.0129425
0.0133142
0.0136787
0.0140367
0.0144
0.0147643
0.0151346
0.0155091
0.0158982
0.0163004
0.0167209
0.0171644
0.0176178
0.0180924
0.0185758
0.019074
0.0195736
0.0200789
0.0205879
0.0211154
0.0216686
0.02224
0.0228326
0.0234184
0.0240122
0.024609
0.0252225
0.0258936
0.0265639
0.0272363
0.0279084
0.0285734
0.0293294
0.0300952
0.0307968
0.0315455
0.0323578
0.0331422
0.0339113
0.0347778
0.0356639
0.0364764
0.0373456
0.0382757
0.0391445
0.0400987
0.0410899
0.0420072
0.0430097
0.0440495
0.0450277
0.0460865
0.0472179
0.0482582
0.0493443
0.05052
0.0517025
0.0528313
0.0540282
0.0552676
0.0565176
0.0577886
0.0590876
0.0603979
0.0617408
0.0631368
0.0645125
0.065954
0.067399
0.0688925
0.0703931
0.0719367
0.0735118
0.0750905
0.0767334
0.0783936
0.0800703
0.0818046
0.0835527
0.0853711
0.087202
0.0890665
0.0908352
0.0923628
0.0105341
0.0101661
0.00964172
0.00917459
0.00886447
0.00874027
0.00880185
0.00902696
0.00937518
0.0098083
0.0102813
0.0107679
0.0112424
0.0116951
0.0121227
0.0125297
0.012923
0.0133032
0.0136749
0.0140357
0.0143997
0.0147657
0.0151327
0.0155011
0.015876
0.0162749
0.0167003
0.0171567
0.0176207
0.0180977
0.0185828
0.0190765
0.0195777
0.0200811
0.0205945
0.0211225
0.0216768
0.0222502
0.0228349
0.0234282
0.0240156
0.0246157
0.0252282
0.0258871
0.02657
0.0272289
0.0279129
0.0285933
0.0293185
0.0300912
0.0308119
0.0315555
0.0323506
0.0331485
0.0339408
0.0347617
0.0356573
0.036508
0.0373349
0.0382775
0.0391679
0.0400796
0.0410995
0.0420309
0.0429951
0.0440571
0.0450466
0.0460711
0.04722
0.0482808
0.0493361
0.0505082
0.0517162
0.0528394
0.0540235
0.0552687
0.0565217
0.057793
0.059093
0.0603985
0.0617409
0.0631412
0.0645169
0.0659566
0.0674016
0.0688951
0.0703951
0.0719387
0.0735131
0.0750909
0.0767349
0.0783961
0.0800719
0.0818062
0.0835555
0.0853743
0.0872053
0.0890703
0.0908407
0.0923667
0.00979737
0.00931459
0.00872417
0.00824676
0.00797425
0.00793236
0.00811114
0.00847243
0.00895927
0.00951597
0.0100908
0.0106543
0.011186
0.0116755
0.0121228
0.0125345
0.0129244
0.0132991
0.0136663
0.0140279
0.0143915
0.0147574
0.0151222
0.0154894
0.0158589
0.0162554
0.016687
0.0171502
0.0176215
0.0180981
0.0185823
0.019073
0.0195729
0.0200767
0.0205909
0.0211228
0.0216753
0.0222515
0.0228336
0.0234289
0.0240185
0.0246158
0.0252361
0.0258899
0.0265766
0.0272366
0.0279153
0.0286087
0.0293232
0.0300877
0.0308178
0.0315608
0.0323503
0.0331438
0.0339527
0.0347658
0.0356451
0.0365241
0.0373429
0.038272
0.0391849
0.040078
0.041092
0.0420485
0.042993
0.0440532
0.0450636
0.0460746
0.0472205
0.0483018
0.0493501
0.0505101
0.0517299
0.0528562
0.0540308
0.055275
0.0565302
0.0578
0.0591009
0.0604048
0.0617447
0.0631459
0.0645212
0.0659597
0.0674044
0.0688993
0.0704001
0.0719448
0.0735203
0.0750973
0.076742
0.0784025
0.0800778
0.0818107
0.0835593
0.0853785
0.0872075
0.0890747
0.0908454
0.0923746
)
;

boundaryField
{
    zeroGradientPlanes
    {
        type            zeroGradient;
    }
    inlet
    {
        type            zeroGradient;
    }
    plate
    {
        type            zeroGradient;
    }
    frontAndBack
    {
        type            empty;
    }
}


// ************************************************************************* //
